      1000     307       1      12       0    12246.07       -3.267048    
      2000     320       1      12       1    12764.64       -3.356365    
      3000     314       1      12       1    12525.30       -3.223853    
      4000     295       1      12       2    11767.40       -3.140950    
      5000     314       1      12       3    12525.30       -3.058892    
      6000     310       1      12       3    12365.74       -3.396936    
      7000     296       1      12       4    11807.29       -2.937908    
      8000     319       1      12       5    12724.75       -3.364487    
      9000     327       1      12       6    13043.86       -3.352821    
     10000     338       1      12       6    13482.65       -3.155317    
     11000     313       1      12       7    12485.41       -3.354590    
     12000     295       1      11       8    11767.40       -3.245817    
     13000     305       1      11       8    12166.30       -3.197065    
     14000     308       1      11       9    12285.96       -3.283217    
     15000     314       1      11      10    12525.30       -3.156199    
     16000     299       1      11      10    11926.96       -3.426422    
     17000     302       1      11      11    12046.63       -3.316643    
     18000     290       1      11      11    11567.95       -3.274376    
     19000     259       1      10      12    10331.38       -2.926978    
     20000     282       1      10      13    11248.84       -2.989802    
     21000     255       1      10      13    10171.82       -2.956361    
     22000     270       1      10      14    10770.16       -3.159763    
     23000     273       1      10      14    10889.83       -3.156156    
     24000     278       1      10      15    11089.28       -3.154142    
     25000     280       1      10      15    11169.06       -3.284585    
     26000     263       1      10      16    10490.94       -2.947673    
     27000     272       1      10      17    10849.94       -3.155210    
     28000     293       1      10      17    11687.62       -3.256491    
     29000     258       1      10      18    10291.49       -2.995908    
     30000     267       1      10      18    10650.49       -3.265464    
     31000     285       1      10      19    11368.51       -3.252346    
     32000     274       1      10      19    10929.72       -3.035824    
     33000     253       1      10      20    10092.04       -2.871765    
     34000     265       1      10      20    10570.72       -3.005467    
     35000     260       1      10      21    10371.27       -3.093218    
     36000     261       1      10      21    10411.16       -3.187080    
     37000     276       1      10      22    11009.50       -3.059397    
     38000     266       1      10      23    10610.60       -3.120012    
     39000     246       1      10      23    9812.815       -2.931834    
     40000     277       1      10      24    11049.39       -3.332460    
     41000     245       1      10      24    9772.926       -2.907733    
     42000     291       1      10      25    11607.84       -3.232300    
     43000     250       1      10      25    9972.373       -3.166148    
     44000     284       1      10      26    11328.62       -3.377633    
     45000     290       1      10      26    11567.95       -3.202350    
     46000     274       1      10      27    10929.72       -3.133483    
     47000     260       1      10      28    10371.27       -2.996030    
     48000     273       1      10      28    10889.83       -3.137924    
     49000     246       1      10      29    9812.815       -3.124425    
     50000     279       1      10      29    11129.17       -3.053955    
     51000     280       1      11      30    11169.06       -3.159353    
     52000     282       1      11      30    11248.84       -3.143742    
     53000     285       1      11      31    11368.51       -3.156528    
     54000     305       1      11      32    12166.30       -3.321432    
     55000     296       1      11      32    11807.29       -3.175599    
     56000     269       1      11      33    10730.27       -3.024412    
     57000     297       1      11      33    11847.18       -3.326257    
     58000     272       1      11      34    10849.94       -3.142502    
     59000     281       1      11      35    11208.95       -3.306288    
     60000     302       1      11      35    12046.63       -3.216867    
     61000     291       1      11      36    11607.84       -3.339096    
     62000     273       1      11      36    10889.83       -3.013555    
     63000     285       1      11      37    11368.51       -2.982973    
     64000     332       1      12      38    13243.31       -3.412378    
     65000     334       1      12      38    13323.09       -3.367649    
     66000     339       1      12      39    13522.54       -3.241016    
     67000     324       1      13      40    12924.20       -3.448870    
     68000     349       1      13      40    13921.43       -3.489222    
     69000     334       1      13      41    13323.09       -3.490279    
     70000     366       1      13      42    14599.55       -3.595103    
     71000     339       1      13      42    13522.54       -3.401714    
     72000     320       1      13      43    12764.64       -3.262046    
     73000     320       1      13      44    12764.64       -3.299311    
     74000     328       1      13      44    13083.75       -3.461207    
     75000     341       1      13      45    13602.32       -3.325139    
     76000     353       1      13      46    14080.99       -3.494346    
     77000     362       1      13      47    14440.00       -3.421925    
     78000     319       1      13      47    12724.75       -3.273354    
     79000     365       1      13      48    14559.66       -3.379828    
     80000     324       1      13      49    12924.20       -3.440869    
     81000     352       1      13      49    14041.10       -3.544319    
     82000     336       1      12      50    13402.87       -3.419573    
     83000     305       1      12      51    12166.30       -3.374406    
     84000     339       1      12      51    13522.54       -3.350556    
     85000     340       1      13      52    13562.43       -3.237280    
     86000     333       1      13      53    13283.20       -3.236276    
     87000     344       1      13      53    13721.99       -3.437049    
     88000     349       1      13      54    13921.43       -3.431614    
     89000     332       1      13      55    13243.31       -3.362826    
     90000     350       1      13      56    13961.32       -3.402547    
     91000     318       1      13      56    12684.86       -3.317801    
     92000     339       1      13      57    13522.54       -3.296258    
     93000     332       1      13      58    13243.31       -3.488241    
     94000     351       1      13      58    14001.21       -3.397417    
     95000     328       1      13      59    13083.75       -3.343775    
     96000     327       1      13      60    13043.86       -3.337442    
     97000     358       1      13      60    14280.44       -3.494796    
     98000     318       1      13      61    12684.86       -3.298813    
     99000     344       1      14      62    13721.99       -3.527164    
    100000     366       1      14      63    14599.55       -3.474619    
    101000     388       1      14      63    15477.12       -3.453062    
    102000     383       1      14      64    15277.68       -3.490572    
    103000     346       1      14      65    13801.76       -3.220038    
    104000     351       1      14      66    14001.21       -3.514563    
    105000     348       1      14      66    13881.54       -3.301346    
    106000     366       1      14      67    14599.55       -3.443549    
    107000     343       1      14      68    13682.10       -3.479234    
    108000     348       1      14      69    13881.54       -3.282574    
    109000     382       1      14      69    15237.79       -3.469303    
    110000     373       1      14      70    14878.78       -3.463933    
    111000     350       1      14      71    13961.32       -3.350506    
    112000     382       1      14      72    15237.79       -3.456790    
    113000     346       1      14      72    13801.76       -3.548399    
    114000     375       1      14      73    14958.56       -3.528347    
    115000     343       1      14      74    13682.10       -3.357812    
    116000     350       1      14      75    13961.32       -3.352515    
    117000     389       1      15      76    15517.01       -3.558606    
    118000     372       1      15      76    14838.89       -3.424748    
    119000     388       1      15      77    15477.12       -3.451521    
    120000     392       1      15      78    15636.68       -3.421269    
    121000     390       1      15      79    15556.90       -3.502695    
    122000     414       1      15      80    16514.25       -3.429846    
    123000     391       1      15      80    15596.79       -3.513639    
    124000     409       1      15      81    16314.80       -3.403543    
    125000     371       1      15      82    14799.00       -3.314185    
    126000     414       1      15      83    16514.25       -3.586731    
    127000     382       1      15      84    15237.79       -3.532052    
    128000     387       1      15      85    15437.23       -3.356849    
    129000     389       1      15      85    15517.01       -3.656407    
    130000     369       1      15      86    14719.22       -3.529013    
    131000     379       1      15      87    15118.12       -3.562111    
    132000     405       1      15      88    16155.24       -3.544152    
    133000     369       1      15      89    14719.22       -3.472695    
    134000     379       1      15      89    15118.12       -3.526611    
    135000     371       1      15      90    14799.00       -3.422085    
    136000     378       1      15      91    15078.23       -3.574083    
    137000     379       1      15      92    15118.12       -3.594103    
    138000     398       1      15      93    15876.02       -3.383550    
    139000     379       1      15      94    15118.12       -3.405865    
    140000     382       1      15      95    15237.79       -3.409679    
    141000     380       1      15      95    15158.01       -3.639600    
    142000     399       1      15      96    15915.91       -3.572517    
    143000     403       1      15      97    16075.47       -3.439164    
    144000     383       1      14      98    15277.68       -3.519722    
    145000     363       1      14      99    14479.89       -3.649376    
    146000     380       1      14     100    15158.01       -3.349228    
    147000     349       1      14     101    13921.43       -3.393693    
    148000     390       1      15     102    15556.90       -3.403524    
    149000     391       1      15     102    15596.79       -3.560444    
    150000     400       1      15     103    15955.80       -3.506333    
    151000     378       1      15     104    15078.23       -3.445146    
    152000     389       1      15     105    15517.01       -3.412361    
    153000     363       1      14     106    14479.89       -3.509700    
    154000     381       1      14     107    15197.90       -3.455574    
    155000     368       1      15     108    14679.33       -3.516384    
    156000     403       1      15     109    16075.47       -3.637680    
    157000     381       1      15     109    15197.90       -3.445458    
    158000     410       1      15     110    16354.69       -3.641414    
    159000     399       1      15     111    15915.91       -3.532394    
    160000     369       1      15     112    14719.22       -3.442548    
    161000     400       1      15     113    15955.80       -3.416876    
    162000     380       1      14     114    15158.01       -3.517692    
    163000     368       1      14     115    14679.33       -3.517212    
    164000     390       1      14     115    15556.90       -3.506102    
    165000     383       1      14     116    15277.68       -3.510191    
    166000     391       1      14     117    15596.79       -3.589622    
    167000     371       1      14     118    14799.00       -3.488027    
    168000     364       1      14     119    14519.78       -3.465190    
    169000     391       1      14     119    15596.79       -3.651333    
    170000     347       1      14     120    13841.65       -3.425453    
    171000     381       1      14     121    15197.90       -3.568200    
    172000     343       1      14     122    13682.10       -3.331517    
    173000     375       1      14     123    14958.56       -3.500013    
    174000     343       1      14     123    13682.10       -3.415532    
    175000     343       1      14     124    13682.10       -3.365371    
    176000     347       1      14     125    13841.65       -3.417443    
    177000     386       1      14     126    15397.34       -3.505187    
    178000     380       1      14     127    15158.01       -3.635577    
    179000     355       1      14     127    14160.77       -3.450590    
    180000     358       1      14     128    14280.44       -3.323025    
    181000     367       1      14     129    14639.44       -3.386829    
    182000     362       1      14     130    14440.00       -3.367834    
    183000     376       1      14     131    14998.45       -3.488002    
    184000     369       1      14     132    14719.22       -3.406444    
    185000     372       1      14     132    14838.89       -3.538279    
    186000     348       1      14     133    13881.54       -3.233565    
    187000     345       1      14     134    13761.87       -3.565801    
    188000     374       1      14     135    14918.67       -3.554432    
    189000     365       1      14     136    14559.66       -3.306894    
    190000     388       1      14     137    15477.12       -3.521111    
    191000     357       1      14     138    14240.55       -3.417847    
    192000     381       1      14     138    15197.90       -3.609430    
    193000     372       1      14     139    14838.89       -3.470239    
    194000     371       1      14     140    14799.00       -3.380562    
    195000     356       1      14     141    14200.66       -3.341652    
    196000     348       1      14     142    13881.54       -3.249229    
    197000     363       1      14     143    14479.89       -3.447779    
    198000     388       1      14     143    15477.12       -3.578459    
    199000     390       1      15     144    15556.90       -3.361271    
    200000     403       1      15     145    16075.47       -3.535928    
    201000     411       1      15     146    16394.58       -3.533032    
    202000     402       1      15     147    16035.58       -3.529636    
    203000     406       1      16     148    16195.13       -3.542813    
    204000     402       1      16     149    16035.58       -3.519738    
    205000     417       1      16     150    16633.92       -3.457381    
    206000     432       1      16     151    17232.26       -3.558180    
    207000     425       1      17     152    16953.03       -3.575673    
    208000     450       1      17     153    17950.27       -3.593785    
    209000     418       1      17     154    16673.81       -3.553516    
    210000     416       1      17     154    16594.03       -3.485086    
    211000     458       1      17     155    18269.39       -3.526589    
    212000     455       1      17     156    18149.72       -3.616902    
    213000     435       1      17     157    17351.93       -3.547106    
    214000     484       1      18     158    19306.51       -3.672385    
    215000     469       1      18     159    18708.17       -3.583890    
    216000     486       1      18     160    19386.29       -3.557007    
    217000     454       1      18     161    18109.83       -3.588900    
    218000     478       1      18     162    19067.18       -3.614028    
    219000     463       1      18     163    18468.83       -3.602416    
    220000     487       1      18     164    19426.18       -3.628140    
    221000     484       1      18     165    19306.51       -3.637504    
    222000     456       1      18     166    18189.61       -3.541533    
    223000     474       1      18     167    18907.62       -3.702235    
    224000     473       1      18     168    18867.73       -3.615010    
    225000     468       1      18     169    18668.28       -3.533380    
    226000     505       1      19     170    20144.19       -3.674617    
    227000     507       1      19     171    20223.97       -3.693539    
    228000     527       1      20     172    21021.76       -3.708545    
    229000     510       1      20     173    20343.64       -3.737353    
    230000     560       1      21     175    22338.12       -3.759535    
    231000     538       1      21     176    21460.55       -3.705964    
    232000     533       1      21     177    21261.10       -3.769717    
    233000     564       1      22     178    22497.67       -3.714457    
    234000     557       1      22     179    22218.45       -3.667371    
    235000     548       1      22     181    21859.44       -3.765654    
    236000     550       1      22     182    21939.22       -3.868035    
    237000     576       1      22     183    22976.35       -3.777176    
    238000     593       1      23     184    23654.47       -3.745012    
    239000     569       1      23     186    22697.12       -3.728504    
    240000     574       1      23     187    22896.57       -3.693010    
    241000     584       1      23     188    23295.46       -3.811594    
    242000     561       1      23     190    22378.00       -3.837903    
    243000     591       1      23     191    23574.69       -3.836777    
    244000     563       1      23     192    22457.78       -3.820278    
    245000     581       1      23     193    23175.79       -3.772024    
    246000     571       1      23     195    22776.90       -3.789913    
    247000     575       1      23     196    22936.46       -3.778216    
    248000     584       1      23     197    23295.46       -3.822901    
    249000     594       1      23     198    23694.36       -3.806307    
    250000     605       1      23     200    24133.14       -3.770875    
    251000     603       1      23     201    24053.36       -3.801537    
    252000     596       1      23     202    23774.14       -3.877908    
    253000     603       1      23     203    24053.36       -3.912102    
    254000     569       1      23     205    22697.12       -3.890777    
    255000     594       1      23     206    23694.36       -3.675149    
    256000     593       1      23     207    23654.47       -3.835968    
    257000     614       1      24     209    24492.15       -3.788233    
    258000     616       1      24     210    24571.93       -3.809653    
    259000     614       1      24     211    24492.15       -3.876196    
    260000     621       1      24     213    24771.37       -3.852546    
    261000     624       1      24     214    24891.04       -3.924567    
    262000     616       1      24     215    24571.93       -3.882017    
    263000     631       1      25     217    25170.27       -3.909952    
    264000     641       1      25     218    25569.16       -4.009023    
    265000     631       1      25     219    25170.27       -3.976516    
    266000     661       1      26     221    26366.95       -4.021881    
    267000     679       1      27     222    27084.96       -4.108531    
    268000     685       1      28     224    27324.30       -4.245222    
    269000     690       1      28     225    27523.75       -4.247840    
    270000     691       1      27     227    27563.64       -4.256130    
    271000     678       1      27     228    27045.08       -4.128830    
    272000     660       1      26     230    26327.06       -4.003769    
    273000     663       1      26     231    26446.73       -4.045829    
    274000     666       1      27     233    26566.40       -4.111650    
    275000     668       1      27     234    26646.18       -4.048108    
    276000     680       1      27     236    27124.85       -4.188489    
    277000     689       1      27     237    27483.86       -4.208876    
    278000     682       1      27     239    27204.63       -4.153656    
    279000     688       1      27     240    27443.97       -4.170725    
    280000     696       1      27     242    27763.09       -4.234653    
    281000     692       1      27     243    27603.53       -4.242914    
    282000     687       1      27     245    27404.08       -4.172586    
    283000     680       1      27     246    27124.85       -4.192198    
    284000     687       1      28     248    27404.08       -4.217727    
    285000     688       1      28     249    27443.97       -4.219794    
    286000     686       1      28     251    27364.19       -4.198911    
    287000     693       1      28     252    27643.42       -4.202232    
    288000     710       1      28     254    28321.54       -4.318848    
    289000     719       1      28     255    28680.54       -4.392393    
    290000     719       1      28     257    28680.54       -4.420897    
    291000     725       1      28     259    28919.88       -4.404155    
    292000     725       1      28     260    28919.88       -4.412215    
    293000     721       1      28     262    28760.32       -4.430750    
    294000     727       1      28     263    28999.66       -4.441890    
    295000     727       1      28     265    28999.66       -4.390342    
    296000     728       1      28     267    29039.55       -4.437061    
    297000     726       1      28     268    28959.77       -4.416344    
    298000     730       1      29     270    29119.33       -4.454751    
    299000     727       1      29     271    28999.66       -4.433818    
    300000     729       1      29     273    29079.44       -4.476105    
    301000     732       1      29     275    29199.11       -4.443922    
    302000     739       1      29     276    29478.33       -4.518659    
    303000     744       1      29     278    29677.78       -4.558617    
    304000     748       1      29     280    29837.34       -4.552390    
    305000     752       1      29     281    29996.90       -4.555382    
    306000     746       1      29     283    29757.56       -4.557771    
    307000     747       1      29     285    29797.45       -4.582112    
    308000     747       1      29     286    29797.45       -4.533723    
    309000     745       1      29     288    29717.67       -4.553276    
    310000     735       1      29     289    29318.78       -4.452030    
    311000     742       1      30     291    29598.00       -4.546492    
    312000     740       1      29     293    29518.22       -4.512504    
    313000     742       1      29     294    29598.00       -4.534148    
    314000     736       1      30     296    29358.67       -4.579701    
    315000     740       1      29     298    29518.22       -4.563947    
    316000     737       1      29     299    29398.56       -4.552266    
    317000     733       1      29     301    29239.00       -4.513488    
    318000     736       1      30     302    29358.67       -4.522837    
    319000     731       1      30     304    29159.22       -4.499920    
    320000     732       1      30     306    29199.11       -4.503576    
    321000     734       1      30     307    29278.89       -4.526166    
    322000     739       1      30     309    29478.33       -4.535182    
    323000     729       1      30     311    29079.44       -4.476751    
    324000     738       1      29     312    29438.45       -4.544101    
    325000     729       1      29     314    29079.44       -4.530937    
    326000     736       1      29     315    29358.67       -4.527163    
    327000     734       1      30     317    29278.89       -4.529334    
    328000     735       1      29     319    29318.78       -4.525919    
    329000     735       1      29     320    29318.78       -4.529300    
    330000     725       1      28     322    28919.88       -4.501083    
    331000     719       1      28     324    28680.54       -4.448478    
    332000     716       1      28     325    28560.88       -4.446935    
    333000     718       1      28     327    28640.66       -4.451799    
    334000     713       1      28     328    28441.21       -4.413092    
    335000     704       1      28     330    28082.20       -4.349451    
    336000     702       1      28     331    28002.42       -4.340450    
    337000     710       1      29     333    28321.54       -4.366842    
    338000     715       1      29     334    28520.99       -4.386572    
    339000     722       1      29     336    28800.21       -4.441398    
    340000     707       1      29     338    28201.87       -4.371735    
    341000     710       1      29     339    28321.54       -4.373089    
    342000     710       1      29     341    28321.54       -4.316139    
    343000     716       1      29     342    28560.88       -4.381060    
    344000     708       1      29     344    28241.76       -4.335898    
    345000     706       1      29     346    28161.98       -4.327193    
    346000     725       1      29     347    28919.88       -4.455222    
    347000     707       1      28     349    28201.87       -4.318472    
    348000     698       1      28     350    27842.87       -4.315481    
    349000     682       1      28     352    27204.63       -4.164231    
    350000     688       1      28     353    27443.97       -4.232549    
    351000     682       1      28     355    27204.63       -4.177248    
    352000     692       1      28     356    27603.53       -4.264566    
    353000     701       1      27     358    27962.53       -4.303380    
    354000     698       1      27     359    27842.87       -4.265672    
