         353          13         318         366
         353   1000.0000000000006     
           0  1517956071          -1           1
  0.13510335    
  0.11897518E-01  0.50000000E-01
   10.000000       25.000000    
   10.000000    

       1       1       1    3.462757380467503        2.502408124105568       0.3154902297355243    
       1       1       2    3.395073746373659        2.837331517546789        9.884469362014951    
       2       1       1    3.463216353644476        1.270028061567010       0.3084256645290399    
       2       1       2    3.974220980120204        1.469124787680158       0.3512469704923550    
       3       1       1    4.731475013563434       0.8732992863076446       0.3919879572157219    
       3       1       2    4.284729476582374       0.9669915802418643       0.8450631627974516E-01
       4       1       1    1.027145906515897        3.266888866874489       0.7018652136931800    
       4       1       2    1.037883913583740        2.720147603320761       0.6438779260938391    
       5       1       1    9.521724823752225       0.2157439812443508E-02   0.6435745971651128    
       5       1       2    9.498263699247564       0.3579066747195128       0.2248916736024401    
       6       1       1    9.538792959075451        1.320093927060138       0.9605311742906268    
       6       1       2    9.366080362822988        1.442109672734582        1.469048247936806    
       7       1       1    8.565838250100716        1.579940570289969        1.052192913769732    
       7       1       2    8.703562428446604        1.436587752811441       0.5392106248583785    
       8       1       1    2.456853656992190        5.168139564606755       0.2542372958439024    
       8       1       2    2.814280407325085        4.886838791138566       0.5640178176783023    
       9       1       1    7.557303270830308        1.686384364581022        1.511849271553853    
       9       1       2    7.526185165160212        1.405716719133231        1.983862177281884    
      10       1       1    8.895596992010020        2.048950540183836        9.941618132030216    
      10       1       2    9.030537480569109        2.078742970548526        9.409176898062015    
      11       1       1    5.704375685240945       0.4423319570007138       0.4386020283821844    
      11       1       2    5.852688469980130       0.8256306479411741       0.7259233538245685E-01
      12       1       1    7.104172418938282        8.083854892758445        1.338255011526406    
      12       1       2    6.915119749013070        8.416393129130240        1.733476565243548    
      13       1       1    5.447420360232548        3.312239282730483       0.2969741991247838    
      13       1       2    4.932531636271633        3.253972591936958       0.1109017196311513    
      14       1       1    6.835102006355477        1.556988540798340       0.7190759345801121    
      14       1       2    6.428740012419205        1.194572430139508       0.7968711315898509    
      15       1       1    7.398064831402116       0.6171778589888154        1.649099640123535    
      15       1       2    7.921283129611890       0.5189366004243237        1.512619946846180    
      16       1       1    5.283294069801634        5.585181929848692       0.4823362115496508    
      16       1       2    5.274856086607772        6.005066538211151       0.1276801062814199    
      17       1       1    3.931610996903631       0.8664400858652831        1.337546357190519    
      17       1       2    3.554436590995451       0.4885553209453234        1.469740152512017    
      18       1       1    9.038554973129049       0.8937244427046764        9.554034106160687    
      18       1       2    9.547200382666771       0.7663182376221730        9.387527687539265    
      19       1       1    5.002668160410431        9.171877412576032        9.936231689280230    
      19       1       2    4.584456256553024        8.874365052800830       0.1338882453999686    
      20       1       1    1.505622230018619        9.167217422239816        9.672380137124263    
      20       1       2    1.349930288096880        8.664632808181107        9.511515940508515    
      21       1       1    9.491019740057700        2.773204136190318       0.5922110775959705    
      21       1       2    9.362220125307189        2.706416378024460        1.123039342753019    
      22       1       1    3.059485445474507        8.767340255116119        1.797317453333183    
      22       1       2    3.217521403795034        9.293022340017933        1.826833520404660    
      23       1       1    4.138666036058179        3.661523766408019       0.6012324417840136    
      23       1       2    3.836329060425341        3.817140526290475       0.1689745117006037    
      24       1       1    4.605287331796021       0.1093214945397381        1.665458633999930    
      24       1       2    5.115326968831658        9.952375256601737        1.533159614114474    
      25       1       1    2.213640132241836        7.061477414690967       0.8044257957374091    
      25       1       2    2.561351933748769        6.775711854389634       0.4886944967477220    
      26       1       1   0.2081171438605744        4.081654197090142       0.4231411916520349    
      26       1       2   0.1873738120298308        4.304387583994846       0.9255363660779840    
      27       1       1    2.091962038495233        6.200810492032153       0.6542338533900960E-01
      27       1       2    1.542064874860472        6.190429196149962       0.8010216717679372E-01
      28       1       1    4.059801542940624        6.232920895573141        1.028119674098193    
      28       1       2    3.901652275650451        6.469313997395423        1.498809029629401    
      29       1       1    6.407908385123793        2.122038516729212        1.545231478802523    
      29       1       2    6.611014177392909        1.615001639611054        1.479510946479728    
      30       1       1    7.681495937644375        8.162511673323905       0.4709902425447359    
      30       1       2    7.259200694887969        7.927723910321255       0.2091719114586070    
      31       1       1    8.288525819820702        3.080468560900303       0.6603445072014121    
      31       1       2    8.333325213291292        3.223687841204389        1.189409387810814    
      32       1       1    7.290905284731161        2.813434406366316        1.287772461216528    
      32       1       2    7.673719220387223        3.146984015135686        1.076522502736754    
      33       1       1    5.823418179431402        7.482157841323609       0.9596628288347628    
      33       1       2    5.757935940884626        7.977957444021721        1.188867562902380    
      34       1       1    7.911484384337948        2.250060746482484       0.1019239894955913    
      34       1       2    8.375442937894631        2.542283308672808       0.5733234848271281E-01
      35       1       1    7.107781158703871        3.233950292461086        9.899903031256112    
      35       1       2    6.599551512192845        3.339449488897117        9.717971116104346    
      36       1       1    8.062624614980130        4.378312897988782       0.4595975935730507    
      36       1       2    8.272825820757477        3.870784575692963       0.4364199369820511    
      37       1       1    8.528595817234493       0.5810335200072894       0.8324599793208782    
      37       1       2    8.227216433125731       0.7861501566743633        1.243622817151491    
      38       1       1    7.836725260680038        4.153484632352670        9.313706452503448    
      38       1       2    8.046866621730512        4.453282895957130        8.903847667549371    
      39       1       1    7.466874515402266        4.476284489681719        1.403988059240980    
      39       1       2    7.599444622446997        4.760651971723156       0.9522962808909379    
      40       1       1    6.556156828572338        4.532535299405353        9.352302910732686    
      40       1       2    6.227207608764418        4.658435245224014        9.774215261080707    
      41       1       1    8.666857594471532        3.904398053228682        9.813616950036998    
      41       1       2    9.179439081280840        3.753220572558490        9.943340316036876    
      42       1       1    6.569455423922189        5.193173032428347        1.039522114238332    
      42       1       2    7.025419815890590        5.371406692144580       0.7885754356555174    
      43       1       1    3.522325343238446        4.546771104282884       0.3040024729055105    
      43       1       2    2.996058104555730        4.697674755554608       0.2457040503004122    
      44       1       1    2.115292717667809        3.350617878041235        9.722007996241645    
      44       1       2    1.598304131122686        3.465344695538416        9.573314378679775    
      45       1       1   0.1364142919271590        9.206748687884994        9.580938857555068    
      45       1       2   0.6098066845501854        9.423934165830319        9.404972432244323    
      46       1       1    5.342117152456698        2.480376400450554        1.486200450365700    
      46       1       2    5.361424239344553        2.140344677373655        1.918044710657558    
      47       1       1    8.822211841315060        9.596319706401792        1.403195400834844    
      47       1       2    9.142408314138310        9.285534952633874        1.081826650403001    
      48       1       1    6.203871062582713        5.815499517246488       0.7548732532302052E-01
      48       1       2    6.592105764317869        5.851215410592316       0.4638276697383332    
      49       1       1    6.200733865599495        6.274138576955224        1.285170645677151    
      49       1       2    6.671951084458830        6.501214054445618        1.456053915608612    
      50       1       1    3.417121314181230        7.619354974758322        1.196588528647178    
      50       1       2    3.824888284692442        7.675346626904323       0.8318841976598735    
      51       1       1    9.750864216801091        7.511789305889208        1.480665003233778    
      51       1       2    9.524501833989104        7.971830636396570        1.281034200950988    
      52       1       1    9.436267235613037        4.777113369122992       0.1984214260852060    
      52       1       2    9.403912427163196        5.316830620421002       0.2996493508468378    
      53       1       1    4.145694461869916        7.851970101756983       0.1498541037593094    
      53       1       2    3.810493896938288        7.865780448381538        9.713596320046948    
      54       1       1    2.420549135252130        8.101227847958951       0.8390298373560888    
      54       1       2    2.903131328317194        8.220451690245280        1.074554451107834    
      55       1       1    9.812784949161404        4.938165923438565        1.276156015825087    
      55       1       2    9.597042301988312        5.013025629115559        1.776456637940353    
      56       1       1    9.958716321452139        7.029588193949611       0.3935743599492874    
      56       1       2   0.1654381294370079        6.592061601782371       0.6554796406013426    
      57       1       1    1.587917880836502        8.024765391724342       0.2733253924157725    
      57       1       2    1.587003571339377        8.553072781831386       0.1201516123085311    
      58       1       1    1.616740418130570        5.317734062050822        9.672605131061877    
      58       1       2    1.155483314844852        5.456394487517368        9.936980380292532    
      59       1       1   0.9217975859373485        5.124450670994705        1.029013173000433    
      59       1       2    1.092650164557371        5.379196821277433       0.5724110085170320    
      60       1       1    7.237999808043986        4.908077523478873       0.1870293071911881E-01
      60       1       2    7.381450642888039        5.425877649910129        9.899718357670951    
      61       1       1   0.9150846127194852        6.115273821864685       0.1219841954935056    
      61       1       2    1.268656427200993        6.124824634160600        9.700382255789865    
      62       1       1    4.298663317638317        6.389210722901614       0.6881857163748394E-01
      62       1       2    3.877154598713833        6.149741663749419       0.3286891785333528    
      63       1       1   0.4814702539469957        5.068063532946086        9.606214773633971    
      63       1       2   0.6874205403045840        4.971499206470461        9.105407851606580    
      64       1       1    9.965632332392223        5.824174625136281       0.5820053924563872    
      64       1       2    9.945188536558206        5.301375853996930       0.4113714635904716    
      65       1       1   0.1369054157382445        6.500782411663701        9.469208163698468    
      65       1       2    9.969131865029318        6.860641697854909        9.088590540524727    
      66       1       1    9.357440056564286        6.079686435838749        1.579541676813457    
      66       1       2    9.005600369760918        5.664665715690260        1.499024089396370    
      67       1       1    4.596308045381964        4.612766778340030        1.543692148563314    
      67       1       2    4.183645866790532        4.801951509617969        1.854033958244676    
      68       1       1    7.144534087161351        9.236531500926628        1.245947314341923    
      68       1       2    7.654496810463412        9.169393557546785        1.050394047236210    
      69       1       1    4.322951999917072        5.278850769194446       0.4902013497352702    
      69       1       2    4.083451030494741        5.747592241798693       0.6500097434319458    
      70       1       1    5.084575862171951        4.415172194140679       0.2134637605055411    
      70       1       2    5.015103689093603        4.018972316570172       0.5881982049315886    
      71       1       1    9.259415998796985        3.748773957483821        1.054400804312827    
      71       1       2    8.984146050888903        3.337774815610954       0.8139522646371242    
      72       1       1    3.571331339511133        9.909442852001007        1.809546825970143    
      72       1       2    3.335856932207687        9.614934822215568        2.209411847403735    
      73       1       1    1.891487105160455       0.5417624605343456       0.2252747005005354    
      73       1       2    1.784115268370287       0.4285549381609742        9.697930701589385    
      74       1       1    1.389217105202226        6.184744740821763        1.324280363677497    
      74       1       2    1.161118392874091        5.700850956068423        1.451892904128893    
      75       1       1    6.282403400625652        8.304841102422079       0.4727319384775961E-01
      75       1       2    6.398466953495914        8.200040190712111       0.5740305465939917    
      76       1       1    3.270343604450503        6.302861919138449        1.698352451567889    
      76       1       2    2.877520411592952        6.248656556548988        1.317433971463327    
      77       1       1    5.708933572268433        4.530475705793704        1.058688629024073    
      77       1       2    5.994083458965971        4.765113443031733       0.6518198251047863    
      78       1       1    1.873269161732127        4.960575069307247        1.609077820661344    
      78       1       2    2.393044472442567        5.123680181117759        1.680756953605741    
      79       1       1    3.362323980898584        5.309653792901309        1.411060624329022    
      79       1       2    3.114746057573630        5.190854174530973       0.9345129119560478    
      80       1       1    6.197554472910124        3.678250969731785        1.416091135135378    
      80       1       2    6.199243955026927        3.129121061154011        1.447443215972528    
      81       1       1    1.648853775517230        8.977524631852368       0.7385975135698895    
      81       1       2    2.054867525060496        8.748078072094287       0.4474955716790514    
      82       1       1    3.099399428029046        8.822430594422304       0.4570656548791638    
      82       1       2    3.086398206352809        8.300023112984178       0.2857263266195339    
      83       1       1    2.526198951604599        9.591455559806562       0.9602939323490334    
      83       1       2    2.212952005318371        9.951704570479317        1.233231615739758    
      84       1       1    1.704815485114226        4.333496049164967       0.7778280056521734    
      84       1       2    2.242872708738268        4.225477222393730       0.8164470872077937    
      85       1       1    1.226991901891536        3.898017967549942        9.763965795048604    
      85       1       2    1.697555132301803        3.853709542472794       0.4577699183300633E-01
      86       1       1    4.339351250453799        2.011910975134538        1.242761598148234    
      86       1       2    4.201016044198143        2.538426210118625        1.165024502094291    
      87       1       1    3.705095654519937        6.613546275186119        9.247515565748953    
      87       1       2    3.845257573937555        6.747783685267032        9.762537375401379    
      88       1       1    8.341889121175665        5.340132123679312        9.629933633086290    
      88       1       2    8.539561925520159        5.047794706326958       0.5187518396451834E-01
      89       1       1    5.119016166557539        6.431578793118961        9.286512637536493    
      89       1       2    4.711180099385166        6.204904416966199        8.995061490512587    
      90       1       1    8.955338746283227        6.917792220227731        9.493165506781986    
      90       1       2    8.605613836346087        7.068139073246427        9.096280695424287    
      91       1       1    1.150599524996857        9.575291651977789        1.811409840248300    
      91       1       2    1.326496364964646        9.098315260000984        2.019193345897954    
      92       1       1    6.294103064237683        6.965323589117037        9.974771434874592    
      92       1       2    6.377792324949975        6.438327245103595        9.841553875365395    
      93       1       1    2.232277469482625        9.785600963611525        1.917061147539594    
      93       1       2    2.618095080818478       0.1606187680640019        2.031001369807315    
      94       1       1    7.188558452254208        5.947914647576641        9.492144087592941    
      94       1       2    7.331188375096381        6.170873056123721        9.010042220461225    
      95       1       1    5.176302715349620        8.386285864959993        9.340902248271615    
      95       1       2    5.675479929067703        8.348837621220655        9.112811876451415    
      96       1       1    8.458451794187836        8.814748127436001       0.3430059705394747    
      96       1       2    8.664268160213977        9.324379170861663       0.3627994082488747    
      97       1       1   0.4947812988363992        9.116034874086800       0.6504015858680432    
      97       1       2   0.5693625880784100        8.632980804085156       0.9027938918550373    
      98       1       1    3.695888486931405        9.954510271155639       0.7556525845595030    
      98       1       2    3.879551975710660       0.1386013339913064        1.240344779150786    
      99       1       1   0.3472557875154137        8.060788299722530       0.7236371473579030    
      99       1       2   0.8608466989732023        8.253048093138780       0.6820859918801825    
     100       1       1    5.117882870002483        8.238505299160936       0.3961680399908247    
     100       1       2    5.651867546787792        8.163941778792090       0.2877376382022809    
     101       1       1    1.969771426634564        3.784137871663480        1.642169214342694    
     101       1       2    1.962853507670288        3.389685089872639        1.259593945767080    
     102       1       1    8.796603137053561        5.538029434911786       0.8483824335291336    
     102       1       2    9.317100710384286        5.610350515363972        1.010769359489944    
     103       1       1    5.284418993157947        9.452962132934518       0.9065065650073033    
     103       1       2    5.191303918423382        9.698755443810395        1.390075727122240    
     104       1       1    6.053508869391613        2.446255698921182        9.509633915849838    
     104       1       2    6.081593251800312        2.056591197680172        9.896711879031235    
     105       1       1    3.326291323402869        6.687387034807672       0.1956817496347037    
     105       1       2    3.708254970014305        6.504425842527321       0.5467932307636379    
     106       1       1    7.706814681014543        5.301185178051930       0.8522650704532562    
     106       1       2    7.383153319425017        5.735513091081158       0.7546592345409195    
     107       1       1    5.844249380066085        1.702392199829104       0.3924475663416400    
     107       1       2    5.519433382078638        1.989876645588401       0.7312271010310111    
     108       1       1    6.469528231412720        2.509700011001306       0.6099789887053847    
     108       1       2    6.170717413579397        2.928304977352185       0.4143598214927947    
     109       1       1    7.060098434401844        7.379570861524873       0.5808998852408679    
     109       1       2    6.560277417974268        7.155860867984122       0.5263056365796815    
     110       1       1    7.947888557628213        7.403703372548767        1.179369750840498    
     110       1       2    7.497654992458929        7.088256534294203        1.203589837487330    
     111       1       1    3.206337623752793        5.568496137381755        9.628210923682978    
     111       1       2    3.640674707030755        5.881536545644575        9.756454896550443    
     112       1       1    9.276417281392968        5.861832968710050        9.830305319359521    
     112       1       2    9.288714781927416        5.611322434766340       0.3194908336801433    
     113       1       1    2.580709808957200        4.302413802710279        9.702841711296445    
     113       1       2    2.831188138930524        4.366761970264966        9.217377667780870    
     114       1       1    5.094963519921222        6.915279272262929        1.935089206027961    
     114       1       2    4.616352966612458        7.104656625121514        1.742426529530317    
     115       1       1    4.423190373902737        7.188639914396806       0.8997348333409612    
     115       1       2    4.604111030551405        6.698328371197100        1.071918421094628    
     116       1       1    8.044788857167328        5.321504289043021        2.004881976270822    
     116       1       2    7.655898366832532        4.935626884439448        2.056519159681601    
     117       1       1    6.377621493676421        3.852246384763177       0.2851100575190201    
     117       1       2    5.972058535585020        3.508694098924850       0.4275210967491404    
     118       1       1    2.785374820914294        4.487345706057686        1.935469480747708    
     118       1       2    3.134914415631539        4.340416348838322        1.537613295364181    
     119       1       1    5.297461842587398        7.342587703349630        9.850221136154223    
     119       1       2    4.889725935188549        7.037535343510723        9.642944630110042    
     120       1       1    3.072927249891425        7.990861427774195        9.789846756636765    
     120       1       2    3.476860009725224        7.621068805089803        9.837464203250084    
     121       1       1    4.013499589367055        7.027904114456700        1.950190114757575    
     121       1       2    4.515972285682491        6.959344505490372        2.163414525578842    
     122       1       1   0.2312392539229359        5.671342716335049        1.935980823802246    
     122       1       2   0.5286413296175632        5.208823233644530        1.913835877796825    
     123       1       1    6.504626914330366        3.557478809975489        9.110917264244865    
     123       1       2    6.329731876323994        3.298225068401428        8.658506428996297    
     124       1       1   0.4711480463308441       0.3612820981362742        1.230656500953663    
     124       1       2   0.2445049813166609       0.5957856087968447E-01   0.8299678379841638    
     125       1       1    7.879548526260772        3.288625569553562        1.953846258986382    
     125       1       2    7.727924841314962        3.328069645751857        1.426416782235928    
     126       1       1    1.013306218165500        7.154974336634883       0.4073474655121134    
     126       1       2   0.5560705242726869        7.100798838715453       0.1071125261790625    
     127       1       1    8.638266779641501        7.747511601864515       0.5029776135866971    
     127       1       2    8.231279968003806        7.845661657816207       0.8596608084143882    
     128       1       1    9.457071625074814        8.816174331384669        1.430944146109239    
     128       1       2    9.384940875574305        8.867088239102976        1.973846001386293    
     129       1       1    9.101716850612572        5.292412661727949        2.237341636301094    
     129       1       2    8.567642974399510        5.218979727158184        2.343414634562932    
     130       1       1    7.175720333966568        7.070238419952308        1.856649621159923    
     130       1       2    7.086787044924042        6.852146499287187        1.359993535541860    
     131       1       1    9.354282428915248       0.6858730090552879        1.757675860399345    
     131       1       2    9.813674881897260       0.9077131883485531        1.964175677934874    
     132       1       1    2.503099203167636        5.879422215738816        1.083760210128245    
     132       1       2    2.315698870975726        5.487873334732917       0.7460355495294267    
     133       1       1    8.275535674164587        6.502841817012983       0.1888492160168991    
     133       1       2    8.568319382947053        6.966111804689076       0.2392926719589346    
     134       1       1   0.6912450812161042        8.114866914669358        9.724520470512108    
     134       1       2   0.4380167204392381        7.780811216889134       0.8051065739362331E-01
     135       1       1    4.304741917632836        7.505372968961521        9.172235338895883    
     135       1       2    4.554428321552814        7.995256452128695        9.161327040551692    
     136       1       1    4.985129850858072        2.540185050174211        2.536124166763829    
     136       1       2    4.850879266337410        2.970484653518084        2.850993986344822    
     137       1       1    8.624932637770883        2.679613936636791        1.532979215672631    
     137       1       2    8.349921573195056        2.385515161088633        1.907576256420690    
     138       1       1    5.574123190686365       0.4887161069484617        1.454042694400546    
     138       1       2    5.512470470672436       0.6251004584977642        1.983208840495401    
     139       1       1    6.123136612461935        2.771329398990861        2.263069418524362    
     139       1       2    6.347666409084456        3.205976328269170        2.011647407025243    
     140       1       1    7.820373129028146        1.136933694208281       0.3350950549188453    
     140       1       2    8.315858578043253       0.9024407355019005       0.3801608242455999    
     141       1       1    6.891694058441905        3.481975332577167        2.197854826921377    
     141       1       2    6.566093376765417        3.424365288288510        1.758293410644325    
     142       1       1    5.489868714513464        1.485381417302595        9.294094619153864    
     142       1       2    5.984530175080321        1.264086596064901        9.199230300614930    
     143       1       1    5.169673086621219        1.376050058332566        1.677033581512717    
     143       1       2    5.611522440983659        1.151382323805033        1.915810338715612    
     144       1       1    6.453148801883678        1.035934029191685        1.853119942753342    
     144       1       2    6.580012183232603        1.243369128376391        2.346475862483236    
     145       1       1    8.775258939560954        1.702801529978911        2.147611967153519    
     145       1       2    8.678874321210531        2.228547465687507        2.017020921759027    
     146       1       1    9.535801739072873        8.790016995969546       0.2872293245714164    
     146       1       2    9.700533398837926        8.265533881856751       0.2617704039743974    
     147       1       1    7.001162769458478        1.997458236632423        9.525147367914965    
     147       1       2    6.850587223548957        1.540639860866712        9.790400086625761    
     148       1       1    7.415412285936423        5.145779328764480        8.799259551489547    
     148       1       2    7.055929598562313        4.764101585162565        8.964192699678405    
     149       1       1    8.198227392548032        8.736276139633175        1.464680155591392    
     149       1       2    7.816865812779802        8.515409492194571        1.793406605958226    
     150       1       1    7.713266015774117        1.535776254496170        8.902914814922584    
     150       1       2    7.599025305856978        1.930090575987115        9.268859002749855    
     151       1       1   0.5097023805052707        2.407376588558156       0.9396791663010197    
     151       1       2   0.5462591302735716        2.953788678628273       0.8971061687764849    
     152       1       1    4.638806032386165        5.443350058037906        9.284044593941776    
     152       1       2    4.452484802861368        5.294557394964596        9.779465445771654    
     153       1       1   0.6979576854573211        8.446360589452027        1.744318537022477    
     153       1       2   0.7758857108899055        8.811129719909280        1.340189130943875    
     154       1       1    8.451114326937640        4.342225075063123        1.708588461475866    
     154       1       2    8.700069718820956        4.775656936685581        1.938747266236060    
     155       1       1    6.032147436140299        8.636572574489682        1.256529217707496    
     155       1       2    5.903216528259068        8.102602917623248        1.233079183106604    
     156       1       1    5.060735639351615        7.096302433219796        8.540482650846485    
     156       1       2    4.929604341014135        7.102113791494484        8.006147284292908    
     157       1       1    4.990248765689725        5.327004855571704        8.212951838101729    
     157       1       2    5.033807698662495        4.785762929152588        8.126777938144940    
     158       1       1    6.057187091436215        7.883809458375129        9.045937761705240    
     158       1       2    5.793964103336686        7.648777198450207        8.623695489358585    
     159       1       1   0.8936060042001877E-02    9.624554900373148        1.843562813136161    
     159       1       2   0.1477149343539565        9.098499111508385        1.922757987458443    
     160       1       1    9.486256098859112        1.420751097979651        2.991083522380624    
     160       1       2    9.925535350846900        1.097433663025648        3.060338504957616    
     161       1       1    6.511934801765482        9.971548750844152        1.502328238436750    
     161       1       2    6.993412861768632       0.2366929417756259        1.514867991056365    
     162       1       1    7.154100858789472        8.352247710604606        9.474436624094750    
     162       1       2    6.645796712783139        8.148153185262217        9.523835694514348    
     163       1       1    7.321406697160962        9.236602851390442        2.280251967147144    
     163       1       2    7.075382201783118        9.488656106263397        1.857926364884197    
     164       1       1    6.314037296656429        9.600282634708201       0.2231257470503688    
     164       1       2    6.433416991466000        9.194653886268590       0.5750066585424235    
     165       1       1   0.3035895242486257        6.556385576690562        1.323540320766364    
     165       1       2   0.5396652836149987        6.497387227290253        1.816960559213072    
     166       1       1    2.317543765796400        7.304486716517266        9.813842380379146    
     166       1       2    2.513595830485854        6.831547477816529       0.1522086823221194E-01
     167       1       1    4.247132513730433       0.4772872026161507        2.879476116859399    
     167       1       2    3.964543172992320       0.7299719308503240E-01    2.636633241033502    
     168       1       1    6.606373384440310       0.7773114662991086        9.753264363971438    
     168       1       2    6.711124650938217       0.4261144002577236       0.1635010784875760    
     169       1       1    6.209987668071299        1.800047425628976        2.913045566184221    
     169       1       2    5.744163256744722        1.639278608523815        3.157519233937719    
     170       1       1    7.094493121853818        2.475264226222234        2.532460181743450    
     170       1       2    7.036081447923206        2.901717081194548        2.190164046448803    
     171       1       1    5.355495861863135        6.562100198043073       0.7486064135341176    
     171       1       2    5.847686146141522        6.324447673449836       0.8137994230225211    
     172       1       1    8.191352290211176       0.8729997615763480        2.463355206255938    
     172       1       2    8.162030452521567       0.9303939547874500        1.917219741041599    
     173       1       1    7.458898855235903        1.564319629841875        2.799056303773743    
     173       1       2    7.797522916931838        1.979861170070146        2.676821969614963    
     174       1       1    8.070812610560209        9.911642386071975        2.017978996134823    
     174       1       2    8.150783355390395       0.5583216403754402E-01    2.542626109254306    
     175       1       1    9.143278411777509        4.651873653519895        8.990452738511117    
     175       1       2    8.995143245585247        4.662866811876224        8.461218035280432    
     176       1       1    7.024802651871225        5.970270338364090        1.773325291571608    
     176       1       2    7.388266256506326        5.588161256994131        1.928789490994632    
     177       1       1    8.572987332724022        8.817259244644498        2.478659654058843    
     177       1       2    8.421949476695954        8.308061844977715        2.334671798663400    
     178       1       1    6.313781452468273        8.799891509056875        2.259986177122453    
     178       1       2    5.856793953312037        9.104816841769546        2.235014743682026    
     179       1       1    6.076119331929652        9.061047883220471        9.268519966647183    
     179       1       2    5.962945322475854        8.728964606609972        9.692020788822136    
     180       1       1    7.128779334483624       0.4103819682373824        2.666443881950344    
     180       1       2    7.561546287289310       0.1574976029086471        2.440901911194544    
     181       1       1    8.056120319385201        7.708528464525533        9.386232492522309    
     181       1       2    8.255463812692879        7.831866914383932        8.888768889545254    
     182       1       1    7.452278230225529        8.198634418615338        2.728715995998142    
     182       1       2    7.002558349132347        8.088662172496388        3.025877711280046    
     183       1       1    1.025037005847174        2.799693145474827        1.829779565194366    
     183       1       2   0.5202873673368598        2.993097105161723        1.729626065893383    
     184       1       1    7.125833417553399        6.007011214706141        8.125793746405943    
     184       1       2    6.854095352401691        5.660031376419609        7.796434907777140    
     185       1       1    8.111343971524500        6.318135333668554        9.041102308064099    
     185       1       2    8.399598580864792        6.120653789543509        8.616701900531467    
     186       1       1    7.393499171047226       0.1497281483316839       0.4881753619125760    
     186       1       2    6.896425855711965       0.2791160800197527       0.6856591278910888    
     187       1       1    5.850696689732064        9.849195252699914        2.513370647330993    
     187       1       2    5.355340306546442        9.815530974734088        2.277374554108880    
     188       1       1    6.170264678382389        5.467029755689733        8.945825089591862    
     188       1       2    6.020900393846616        4.948475232953207        9.049876342670164    
     189       1       1    6.226546677161714        6.892179900359978        8.878834926530745    
     189       1       2    6.479378251482775        7.219036924931437        9.242240534666596    
     190       1       1    5.085118204941348        9.205265180580835        1.961153338378419    
     190       1       2    4.630422145657375        8.898290082118939        1.915527647990197    
     191       1       1   0.5686739862745940       0.4389090325005823       0.9584887671019842E-02
     191       1       2   0.9370735320768419       0.8448590604280429        9.968730447026001    
     192       1       1    1.350278459134402        7.338298410928699        1.350922573708498    
     192       1       2    1.432823869068002        7.272593122255174       0.8107671124314891    
     193       1       1    9.709343541521555        2.122384268153363        1.704098528517501    
     193       1       2    9.654475982611228        1.610978703996738        1.898465207470175    
     194       1       1    9.604834213568441        7.946288490768347        9.579117443613191    
     194       1       2    9.732227205534233        7.902538680180343        9.045811872936492    
     195       1       1    2.471663283491593        2.171339010406341        9.521631125231519    
     195       1       2    2.628225365330946        2.694712000859293        9.456118222777782    
     196       1       1    5.405233651049719        4.295853903351911        9.208625795112736    
     196       1       2    5.565173958040961        4.062140594732089        8.736985954800531    
     197       1       1   0.6268363839808969        1.329266634557009        1.842483974988679    
     197       1       2    1.027867245298507       0.9750349839937351        1.713858006225030    
     198       1       1    4.776578014270052        7.989746370374847        1.410082243187844    
     198       1       2    4.343225520114983        8.068729082854526        1.080865613642367    
     199       1       1    2.378989507749920        2.858518821450009       0.7895461878127430    
     199       1       2    1.829719411313782        2.856606114758982       0.7706181742933820    
     200       1       1    9.922965430405066        1.944739788087427        9.724157187845059    
     200       1       2    9.811302916105685        2.461819749422482        9.874352842748397    
     201       1       1    3.851829415202900        9.231815222280305        9.928017320571648    
     201       1       2    3.764706662031394        9.536042169549647        9.478446854433209    
     202       1       1    2.866414380249047       0.2819644232796307E-01    9.875777532356702    
     202       1       2    3.385002030398601       0.2008267291413970        9.815099073102797    
     203       1       1    3.806157121359698        2.675839242567523        2.087443703323794    
     203       1       2    3.875135797479177        3.218925566364319        2.036291678155204    
     204       1       1    1.580045153600443        2.581881817342409       0.2118891437022851    
     204       1       2    2.115290962928353        2.709750786719643       0.2064780528383061    
     205       1       1    1.804592912431573       0.6384925647165423        1.470635591039440    
     205       1       2    1.755006971832185        1.063350560649806        1.124362942071220    
     206       1       1    9.267178552012572        9.792375266208545        2.517892290896468    
     206       1       2    8.726030932891582        9.877951536205289        2.566934426875735    
     207       1       1    3.719592314265818        8.606101936979414        8.696838368663967    
     207       1       2    3.176799841244799        8.585075461324164        8.608975371805862    
     208       1       1    1.143678198279231        6.917708441165263        9.373800092913401    
     208       1       2    1.066324753376034        6.683808389910027        9.865829460175201    
     209       1       1   0.9059068924467590        1.483141092259737       0.8313236260691479    
     209       1       2    1.121150950135215        1.054036699189875        1.100486485558036    
     210       1       1    4.188632243881191        8.850450346981733        1.258908189429470    
     210       1       2    3.980827870118749        8.365168774278782        1.106007226640520    
     211       1       1    2.776662507314982       0.6162976200962569       0.9915262108129953    
     211       1       2    2.295413882347583       0.7748894270165373       0.7766829442323688    
     212       1       1    4.142782659114143       0.2156035153641851        9.877473432627674    
     212       1       2    4.216984963215848        9.694178685023825        9.718545432012702    
     213       1       1    3.391699281476625        3.515974390052199        9.847534505561072    
     213       1       2    3.188049163885482        3.801353749668947       0.2716157231690646    
     214       1       1    8.134216511887162        6.343690866559655        1.614360202550343    
     214       1       2    8.418365331258581        6.783568745244094        1.782436875327574    
     215       1       1    5.485265440497895       0.1256580873237746        9.430437476104935    
     215       1       2    5.580612372660231       0.6189504594209009        9.654659023811524    
     216       1       1   0.1287770193920330       0.3942645285683413        2.627533479954282    
     216       1       2    9.757387155203253       0.2356259425654593        3.001395090216007    
     217       1       1    7.325466665337443        6.445961452044713       0.8329810461287906    
     217       1       2    7.617535587767659        6.911324807953616       0.8104526258054149    
     218       1       1    2.612018809401324        3.783213323313953        3.095613498019694    
     218       1       2    2.248940138341920        4.090803413005039        2.819965451290270    
     219       1       1    3.084991080723514        2.037063493799840        1.366991722538545    
     219       1       2    2.707825516109721        1.971965052534463       0.9713993595137906    
     220       1       1    2.387166439546489        1.520712771080267       0.5616383552052306    
     220       1       2    2.653168093889422        1.054649456044368       0.6830746491537785    
     221       1       1    4.357268215873254        5.660675797490567        2.210383352308106    
     221       1       2    4.873312452663360        5.815792938391235        2.322214269737836    
     222       1       1    5.330267131015809        1.027611684328599        2.898306294299800    
     222       1       2    5.389458162422549        1.008805626982120        3.444577358862635    
     223       1       1    9.306304745095016        6.635140240587206        2.455449461496067    
     223       1       2    9.736016051327868        6.975260265714571        2.409343130570138    
     224       1       1    2.729763161316318        3.108192711579755        1.895350998373517    
     224       1       2    2.232175244530847        2.915376077647398        1.761585858687108    
     225       1       1    2.541628627369859       0.6735704853084952        2.423537504852972    
     225       1       2    2.409248128796250       0.3944629068449629        1.968172157200604    
     226       1       1   0.2516254276638719        9.331164887273337        2.841027643127342    
     226       1       2   0.4646105804121525        8.879179363113542        2.611250756757897    
     227       1       1    7.203296745821897        7.160078565340683        9.482055378483004    
     227       1       2    7.540535928485133        7.546573022818718        9.681321899283484    
     228       1       1    6.553006512791395        8.539952598005403        8.422923166929968    
     228       1       2    6.038861955941737        8.345657401595759        8.446794764305068    
     229       1       1    8.003360443060952        8.580037154968826        8.819632830658884    
     229       1       2    7.798532110060727        8.200175178652749        9.161002819894211    
     230       1       1    7.391335493981070        7.304583506823058        8.495660410065524    
     230       1       2    7.458082521668869        6.840911878482532        8.784128826082776    
     231       1       1    5.367477589454310        7.839320120807981        2.244402640183553    
     231       1       2    5.593144582826890        7.491329387736708        1.882947731761407    
     232       1       1    1.757050315006010        7.880027202834088        9.204432284009318    
     232       1       2    2.163902986886082        7.934773987604334        8.837977551146027    
     233       1       1    9.158528498906721        7.904130974605282        8.545269676005857    
     233       1       2    8.791483728115912        8.219345830587701        8.283487396803423    
     234       1       1    7.907915694414499        9.801729589373062        3.107796665726703    
     234       1       2    7.435940587147264        9.991672156022643        2.898181055440295    
     235       1       1    2.737250318347681        7.961965265096967        8.642567118569534    
     235       1       2    2.767817296099933        7.918117765936265        9.189815054700416    
     236       1       1    2.873802957152432        8.788968425293273        9.217947784987810    
     236       1       2    3.279085448896535        8.422581420377497        9.283690030242115    
     237       1       1    9.983704781593351        3.224096424651050        1.565840556656846    
     237       1       2    9.637381088120389        2.809145225708549        1.667207816653091    
     238       1       1    5.614013099949645        7.846501651873424        8.127940177873434    
     238       1       2    5.909056840725825        7.796112757159690        7.666331097219587    
     239       1       1    8.521894174043517        7.566031361448832        2.028657429461747    
     239       1       2    8.416783557062002        7.326225568933322        2.512545829507022    
     240       1       1    3.490212412903333        3.765621520313319        1.958608119884989    
     240       1       2    2.953948216261937        3.667986566191203        2.032150990937154    
     241       1       1    9.092643468964916        3.400083849744193        2.150737711254576    
     241       1       2    9.263694766652002        2.913365683117445        1.960516453909015    
     242       1       1    2.360965938319723        5.773270415422814        2.083655173298335    
     242       1       2    1.981348819749892        5.398414556248805        2.217424956433840    
     243       1       1   0.7210262328359417        4.125116189110683        1.695951598110147    
     243       1       2   0.2491661375979855        4.340666826252325        1.512459881809949    
     244       1       1    9.879229275989507        8.356989521380296        2.478056120803839    
     244       1       2    9.363832351403712        8.255019323058688        2.641369109896442    
     245       1       1    3.702867452694390        4.574551919551303        2.665158632045813    
     245       1       2    3.769970536638747        4.490952887550923        2.125857579863620    
     246       1       1    1.794286430927391        8.359649579645406        1.707908244042991    
     246       1       2    1.340502551877367        8.511582718832376        1.436431622663340    
     247       1       1    9.739734677215630        4.431897992207786        2.278715468193414    
     247       1       2    9.390116650092846        4.697421599568138        1.946981108130953    
     248       1       1    2.118575498459000        1.974593437647969        1.625032426257589    
     248       1       2    1.575594083060519        1.976332283343716        1.537162816010665    
     249       1       1    9.853055844341197        8.689503555565484        8.629357906131693    
     249       1       2    9.644847631529057        8.737311602933998        9.136334787939409    
     250       1       1    5.964392245155736        6.071644047008292        8.131936249536244    
     250       1       2    5.839009241713280        6.392692895211288        7.703302179187487    
     251       1       1    8.342035805157275        2.537758161784997        2.804205853060239    
     251       1       2    8.301423035526261        2.818616554795319        3.274927989210421    
     252       1       1    8.931196819660736       0.1431845745520696        3.404411332791374    
     252       1       2    8.741142939301518       0.6405069982612329        3.540582479557604    
     253       1       1    3.837804284782517        1.250013321581458        2.308619337834527    
     253       1       2    3.557816992464476        1.204563038911315        1.837624981937235    
     254       1       1    2.465018656750179        7.115286387030405        1.798401440426074    
     254       1       2    2.002073778797003        6.972371035021646        2.059056762354926    
     255       1       1    1.472349268838683        1.518390339849363        2.458060868386746    
     255       1       2    1.847495321665593        1.141884261273478        2.600083541952939    
     256       1       1    2.056569187001663        2.681894592252344        2.783829380379364    
     256       1       2    2.009214338927322        2.134228839474881        2.766042178619231    
     257       1       1    7.979014652019023       0.4865557242471562        9.301808537221993    
     257       1       2    8.284161161787036       0.7714030027288773        8.943435002721102    
     258       1       1    7.890604932707894        6.467095460817225        2.832382924168340    
     258       1       2    7.674668861223927        6.673128073548874        3.294172337798857    
     259       1       1    6.849794629978485       0.1093525353633300        8.988894030334333    
     259       1       2    6.628810395006782       0.3100893453087547E-01    9.486215847962599    
     260       1       1    1.099406922174600       0.8012213892236311E-01    3.055573395812023    
     260       1       2   0.7623034156806845       0.4354041733609814        3.306753378198234    
     261       1       1    9.060973620720253        8.900361554702268        9.272210985519855    
     261       1       2    9.553148344232040        8.987014790117676        9.042481394311846    
     262       1       1    8.618397901498756        9.839373174074314        9.937211510006209    
     262       1       2    8.667037105128710       0.8066892657747411E-01   0.4294415364563291    
     263       1       1    3.383557966316242        4.464105992599984        8.844424081478591    
     263       1       2    3.380346435508324        4.826764969596756        8.431025348689820    
     264       1       1   0.1507941833906734        7.227044250179984        8.386805527606432    
     264       1       2   0.4697368167431842        6.779584584585835        8.416462630564638    
     265       1       1    2.870963045300050        2.043561066811157        2.679443758424696    
     265       1       2    2.780071393084267        2.189271277305827        2.157254543729633    
     266       1       1    4.345529083317430        4.408035494170418        9.469468223087658    
     266       1       2    4.134029873477093        3.919023288278267        9.333297180811405    
     267       1       1    6.096633145965890        4.692547673828030        8.248777662903244    
     267       1       2    6.381662488173020        4.509568849273033        7.815821131974094    
     268       1       1    4.210951645603621        9.443217343654631        2.478696560663158    
     268       1       2    4.563836596143902        9.022652890654602        2.503733571608338    
     269       1       1    3.228350936295737        9.750710450524629        3.234522333797075    
     269       1       2    3.746406575116324        9.569655097177217        3.270668065657557    
     270       1       1    9.957812803342661       0.8362899706001665E-02    3.947560030184525    
     270       1       2   0.4384776100470282       0.1546637091488349        4.171378561509777    
     271       1       1    2.829927083117822        3.795961108690357       0.7174465049843195    
     271       1       2    2.433520803398262        4.177199162009209       0.6969638798911345    
     272       1       1    2.234324043083926        5.295754987818156        8.770283444904202    
     272       1       2    2.179432514413855        5.814649702923337        8.597760130310853    
     273       1       1    4.675227160662038        3.484709252765682        1.892316397518347    
     273       1       2    4.398610055120578        3.151823137084052        1.552376790512958    
     274       1       1    3.961677800900001        3.406996127597861        2.835387198258573    
     274       1       2    3.648480874467901        2.999234361095541        2.640232968668729    
     275       1       1   0.9749909042640659        5.815596812696353        8.884170771227657    
     275       1       2   0.6638432697738633        5.966905919599192        8.456642410929831    
     276       1       1    9.614970895703282       0.5395428986224068E-01    9.231402200372168    
     276       1       2    9.224991215260935        9.680257078551781        9.128088846297993    
     277       1       1    9.065949730481977        8.786744676296015        8.005431447373869    
     277       1       2    9.154421780411743        9.325654146073264        7.943517065465390    
     278       1       1    8.409081729797448        9.940347800162801        8.580650979165171    
     278       1       2    8.183277837792453       0.4412417775342485        8.604420120142620    
     279       1       1    8.504417188037724        1.570433426825238        3.174109506657584    
     279       1       2    8.052333908100051        1.854446525205879        3.305884595267770    
     280       1       1    3.521870841382456        9.819537705168718        8.600419714430682    
     280       1       2    3.649925471444847        9.657985277099089        9.110359101060277    
     281       1       1   0.8771261005151179        8.400975377220757        8.555690457635423    
     281       1       2   0.6673482775624205        8.815661662931689        8.261473016323265    
     282       1       1    1.062331116025635        8.715617507092764        2.937472878272591    
     282       1       2    1.020636451632253        8.597815602052373        2.401868489502755    
     283       1       1    7.571271984682340        4.570345092472499        2.606114415773602    
     283       1       2    7.185331837745953        4.204862697274677        2.747564672454028    
     284       1       1    2.299757947035804        8.569302024813927        2.712826082817460    
     284       1       2    2.805810851405409        8.597839057881188        2.499379185272394    
     285       1       1    8.358611400543557        7.718593976642008        7.920470898081382    
     285       1       2    8.032892915816811        7.289975341360289        7.808672271319963    
     286       1       1    8.386993377853198        3.943829567717838        3.054463007126248    
     286       1       2    8.102612253462949        3.508306389577344        3.233926444440568    
     287       1       1    9.924404607743236        8.004581141142022        7.772650254596863    
     287       1       2    9.878195433725267        8.320099564649253        7.325135914589941    
     288       1       1    4.591771318633630        9.517268726176971        9.023250007694392    
     288       1       2    5.017940667971584        9.752675456640445        8.767495236063878    
     289       1       1    1.311824219477972        1.480332284891434        9.446054422951780    
     289       1       2    1.590112936200612        1.011451593455345        9.375261159907422    
     290       1       1    1.948086645455872        9.341187820296669        3.298661762142407    
     290       1       2    1.705685455839759        9.584825922554163        2.869220897047529    
     291       1       1    6.576233478813942        7.316419299929226        7.769110641798260    
     291       1       2    6.231566347246795        7.669472254675303        7.526014986191838    
     292       1       1    1.921288148980274        9.188296217610365        8.429000320056126    
     292       1       2    2.053106188140256        8.699658019101209        8.214146615738670    
     293       1       1    1.600974024354483        2.800658127658056        9.011750635103768    
     293       1       2    1.381570939027363        3.086951603803203        8.596776261901208    
     294       1       1   0.6164263960323236        1.988661710633165        8.708156015764924    
     294       1       2   0.6987831752449226        2.504325202547570        8.536069052942182    
     295       1       1    4.733240015540112        2.145548342812120       0.1209075799548886    
     295       1       2    5.263011503740888        2.124371001606473       0.2680601485655796    
     296       1       1    3.471609242407004        1.316306934695723        3.642679615458897    
     296       1       2    3.255822012771694       0.8811516015764828        3.384518785937407    
     297       1       1    5.227603280786433        5.872178631272468        1.461450866195925    
     297       1       2    5.198203128195299        6.417594657143776        1.526214343270149    
     298       1       1    9.173130036131676        2.812103619129863        8.923602844571695    
     298       1       2    9.571195077102812        2.651204585440399        9.267718976210674    
     299       1       1   0.5617058242766988        7.435651016752614        2.427651117056854    
     299       1       2    1.042527292881250        7.361591801298361        2.684289512757186    
     300       1       1    6.150654965112957        1.286660488969720        8.535963544149903    
     300       1       2    6.322853349391573        1.361007762004715        9.053029804561922    
     301       1       1    9.537948496560970        5.716402961892185        8.847773279609552    
     301       1       2    9.800129835382103        5.355193168714224        8.526470342864949    
     302       1       1   0.4680725462137209       0.9568470401891603        9.148141920662543    
     302       1       2   0.6569663257471249        1.464577890444034        9.243356635730253    
     303       1       1    8.112088737200509        2.900692938949209        9.273472590309128    
     303       1       2    8.072115153650811        3.251526261477544        9.695094741881290    
     304       1       1    3.186352558528496        7.875308823819300        2.469469400828804    
     304       1       2    3.334443478848452        8.112894099902205        2.943124119052356    
     305       1       1    1.859541197303826        3.276832020546330        3.712002746557427    
     305       1       2    2.056854620291061        3.730954053903103        3.472620052367184    
     306       1       1    8.287101062964597        8.789405554948727        3.440677790866923    
     306       1       2    8.233341455352969        8.669997115616695        2.906544216299524    
     307       1       1    6.568880434340089        2.401693572670437        8.467364376287955    
     307       1       2    6.259920321382384        1.950413238129990        8.521390366517851    
     308       1       1    9.734276280796619        1.194542891517676        8.491363365724247    
     308       1       2    9.274767520394205        1.357889805011466        8.745561381530631    
     309       1       1    6.391846793921019        2.723235454723694        3.302474896758751    
     309       1       2    6.051950495343744        2.391583205241069        3.026220630490794    
     310       1       1    8.756460103282709        5.595696204861104        3.188886811359615    
     310       1       2    9.114962297525492        5.910713256537826        3.462177096862831    
     311       1       1    3.034394664958395        6.505260941766304        2.867189773456076    
     311       1       2    2.547325097357416        6.253284851056947        2.826040802993839    
     312       1       1    4.363477928446766        8.275773930862407        2.542055490258437    
     312       1       2    4.109856122909171        8.438888139445863        2.081627273770451    
     313       1       1    2.896323020775846        9.228973491136626        8.039472675446669    
     313       1       2    3.423410137526337        9.104613036994603        8.131953899518944    
     314       1       1    3.818532399311396        1.707179186171831        9.162341802491794    
     314       1       2    3.634278125413454        1.586796452048227        9.666306396106803    
     315       1       1    2.057725686623245        6.461060360395857        7.954933927719419    
     315       1       2    1.709282824678258        6.558540319193175        8.369476347179949    
     316       1       1    9.897912757724159        3.847212662779616        9.278672658619447    
     316       1       2   0.2762173101779740        3.705498112203038        9.651018975577530    
     317       1       1    5.014118915309830        3.983537877764389        2.824401116611717    
     317       1       2    4.977875089253543        3.626543233130460        3.240908781551559    
     318       1       1    4.876497392452372        5.119116246568102        3.361290558099491    
     318       1       2    5.409580157801198        5.134665166727702        3.227372059131928    
     319       1       1    5.636691178782846        8.548265191990644        3.229697541595538    
     319       1       2    5.257261501028963        8.329827228032741        2.897024814223250    
     320       1       1    3.041127422767746        6.969525804284869        8.566954096126512    
     320       1       2    3.528038285073611        7.085707924749186        8.339672435557256    
     321       1       1    5.424394952964268        3.318357823375068        4.126892458738483    
     321       1       2    5.043302214440525        2.962999704351268        3.951077545745822    
     322       1       1    9.399557377079931        6.926305004663808        7.617008849337071    
     322       1       2    9.930199097267018        6.945864251967357        7.760188048212524    
     323       1       1    8.721426988666600        5.005113270723938        6.979001602703959    
     323       1       2    9.037035068506396        5.328608483804324        7.292203702073865    
     324       1       1    4.258712096805828       0.7993425623825628        8.986938839532147    
     324       1       2    3.969648382617326       0.9991643349668557        8.563531687631581    
     325       1       1    5.789968179132477        3.420251991852773        8.195745946394190    
     325       1       2    5.970546413453503        3.632244307044402        8.670482891884488    
     326       1       1    2.106902922211344        1.567985082644169        3.322684428240593    
     326       1       2    2.157346973754279        1.448516192356269        3.857039881018159    
     327       1       1    8.646932386650551        5.455959015329104        8.106516174763280    
     327       1       2    8.185925150802017        5.677253965635646        7.903937321778823    
     328       1       1    2.166366970203601        3.611968799805541        8.518221942266544    
     328       1       2    2.121518152016546        3.312593742236146        8.058777022172114    
     329       1       1    6.039763625260993        6.197177390732953        7.138205949128483    
     329       1       2    6.468844479042357        6.056063590185342        6.824336813300120    
     330       1       1    6.519423145783588        9.044516514766654        3.218636779719371    
     330       1       2    7.014780831730180        8.914640148636433        3.018096572171722    
     331       1       1    6.772931825469123        1.364985697380624        3.755202315651061    
     331       1       2    6.721382561513701        1.010509169212684        3.337936194205845    
     332       1       1    7.020250892619851        8.247326463170705        3.791617643607772    
     332       1       2    6.712046344991200        7.825072373625443        3.963290671841822    
     333       1       1    8.285900644364050        7.459612373663291        4.015347588695268    
     333       1       2    8.442710985209937        7.062705805725614        3.668508079593427    
     334       1       1    7.048613590067795        9.203314871399671        4.134262878591198    
     334       1       2    6.526539531291288        9.073449305429643        4.252654870988856    
     335       1       1    7.316882411371530        6.351250682691024        6.967720159498931    
     335       1       2    7.853125893553609        6.246718502184114        7.029922402637849    
     336       1       1    5.653988163863650        1.881125510755202        7.814726203962290    
     336       1       2    5.463173702412349        2.117097902700968        8.274454301294206    
     337       1       1    2.296830710824278        1.374648708416059        4.565235287697490    
     337       1       2    1.931237280380957        1.785333185528037        4.570968687365363    
     338       1       1   0.3137341178715299        9.384404884634653        7.559874409736205    
     338       1       2   0.1000799924253418        9.044304997881943        7.184178436828023    
     339       1       1    6.531771606056642        5.106747145610351        6.875888920939500    
     339       1       2    6.858600742045952        5.333592192158088        6.495562155447639    
     340       1       1    4.989792719059174        5.902943195406452        7.163899312618416    
     340       1       2    5.537932274754914        5.931433140632602        7.125278871885358    
     341       1       1    6.382318021182509       0.8908908819219070        7.086943844643478    
     341       1       2    6.434894708282296       0.4170784121834673        6.812715987118428    
     342       1       1    4.838545904649382        4.063188861880155        7.507159532933441    
     342       1       2    5.186831206933207        4.442985143233766        7.699293900582336    
     343       1       1    7.683279672898674        2.904558130502242        3.735464923098390    
     343       1       2    8.082525990685834        2.672993142238288        3.436463274798611    
     344       1       1    7.697359715548458        1.983000231355415        4.207860343406135    
     344       1       2    7.319261303920139        1.867115570094910        3.825661679413850    
     345       1       1    2.259760481902477        2.292714994548786        8.077302083482241    
     345       1       2    1.870059652024570        2.392454190865351        7.702417402671728    
     346       1       1    9.395107263788526        4.389783177649368        3.283942863421636    
     346       1       2    9.806316612255388        4.446544590788143        3.645114846902743    
     347       1       1    9.344310714813714        6.758936821582453        3.572040826865369    
     347       1       2    9.768968020908119        7.082101858349011        3.435389506607232    
     348       1       1   0.6994835493260514        4.472379695479453        3.873287765505599    
     348       1       2    1.179784152430977        4.654137786507918        4.070861840076282    
     349       1       1    5.299244634016230        8.931778242716813        8.479716253779053    
     349       1       2    5.595606019609020        9.350457196214018        8.281648005380143    
     350       1       1    3.776087852502275        6.759780810128092        7.326523754944532    
     350       1       2    3.943028459076228        7.221492656783208        7.078102353944591    
     351       1       1    9.609511700063429        3.643497378609811        8.173727456215678    
     351       1       2    9.296797535328867        3.552311486354256        8.617147641159885    
     352       1       1    9.972057505667532        2.240725551202544        3.950996184954702    
     352       1       2   0.2072201505778062        2.345548201804065        4.437244288856098    
     353       1       1    2.671372559549242        5.657916167298158        7.391403360230301    
     353       1       2    2.973548774826538        5.761063303605497        7.839190905324056    
