         343          14         343         391
         343   1000.0000000000006     
           0   158646701          -1           1
  0.13206856    
  0.11044639E-01  0.50000000E-01
   10.000000       25.000000    
   10.000000    

       1       1       1    1.844946798041329        6.670561429709388        6.881971966187826    
       1       1       2    1.719811983702980        6.852475104361561        7.386204382191720    
       2       1       1    2.208946858992265        6.939456251688922       0.7626823510508370    
       2       1       2    2.747464517934465        7.050727305476548       0.7688812484777769    
       3       1       1    3.057789293800203        1.901916048690851        9.019301706990911    
       3       1       2    2.526821191563950        1.877456148930251        8.878654151295928    
       4       1       1    2.189612983139636        1.384155670656900        9.154771126602652    
       4       1       2    1.999005731012985        1.112442425168894        8.716368612533717    
       5       1       1    2.049326553161903       0.9440962303962473        7.703088007040490    
       5       1       2    2.265474083059537       0.5352532484046157        8.000412626999099    
       6       1       1    1.438739579028075        5.771384134617400        6.613476162475906    
       6       1       2    1.077988314300740        6.069317986614345        6.902232812736854    
       7       1       1    2.425549958785742        1.803380092474790       0.5270748929418006E-01
       7       1       2    2.723318304871493        1.387004155764929       0.2538170399208371    
       8       1       1    1.404357017923143        2.935979785407784        5.088611512108042    
       8       1       2    1.362364817347648        3.227808544033746        4.624873131101226    
       9       1       1    3.388684744177063        9.362382892013400        1.718276502171845    
       9       1       2    3.409413963050232        9.382892063949807        2.268010977399324    
      10       1       1    1.414149451234400        8.614857578038126        3.610103291944712    
      10       1       2    1.486474071935812        8.910137715619506        3.151306283238605    
      11       1       1    2.232665233725796        9.356196360415723        5.602334674936227    
      11       1       2    2.543314318642074        8.903304709670468        5.578283001516843    
      12       1       1    2.425340833665482        7.001591502748352        2.101490376543300    
      12       1       2    2.056859099906486        6.666979467101479        1.867411006939457    
      13       1       1    2.146116992100967        9.863715710963058        7.053822350984931    
      13       1       2    2.127456717159038        9.625906141746004        6.557740187735868    
      14       1       1    1.620894253943358        7.568756893423907        1.414159364478683    
      14       1       2    1.583583452006820        7.051087045092555        1.595699654545388    
      15       1       1    2.384587674374889        9.358604997063670        8.485150786845251    
      15       1       2    2.558314351568950        8.837285527820312        8.504879672271100    
      16       1       1    1.163666079118139       0.2525864234250773        2.234826387050182    
      16       1       2    1.072333065844168       0.6379075466447538        1.853305673034229    
      17       1       1    2.497715339237646        7.064931895578806        7.732126324341748    
      17       1       2    2.497046020686474        6.556552013302954        7.942101330660550    
      18       1       1    2.720265780667144        8.318276681695959        8.901654216107174    
      18       1       2    2.638304760760400        7.785315298849779        8.794640899253402    
      19       1       1    1.867572317047055       0.7220922053893679        1.204215992329069    
      19       1       2    1.659890312163905       0.2395004795386730        1.367470659998196    
      20       1       1    1.086634825755942        6.866114209581774        1.964336969118894    
      20       1       2   0.9262406832176777        7.225814461731881        1.580448867196760    
      21       1       1    1.881784783880758        8.623561121639193        6.542371291099376    
      21       1       2    1.353520489049782        8.533854234769988        6.668149642250550    
      22       1       1    1.450972308072569        3.083530431585645        7.417921480130384    
      22       1       2    1.485276778721940        2.832911151922910        6.929237120132558    
      23       1       1    1.238509459383216        3.940983274447249        6.557778739025479    
      23       1       2    1.586385077676559        4.337534550814651        6.402771845982454    
      24       1       1    1.934525752806179        4.539414881734128       0.3286553585565760    
      24       1       2    1.577846508268460        4.958334443292022       0.3350128182088065    
      25       1       1    3.514316819437327        3.160415591974455        5.041105132669552    
      25       1       2    3.298235567645729        3.364914504763261        5.503674096612976    
      26       1       1    1.591019109441898        8.098999494872082        8.484004045309996    
      26       1       2    1.160723380941884        7.854527588089871        8.243890673112874    
      27       1       1   0.8316104664658389E-01    9.598541508302553        8.096081749342867    
      27       1       2   0.6272322264529815        9.647299369250169        8.161580751371835    
      28       1       1    2.468929342885493       0.2526268614316354E-01    9.594263550753256    
      28       1       2    2.544044351775211        9.656152039235520        9.193565449947272    
      29       1       1    2.859319999227098        1.361836507090131        8.144573234188286    
      29       1       2    3.037056404265513        1.788207148413071        8.442545446503674    
      30       1       1    1.191715353763273        7.884664616040109        7.566340253695318    
      30       1       2    1.352756399761801        8.332973404615926        7.292761420747872    
      31       1       1    1.743524334112544        5.710386106510708       0.2461714451138093    
      31       1       2    1.691252960387245        6.204098844073756       0.1016976138955873E-01
      32       1       1    2.540750721921081        5.452292097367399       0.8518562467019712    
      32       1       2    2.478492114349982        4.934158058635516       0.6772339047366003    
      33       1       1    1.946691950431225        6.214290957192660        1.434147481931568    
      33       1       2    1.683145203447966        5.860391398243917        1.762006281528042    
      34       1       1    2.571135623720072       0.8039268275140631       0.3368000169149576    
      34       1       2    2.824707855764939       0.9595971782825452        9.873974071430988    
      35       1       1    1.702382603213683        1.871725567950771        7.337541790866546    
      35       1       2    1.823390458895862        2.396938199589437        7.227958193715755    
      36       1       1    1.548097906854484        2.367666232501722        4.110953432898813    
      36       1       2    1.500472901525771        2.398717116459411        4.658573499478120    
      37       1       1    2.077283346809232        5.558341713324885        8.842211236732000    
      37       1       2    2.147477700540064        5.628669420103035        9.383387355336996    
      38       1       1   0.7210385388449277        6.093473217050411        7.515778247841930    
      38       1       2   0.3064772142831859        5.876118076072379        7.804671634556265    
      39       1       1    1.012482299437913        7.751309986204237       0.4488944121758362    
      39       1       2    1.402702127701429        7.471460152396754       0.1812423002291357    
      40       1       1    2.294143688941353        9.549056857829999       0.9143782065393654    
      40       1       2    2.480441993413913        9.300633997520714       0.4602634349436021    
      41       1       1    1.527249235095776        3.764532210826444        9.767184859796421    
      41       1       2    1.257171977888411        3.345041598303586        9.998975935335597    
      42       1       1    2.408249627599726        3.264607381678849        4.256174983192912    
      42       1       2    2.743694923776832        2.953631265410073        3.951123366528527    
      43       1       1    2.421615875464143        7.783736461672033       0.1945005735957908    
      43       1       2    2.504170628042034        8.092701207046263        9.747230446380964    
      44       1       1   0.5138716884785621        8.596331908386780        7.941468192481298    
      44       1       2    1.029860466036477        8.593667145147352        8.132105683192638    
      45       1       1    1.140635548746422        2.821017509189506        1.538561431836452    
      45       1       2    1.355293979149714        2.404336498004750        1.826719507071854    
      46       1       1    2.014953231106239        3.508058055732936        2.111512713207983    
      46       1       2    2.341212192719274        3.245307464747282        2.466556256709605    
      47       1       1    1.801287052381683        7.819822807073612        2.644398672578896    
      47       1       2    1.772856339307633        7.391527232574578        2.987612535820932    
      48       1       1    1.204723282187979        5.490206315411664        1.403554353658737    
      48       1       2    1.372494879465992        5.142516131393511        1.011593966256541    
      49       1       1    1.000132246516148        3.386232531452676        2.367429169056952    
      49       1       2   0.7502779938785885        3.061551669759882        2.734762033965737    
      50       1       1    1.911626360776686        2.361993306431099        2.300680945948641    
      50       1       2    2.264642728697132        2.621192891858396        1.968662603989261    
      51       1       1    1.062932446273331        1.635063436562484        1.734731372620710    
      51       1       2    1.219428593279749        1.108769094854026        1.765094522149189    
      52       1       1   0.7112005883405346        5.183045227116840        4.137500453645377    
      52       1       2   0.5202511418359010        4.880041791436743        4.554829910442451    
      53       1       1    1.946719627618990        8.593625210813075       0.6449719246631060    
      53       1       2    2.333110582666687        8.886615616502766       0.9045736056261836    
      54       1       1    1.412896963640039        9.918778785336000        8.878416825952657    
      54       1       2    1.495156401434833        9.445127982878892        9.144586837582953    
      55       1       1    1.923676761281535        8.846304361858019        1.733534343502613    
      55       1       2    1.731431540928755        8.576615849699843        2.172919790474267    
      56       1       1    1.577882280088924       0.8388976411773248E-01   0.3581191826126532    
      56       1       2    1.209039353140150       0.2217466338546853        9.974359330145033    
      57       1       1    1.102458136869779        6.818142575877682       0.8098950936348962    
      57       1       2   0.8391648162830102        6.707592474219028        1.280438889823806    
      58       1       1    1.099507711324094        1.161106017322464        8.763541150326036    
      58       1       2   0.9347786363431256       0.6633370435904533        8.929105718713959    
      59       1       1    1.548690918724075        1.074506039185471       0.7664728007496127E-01
      59       1       2    1.996875089636712       0.8273741110270446        9.873567637652926    
      60       1       1    2.812733099615219        4.971668511472465        8.355670411037801    
      60       1       2    2.338067662666308        5.173544950411015        8.165200764930432    
      61       1       1    1.577105657415867        8.007536343758249        9.660595943318821    
      61       1       2    1.733941056893040        7.485643765112586        9.733630611926701    
      62       1       1    1.972092480453558        9.043448866044420        9.590380625342480    
      62       1       2    1.760632760940924        9.182285901403041       0.7862664947183998E-01
      63       1       1   0.7350984232596670        5.866333083670758        2.754233827851444    
      63       1       2    1.264554400459544        5.996977855481751        2.829450960501267    
      64       1       1    1.956945137662492        6.199974837014270        7.762526592583005    
      64       1       2    1.472360662525421        6.367872322631380        7.961826778663007    
      65       1       1    2.344159179487721        7.016394944322953        5.173951779553298    
      65       1       2    2.240643350263692        7.269503422434183        4.696600945469992    
      66       1       1    1.077446535586027        9.503149045029851        1.500734284817429    
      66       1       2    1.330107131301816        9.220122613764833        1.102815783631614    
      67       1       1    1.457577580005992        3.760051501213088        8.605941425765620    
      67       1       2    1.375518716916974        3.300937393610153        8.314778858320983    
      68       1       1    1.290488078871410       0.7753182450424497        6.548235776608816    
      68       1       2   0.9510826831951356       0.3445886949968490        6.504362586750179    
      69       1       1    1.623083045144337        6.929027342992026        9.409962593087238    
      69       1       2    1.197609670476389        6.620279567607226        9.570902363162350    
      70       1       1   0.7434209012313675        9.515248837054896        6.795762242767914    
      70       1       2   0.8164630740308378       0.4962851818651908E-01    6.687303199975626    
      71       1       1    1.345100665133514        9.179337433469888        2.493499999962924    
      71       1       2    1.560155430617195        8.691159946194617        2.357565229679344    
      72       1       1   0.9929058019731125        4.687152514481944        9.192879151856678    
      72       1       2   0.8240791716893527        5.164042751710712        8.978014341668588    
      73       1       1    1.344429309163327        2.207248518102644        8.563098777239711    
      73       1       2    1.477666059297325        2.425259903522285        8.076175436664395    
      74       1       1    3.019219679902913        8.951224638714120        9.791777859026737    
      74       1       2    3.008458282502436        9.024768674329367       0.3365268808098411    
      75       1       1    1.354450413146832        1.735260978359602        5.940288174246603    
      75       1       2    1.561857434813849        1.235765603665030        5.840968989472626    
      76       1       1    2.666823597008293        2.852287277495264       0.3983174801209746E-01
      76       1       2    2.687573701853888        3.383067633075121        9.896716402415993    
      77       1       1    2.358455165070124        2.242273817201642        8.007744580039194    
      77       1       2    2.569753623402149        2.234186404671110        7.500137293145777    
      78       1       1    2.615679016574145        6.162203942977765        6.373084179977133    
      78       1       2    2.942767022346885        6.496850316607145        6.084338372500115    
      79       1       1    1.819200606412713        7.636942826823173        6.313876404021625    
      79       1       2    1.546233103923862        7.357982448714161        5.926417237066167    
      80       1       1    1.599139936304564        3.043203910199145        3.346418274406784    
      80       1       2    1.341747349530429        3.522402383304251        3.266109687253263    
      81       1       1    3.074144741896133        6.931336420568820        1.278936541473153    
      81       1       2    3.609499794818850        6.971508999036661        1.156993356027857    
      82       1       1    2.500045224515134        7.103539417325829        8.820984866661989    
      82       1       2    2.609847284357720        7.200882578964245        8.290645419269568    
      83       1       1    1.215238338541548        7.149072394791486        8.343252103856305    
      83       1       2   0.7118776221819196        7.360598868092929        8.274866043562398    
      84       1       1    1.430811880490060        8.273014789829054        5.380467767121220    
      84       1       2   0.9311218904743107        8.414259214917880        5.199277884884812    
      85       1       1    1.883691689050149        5.766868335523713        2.327133564879524    
      85       1       2    2.162580242849611        5.351710544826947        2.098419758234273    
      86       1       1    2.969366680651206        5.796437401423632        2.223004427142927    
      86       1       2    3.053057070237701        5.256594088925701        2.156724973310466    
      87       1       1    1.654271416751330        8.974148028581748        7.564552907130413    
      87       1       2    1.752698042085481        8.533982237908932        7.249262434192060    
      88       1       1    2.197154567386411        3.452710634883513        5.554526148156622    
      88       1       2    1.798198905840370        3.805242215426803        5.694277112810341    
      89       1       1    2.934074039146489        5.287831362089429        9.478901683470241    
      89       1       2    3.160067485472541        5.778239651804884        9.584512586256059    
      90       1       1    2.647632216619720       0.4027063686761915        8.396187460325804    
      90       1       2    2.880964123008535        9.911333031376305        8.317388814623037    
      91       1       1    2.418048865567212       0.5102313941934894        5.990315498771249    
      91       1       2    2.338930566981863        1.046425898089471        5.899011005269687    
      92       1       1    2.602311739558594        5.403442511753748        7.466770850126887    
      92       1       2    3.135298108901735        5.523680870619794        7.530714319079917    
      93       1       1    2.179098573685378        4.280923280459948        3.588384585825651    
      93       1       2    2.585248273198975        4.322725601393889        3.220639358253558    
      94       1       1    1.734358031904825        4.616830836173605        2.745205229570375    
      94       1       2    1.732508861223042        4.067299795272716        2.771259542294200    
      95       1       1    2.677370117864278        7.985699255458762        5.500265965912581    
      95       1       2    2.418744492153967        7.769300257335065        5.065095526518773    
      96       1       1   0.7648815830650548        1.554631224272544        7.518367042101111    
      96       1       2   0.9037087722233564        1.469970107266825        6.992794860212566    
      97       1       1    1.713057789814857       0.5683392234907318        5.188947012412579    
      97       1       2    1.827551712291303       0.2333269839430656        5.609262597092572    
      98       1       1    2.173951106153104        4.184362283732786        7.757735511751404    
      98       1       2    1.668524956103616        4.063609493258115        7.577323194279567    
      99       1       1    1.517905084490458        4.108749557130328        4.469732141842029    
      99       1       2    1.023995385632620        4.181674588346238        4.237640046630970    
     100       1       1    2.644099532984360        5.361689102152678        4.270107549504276    
     100       1       2    3.180487426071192        5.251294297763425        4.326963567451930    
     101       1       1   0.2429045453542921       0.8729096944842158        8.214042710778157    
     101       1       2   0.5909125357440759       0.4956351129591574        8.015820673756918    
     102       1       1    2.867404274437688        7.922878126373146        2.068239357306672    
     102       1       2    3.331389479010668        8.159802002818529        1.892741523038344    
     103       1       1    3.396294942349090        9.859715020892567        7.603991353261049    
     103       1       2    3.150150119550477        9.923512583630837        7.116383444058807    
     104       1       1    2.804236886000079        4.075826681150347        4.871973578401732    
     104       1       2    3.110012691841247        4.326908997776117        5.254142361772654    
     105       1       1    1.017501213843710       0.3219937656673357        7.402541317081020    
     105       1       2    1.346833678374569       0.6689850603152691        7.131626036986346    
     106       1       1    1.480000008327160        1.939145116627425        3.170637205225078    
     106       1       2    1.303125259461609        1.419510787803278        3.200806239790963    
     107       1       1   0.5884199274323739        2.111201035893716        2.606075860786200    
     107       1       2   0.4868922058043381        1.731996663265674        2.991778533437443    
     108       1       1    3.251195628626866        2.814498620965673        5.946182099996153    
     108       1       2    2.920863699001111        2.442839781963877        6.181491913874745    
     109       1       1    3.172579463575648       0.9201798147783802        7.188162913888907    
     109       1       2    3.670454246939818       0.9156577402038499        7.421656226106005    
     110       1       1    3.004040278151838        8.675774862041598       0.8627489546546846    
     110       1       2    2.694940701711865        8.273406788250385        1.074825028167629    
     111       1       1   0.4314219208700718        3.152435645002819        3.297292490711202    
     111       1       2   0.2191564769817380        2.903201722745840        3.739108521665669    
     112       1       1    1.798726788755213        6.266443178078987        5.713412456019950    
     112       1       2    1.648237587854528        5.890898137103488        5.340753151431892    
     113       1       1   0.5163579272265437       0.1588684010935078        6.016523996708552    
     113       1       2   0.8238386476494450E-01   0.4806217644233414        5.911833962138874    
     114       1       1   0.3459463011558359        1.310936284627977        5.644592716368495    
     114       1       2   0.1278754551925200        1.684885112534395        5.304734289708759    
     115       1       1    1.516692961506421        9.877819498351457        6.160886639602849    
     115       1       2    1.258569571457123        9.425106487792299        5.985153359912133    
     116       1       1    2.104850634532722        5.164269470286839        5.594249974761992    
     116       1       2    1.604569402563426        5.253929011040292        5.383743532605113    
     117       1       1   0.7813109073101204        8.088346274841701        1.757692228194669    
     117       1       2   0.9396891401358658        7.615262171964823        1.526039121407601    
     118       1       1    2.218149449470428        1.058882924276028        2.412766164569823    
     118       1       2    2.238303427058507        1.127641025398061        2.958164922036711    
     119       1       1   0.4148683964812391        2.609590736649468        7.441926581311635    
     119       1       2   0.7766949166797843        2.734237646772159        7.046733181093122    
     120       1       1    3.113638264840153        6.292602434893146        7.240509131344067    
     120       1       2    3.133103780867128        5.871743975836107        7.594003623541044    
     121       1       1    2.899692844121234        3.111682723689416        2.965994812127233    
     121       1       2    3.448609961915734        3.132866572366074        2.993472198152956    
     122       1       1    2.121286932664734        3.640930311732682       0.7850087332362853    
     122       1       2    2.039959550866852        3.612938006962436       0.2412303261679787    
     123       1       1    2.239215671525583        4.828598115139583        1.599992650202123    
     123       1       2    1.785717519977013        5.076829365297320        1.787296257565034    
     124       1       1    2.455842994090690        1.581383170707629        1.575392999848465    
     124       1       2    2.158393028602362        1.510984805401998        1.118093335399413    
     125       1       1    1.542872313774330        5.676714792759432        4.720833136648850    
     125       1       2    1.771570891919347        6.177452099878712        4.706933665112166    
     126       1       1    2.231499028690218        2.479113598321249       0.9282918671100072    
     126       1       2    2.731670397047448        2.633242595188710       0.7590930210376571    
     127       1       1    2.913973628457863        5.184275897121176        3.164107017918350    
     127       1       2    2.454742355302398        5.310667525289061        3.439383279309913    
     128       1       1    1.598845696949938        5.214390067180324        3.630436951768134    
     128       1       2    1.979484825133128        5.065144996921611        3.998048215271673    
     129       1       1    2.873573016395529        8.336738757147183        6.630400727142166    
     129       1       2    3.349688846980547        8.490056428216588        6.403645837184958    
     130       1       1    2.259383897176368        7.919824600555590        4.381808249793606    
     130       1       2    2.558244585873810        7.906157135247622        3.920233896026769    
     131       1       1    9.986934492836616       0.6903236741439119        7.145521093816052    
     131       1       2   0.3883417781804513       0.3310433530744165        7.260135337126851    
     132       1       1    3.371521540644026        6.170716606528241        3.502108162146616    
     132       1       2    2.921878854466040        6.434443056819037        3.678441721652344    
     133       1       1   0.8077450382702123        4.002381930747442        7.596476553526116    
     133       1       2   0.7498585181705669        3.808691340643062        7.084148837410356    
     134       1       1    2.680112383075223        6.438414680372333        9.761986903583177    
     134       1       2    3.202772941709418        6.609579591910567        9.732404880141239    
     135       1       1    1.580039563131225        1.602037039035598        4.849935609652918    
     135       1       2    1.797591408300893        1.400705610740341        5.313409251117621    
     136       1       1   0.5774953744331988        1.712871917790945        3.637082883115302    
     136       1       2   0.9869527449117799        1.345878956483921        3.618867675168432    
     137       1       1    3.282020858384340        6.790083881044218        2.614717571282855    
     137       1       2    3.059535047481624        7.058387116390523        2.189968543912761    
     138       1       1    2.434665899429326        8.309904793090844        7.781009217042474    
     138       1       2    2.117736748547101        8.678148318810086        7.521988891908940    
     139       1       1   0.9535442726125569        1.052166594756082        2.978258601077560    
     139       1       2   0.7415022702198329       0.7985904269417935        3.418461234125976    
     140       1       1    3.223643318113262        8.871751044794360        4.943209170450361    
     140       1       2    3.387676369632830        8.347354404885429        4.979659080198652    
     141       1       1    3.110647630702821        9.603501146638445        6.238220521825749    
     141       1       2    3.132772214110077        9.968805164329664        6.648852246821331    
     142       1       1    3.703726941811274        2.154588059135983        4.667790448099581    
     142       1       2    3.900121234143060        2.639411204451321        4.495782958434822    
     143       1       1    3.641225505801977        8.559438683072299        8.521362178969886    
     143       1       2    3.398268566803386        8.607151792240497        8.030252904314970    
     144       1       1    3.906813414167056        8.929006476133589        7.259149208434454    
     144       1       2    3.764437232881291        9.440712721233853        7.118485386340874    
     145       1       1    2.931199031270015        4.116520316337678        2.535207046043729    
     145       1       2    3.468509510441874        4.002583156780518        2.563745722670748    
     146       1       1    1.503013460033472        4.884394968424958        8.292294268788400    
     146       1       2    2.015742392467084        4.812668190588616        8.478047362599039    
     147       1       1    3.079138917862936        3.073395578918464        1.854243627873774    
     147       1       2    3.312519412293549        2.989569995117856        2.345735169951296    
     148       1       1    1.377499644039921        6.589147712545712        3.079781280974892    
     148       1       2    1.382219170493991        6.466957897906943        3.616030783061597    
     149       1       1    3.043309194594239        5.977102298357518        8.433307597432945    
     149       1       2    3.450067960219188        5.734483761279194        8.154263305222671    
     150       1       1    2.416676323791459        4.342389209386258        9.147245276260252    
     150       1       2    2.257809533565283        4.834331785627541        9.335348763337707    
     151       1       1    2.955371746372474        4.136533549775580        1.249893427168436    
     151       1       2    2.814267114357575        3.667314428515495       0.9999878718911888    
     152       1       1    2.992693826628849        3.486581770350195        8.098782275647002    
     152       1       2    3.385276654431122        3.424912051016768        7.718512034209832    
     153       1       1    3.666870671458459        2.427912163677475        7.941616562085895    
     153       1       2    4.215272075028373        2.381940282157595        7.926982812386859    
     154       1       1    3.150345197077755        3.959413357428517        9.971155946430867    
     154       1       2    2.632622483475261        3.999521774213378        9.790437827630781    
     155       1       1   0.1910805364410546        7.018016161250594        7.499059860892010    
     155       1       2   0.7123844534099210        7.167023858190745        7.590834704227922    
     156       1       1   0.3244296352601363        2.244383348526291        4.551488127332071    
     156       1       2   0.3832360985034265        2.594750614226088        4.131751815353891    
     157       1       1    3.430080467179808        4.047033914319094        3.578792129474173    
     157       1       2    3.554955410709964        3.583632573557253        3.847163700863596    
     158       1       1    2.697541314041899        4.772217795657622        6.598986176212922    
     158       1       2    3.242606672176658        4.768309876716701        6.525010256653538    
     159       1       1    3.505524810943625        5.112506724006566       0.4941974361445210    
     159       1       2    3.285554573601395        5.614233789563565       0.4413042211132156    
     160       1       1    1.802047480261915        2.790836743724438        6.374493823067114    
     160       1       2    1.503799578147890        3.167754153970967        6.641698200951661    
     161       1       1    2.368181560805757        1.809299513519084        6.542391915882162    
     161       1       2    2.308191252531049        1.844830717748681        7.087834602486164    
     162       1       1   0.1379361162176317E-01    7.664472786618452        8.264738601382064    
     162       1       2    9.525593615063489        7.828862274231740        8.457015911677475    
     163       1       1    2.199056859196817        9.790507764756633        2.011062906316737    
     163       1       2    1.713904265628249        9.625940762006234        2.212099974618225    
     164       1       1    2.972777955654678        2.364465135919725        7.145649196640280    
     164       1       2    2.436532965282003        2.335369003804717        7.264367649515098    
     165       1       1    1.410771807499617        2.839627803856735       0.3103497896545476    
     165       1       2   0.8705110959708440        2.929435685756610       0.3556891732864431    
     166       1       1    3.523525189990460        4.978889259711768        1.735722410780428    
     166       1       2    3.437581043838090        4.890135897516313        2.271679825176244    
     167       1       1    2.875683025468457        6.025759120278784        5.300623857587478    
     167       1       2    3.371897285284279        6.122392766077128        5.083984312462430    
     168       1       1    2.609927480172627        6.430833580474287        4.388425058269076    
     168       1       2    2.235537859168861        6.179576297205776        4.703117395018282    
     169       1       1    2.398459291098783        7.501282767389666        3.434625973056379    
     169       1       2    2.630429494295571        7.353324350055149        3.910679761076386    
     170       1       1   0.6449007988844414        3.208369186202908        8.398388623297073    
     170       1       2   0.5746742894904244        3.671362554829897        8.109911096285918    
     171       1       1    3.260203079728553        1.744348754309289       0.8166816825541496    
     171       1       2    3.792518654735553        1.867765122872943       0.7503830517780067    
     172       1       1    3.180611276871837       0.9193754477263421        9.346524386612426    
     172       1       2    3.243551514254278        1.315067546722227        9.723653407397673    
     173       1       1    1.375830401396094        1.853034745369027       0.7150819482189451    
     173       1       2   0.9298066824824640        2.129162633363939       0.8812944354145315    
     174       1       1    3.382443005931458        1.656511924251973        6.024963790283765    
     174       1       2    3.042171011096652        2.087948796410088        6.003165355418967    
     175       1       1    3.658529987026414        3.077396496613526       0.7069470590546865    
     175       1       2    3.607273307658077        3.456748020647519        1.101586237369875    
     176       1       1   0.5109832511635902        6.185514385216480        4.969275619589144    
     176       1       2   0.4226142860389445E-01    6.270954526533028        4.695404772684563    
     177       1       1    2.566893920679564        3.411935677223283        6.877141277417998    
     177       1       2    2.662645836193566        3.948464554332654        6.801558488556377    
     178       1       1   0.9268596977748831        7.231765203755737        6.667994245889804    
     178       1       2    1.395685946927388        6.945093082989117        6.685651660236839    
     179       1       1    9.753760738513440        9.315282014421403        6.989156931465333    
     179       1       2   0.3714929199679204E-01    9.198619911649862        7.444903006656192    
     180       1       1    9.917461976959036        7.846845459206754        6.796004788888267    
     180       1       2    9.817767413261279        7.855180373696852        7.337023568217333    
     181       1       1    3.188894771340185        3.856881113087272        5.786631267411485    
     181       1       2    2.985838157407069        4.335597260188607        5.607668904649072    
     182       1       1    1.033967952448802        2.941805047733094        9.299950705498899    
     182       1       2   0.7268504331630883        2.875182620176127        9.751749973693020    
     183       1       1   0.7419149163389194        8.510801392607627        6.714589528382346    
     183       1       2   0.7984356410054747        8.201246198129949        6.263719748604535    
     184       1       1    3.572968824530400        9.868147026183523        8.990802057144673    
     184       1       2    3.686579204095714        9.792420065095268        9.522970936239000    
     185       1       1   0.7988377546994089        9.067041745813556        5.822379619025271    
     185       1       2   0.6106866312026208        9.573621470844783        5.925560656408941    
     186       1       1    3.675166942320382        3.498335701418110        6.900513683677580    
     186       1       2    3.490124059542246        3.052923462884213        7.165159218041500    
     187       1       1   0.5634975813494894        1.914109699973465        9.605515936626128    
     187       1       2   0.5336370612908165        2.383263366557051        9.320143479421455    
     188       1       1    4.089238544290702        9.625749565387915        6.509996759747209    
     188       1       2    4.042730700938981       0.5282969715887243E-01    6.853494762972148    
     189       1       1   0.4440641432091706E-01    2.194127582255339        8.601922671247655    
     189       1       2   0.2090489334704597E-01    2.612102759091259        8.245371874023206    
     190       1       1   0.2791451672129148        8.207611129626224        5.450109409620588    
     190       1       2   0.1491821087645387E-01    8.429574989653512        5.021793671522438    
     191       1       1    3.258253214579220        9.830994635683167       0.3213954667067869    
     191       1       2    3.058973347410076        9.437949235530596       0.6503132207129318    
     192       1       1    2.440761506794553        8.584442162209559        2.889066986042171    
     192       1       2    2.491072232474974        8.938527935812276        2.471179074121668    
     193       1       1    1.024341077609279        4.506524270564445        1.999709820876008    
     193       1       2   0.7014050157105937        4.509444568284069        2.444608929642903    
     194       1       1    1.136926896385223        4.076181346043255        3.506357071348021    
     194       1       2   0.6575969295176746        4.303220526148103        3.652815274523097    
     195       1       1    9.690455143715262        1.300789405715896        8.987429775517963    
     195       1       2   0.3313633462992340E-01    1.449417335802571        9.391470558304462    
     196       1       1    1.121247642020129        4.014393307433166        1.111816662300332    
     196       1       2    1.056068815729679        3.600908715145314       0.7551868128683206    
     197       1       1    3.380551353940831        7.343149066581543        8.127414612084371    
     197       1       2    3.531448891868730        7.111042936772415        7.652680469079156    
     198       1       1    4.338550889833704        8.474622419239934        6.377007763782075    
     198       1       2    4.427231404071449        7.975829208723373        6.162310043127409    
     199       1       1    2.715633990632201        9.220960301665786        3.913616287671003    
     199       1       2    2.869182664840305        8.998295870861293        3.434998693867318    
     200       1       1   0.8789397996021978        7.428768141200629        3.850395714017619    
     200       1       2   0.4560209173997501        7.778800119951758        3.825234992430785    
     201       1       1   0.3972733731722262        8.855856701118228        2.623302552509309    
     201       1       2   0.8942686772668752        8.797332440625667        2.849379156147113    
     202       1       1   0.6394109815124226E-01    9.768878372127304        2.036761809879883    
     202       1       2   0.1246554131478443       0.2754667342726271        1.829109127582222    
     203       1       1   0.6071194044688157        3.297838293495137        4.383928316560695    
     203       1       2   0.1115654712026631        3.416662373735096        4.589365327720825    
     204       1       1   0.3493278296917332        7.194536284081588        9.828683080129059    
     204       1       2   0.3867092897924701        7.711888544400832        9.646137398067026    
     205       1       1   0.1599190471544552        7.168744104379929        1.293258877263144    
     205       1       2   0.6332266422589053        7.290640877559360        1.546250995069787    
     206       1       1   0.4522046850948795        7.829541190792903        3.013092935847414    
     206       1       2   0.6149019137873496        8.150550488380045        2.596879576429253    
     207       1       1   0.2351560019588310E-01    2.061439914168746        1.149750765025228    
     207       1       2   0.8585361197671272E-01    1.620793720770588        1.472457825910461    
     208       1       1    1.842645465375732        9.450038493454926        4.627833248979116    
     208       1       2    1.630778990713831        9.468010027223292        4.120538407989625    
     209       1       1    9.068885145246423        8.572668636772658        8.100350397386073    
     209       1       2    9.407544683252365        8.313334535775182        8.447379506011867    
     210       1       1    1.286780838301810        7.188089177846875        5.211189989100697    
     210       1       2   0.8276678879365544        7.030823245999463        4.952266911154220    
     211       1       1    3.408034073597612        7.208453488815506        4.636168072288961    
     211       1       2    3.352983348398776        7.707903848320323        4.859133761711914    
     212       1       1    3.781662831997575        8.516121122164657        2.683035131801375    
     212       1       2    3.615285042921243        9.034263536490233        2.765076489337325    
     213       1       1   0.1360137369805419        9.107115766689995        1.231290024230735    
     213       1       2    9.676881379591407        9.403975882893681        1.166652563082795    
     214       1       1    3.857191657053138        2.017001286863867        9.845139116448872    
     214       1       2    3.942885048259734        1.673846951311197       0.2670492920464070    
     215       1       1   0.4310827848049217       0.3470081799406649        9.408444726731068    
     215       1       2   0.7213674243553935        9.882411210298393        9.457097299341978    
     216       1       1    9.786888797435488        1.269825821623222       0.3758152158679235E-01
     216       1       2   0.1257540744925475        1.303149307215330        9.605125283573633    
     217       1       1   0.4195025977552750        6.845867454600483        5.802372070755893    
     217       1       2   0.3040642676592039E-01    6.493683025536610        5.965769145490444    
     218       1       1    4.038430770082155        6.073736512376586        4.316448231154530    
     218       1       2    3.946098773405416        6.207822837866448        4.842058804885571    
     219       1       1    2.237291248603893        2.991069319795669        9.129521061880689    
     219       1       2    2.334871926343628        3.515910057487777        9.263259601578122    
     220       1       1   0.7985444792329490        8.763852035684391        4.462693452206486    
     220       1       2   0.3438412205837760        8.911796016555508        4.191631407298519    
     221       1       1   0.8228783165570393E-01    1.030734810798631        2.045984245453672    
     221       1       2    9.923710555080483        1.549717737790573        2.137079668081511    
     222       1       1    3.848658936507246        5.009622156153246        3.987996524978568    
     222       1       2    3.971214639036520        4.475209688941375        4.026733093720967    
     223       1       1   0.1915626229200729        7.439029425579760        4.752174757750202    
     223       1       2   0.5384372343251704        7.807851096983200        4.967181393519459    
     224       1       1    1.648148739406377        6.766328722582681        4.220911929183546    
     224       1       2    1.355429871246311        6.715103407911351        4.684115358542242    
     225       1       1   0.6251538608177515E-01    6.728604623037097        3.171966762089850    
     225       1       2   0.2247069499564874E-01    6.207845166149950        3.344365047299454    
     226       1       1    3.393932650634784        7.211230876571649        9.524901754103436    
     226       1       2    3.408557144524509        6.795609780371947        9.165002021464439    
     227       1       1   0.1312885997403806        5.906583022052062        6.605426716457020    
     227       1       2    9.684095212517512        5.989597289510066        6.296219189375399    
     228       1       1    4.252242344687554        4.119716065807332       0.7462694261518317    
     228       1       2    4.679241295321491        3.779394710501864       0.6789338322919612    
     229       1       1   0.7780086194689686        6.178254007663619        3.783309345511164    
     229       1       2   0.6854422493127670        6.715018356697485        3.705294499270772    
     230       1       1    4.015189415555558        3.686297274376525        1.826877353191886    
     230       1       2    3.745814691196295        3.447347411194304        1.410797898069438    
     231       1       1    3.897546674378922        5.150900782364975        2.830489305871249    
     231       1       2    3.398367678239612        5.374421305766170        2.891519552811177    
     232       1       1    9.415231906479464        1.504251472046512        7.832197903328829    
     232       1       2    9.536842713684129       0.9676111554337171        7.829055552270192    
     233       1       1    4.024820193933730        7.945468300601823        5.009392909722761    
     233       1       2    3.476993990147868        7.986419385412371        4.981308503774111    
     234       1       1   0.4415526008122873        4.845872415195782        2.836814282081782    
     234       1       2   0.7158272842551131        4.445095982520864        2.579626364457462    
     235       1       1    9.681870566434910        1.764256160202063        2.923065049455386    
     235       1       2   0.1745715787309869        1.571771182543546        3.073938347233075    
     236       1       1    4.109800243824798        9.223217411586628        9.676250274317415    
     236       1       2    3.783070565103947        9.259577756622503        9.235223158245269    
     237       1       1   0.6247488167666838        9.788080208023382        4.962047321669553    
     237       1       2   0.6664256034278683       0.1775813405182522        4.575887485121379    
     238       1       1   0.5748492795965028       0.7979447657680852        4.443656190380668    
     238       1       2   0.9298747398859575       0.7546288791465768        4.861579546118930    
     239       1       1   0.6601416874201256        9.685802468953211        3.837143371453265    
     239       1       2   0.6850101121174440        9.672212795353198        3.287139041589158    
     240       1       1   0.3126319684892517        2.992099577624525       0.5977317284626900    
     240       1       2   0.8432796140788934        3.063066962329899       0.4685628963746174    
     241       1       1    4.017484623437221       0.7135564065343865       0.1275171977872142    
     241       1       2    4.407009998582883       0.7161658579360184       0.5161920284380775    
     242       1       1    3.742554930764697        7.407825128127090       0.6866674990658880    
     242       1       2    4.177705322465767        7.720129734929984       0.5606066030354743    
     243       1       1   0.9640016427529543        6.008162322040387        9.262139158018396    
     243       1       2    1.377798583507360        6.253599098201654        8.995324678963721    
     244       1       1    3.811941122841583        6.238679285686604        1.434922572627530    
     244       1       2    3.324967387762777        6.308501245996204        1.188983891713399    
     245       1       1    9.736861517061769        5.569547791369811        3.814689038721953    
     245       1       2   0.2469315001734024        5.773125833252242        3.845545145344663    
     246       1       1    3.292214810328597       0.5230569533471583        1.237285480520868    
     246       1       2    2.844847198465412       0.8308244361922343        1.151431892840595    
     247       1       1    3.616096504771609        6.188350052364973       0.4356031011203544    
     247       1       2    3.725471275362857        6.666652336416564       0.1869198499991328    
     248       1       1   0.6270798245915346E-01    8.479747517693390        3.815174680306459    
     248       1       2   0.1701720176910609        8.520297347679703        3.277292480404266    
     249       1       1    9.470288125273859        1.417545533580947        4.623009252681534    
     249       1       2    9.272082604102073       0.9204516918392179        4.747962650155719    
     250       1       1    9.370997224985052        9.202559704411589       0.5979679805280888E-01
     250       1       2    9.913231662439129        9.120947587548297       0.2343273776210899E-01
     251       1       1   0.1532953224837971        9.343352727225724        9.130637776863770    
     251       1       2   0.5275278158864108        9.568565874676093        8.797340978668712    
     252       1       1    9.647965059321463        8.165660497567984        9.379543122283073    
     252       1       2    9.619962976746407        8.648204906333568        9.118345010631304    
     253       1       1    9.600814614097493       0.6218314067319773        5.305836470786684    
     253       1       2    9.146955931511025       0.8820682855199719        5.476357643485126    
     254       1       1    9.786154823720445       0.5126397392809723        3.494889194713905    
     254       1       2   0.1038711466320856       0.3379097189176637        3.909417407003591    
     255       1       1    4.496141429298769        5.083368686678591        1.436858015910174    
     255       1       2    4.113983488744644        5.296804447924613        1.103739432794685    
     256       1       1    4.542334579741367        9.186288480226148        5.498528681833585    
     256       1       2    4.893669182839096        9.511323874027953        5.769576465231314    
     257       1       1    9.128161361647205       0.9921442344960802        6.647615645757565    
     257       1       2    9.153809406811504       0.5888430954270982        6.274380016642681    
     258       1       1    9.369511713396710        1.683846582437595        5.825015306489116    
     258       1       2    9.293998844245232        2.123058623068854        5.502247592589590    
     259       1       1    9.825929966221121        1.985858311404340        6.861089833143773    
     259       1       2    9.336484126451680        1.739091573351730        6.815084908979405    
     260       1       1    8.776210132377390        9.352735210132474        8.786580405702519    
     260       1       2    8.675833443748129        9.756285193664889        9.146982196874692    
     261       1       1    4.182635903155886        2.353268333216308        1.765489531666195    
     261       1       2    3.838124621246262        2.412006744139291        2.190014871948160    
     262       1       1    1.591399902458665       0.7163264353141247        3.920914678676207    
     262       1       2    1.374221479501851        1.084947804227292        4.267064538312771    
     263       1       1    9.756126910196983        2.715893240799729        2.280343755675772    
     263       1       2    9.419271949411350        2.958453561105844        2.640474695846115    
     264       1       1    9.975203568146647        6.376890526255070        8.303401501816921    
     264       1       2    9.809497661603038        6.560596937655935        7.812115072478286    
     265       1       1    2.858662022168528        1.001258981997273        4.934688366996696    
     265       1       2    2.577704976920816        1.037325923235835        4.463168311027809    
     266       1       1    2.767394766101251        2.288025454755269        3.563591049126832    
     266       1       2    2.853438250620384        2.294005444526987        3.020057549848292    
     267       1       1    3.593028434254092        1.079094566058493        3.820261659710809    
     267       1       2    3.507494825207609       0.7857744639120710        3.363088488776007    
     268       1       1    2.578040676803841        2.382537581197214        4.957374364364328    
     268       1       2    2.309642688852335        2.852070561012100        4.855792767413709    
     269       1       1    4.172073009386708       0.2024761137411389        4.644780289319911    
     269       1       2    4.559540874201026       0.5557296302057511        4.479128257446149    
     270       1       1    4.058185974136885        8.900728899763438        4.000514331235580    
     270       1       2    3.742432112831608        8.473616255134438        4.142948309223819    
     271       1       1    2.329670051257349        6.064644968538897        3.243934694700070    
     271       1       2    2.764733057947589        6.303201193320438        3.480939117970845    
     272       1       1    3.575555939337739        5.093304280342945        5.362616676980704    
     272       1       2    3.599048008447857        4.794142053536358        4.901626921348933    
     273       1       1    3.902109868962603        7.458550705083679        1.877992932445741    
     273       1       2    3.906439612666696        7.000027187433616        1.574173437042960    
     274       1       1    3.898157214251727        2.897027905872810        3.707828914350416    
     274       1       2    4.339993968726043        2.750945628394800        3.413298557261050    
     275       1       1    4.432315264508543        2.858811627671881        2.734461797361860    
     275       1       2    4.508456366359023        3.402034136392327        2.775441606445955    
     276       1       1    4.541484769285054        4.214119848395207        2.929879700809928    
     276       1       2    4.525419456701329        3.970038593672371        2.436823189079524    
     277       1       1    3.701128422581738        6.034392802842127        6.446727252121591    
     277       1       2    3.972836553200486        6.208492788499679        6.001503852498444    
     278       1       1    3.550241504965506        7.721627568739070        7.153166541099640    
     278       1       2    4.062506115060212        7.537933877047598        7.073213377811192    
     279       1       1    3.855207638065445        6.553407627991161        5.407298541429292    
     279       1       2    3.852950157620180        6.713197720920735        5.933618730502587    
     280       1       1    9.501244450849365        5.985109283349957        2.741123375670771    
     280       1       2    9.938236573167435        6.140238275501795        2.444850465170032    
     281       1       1    9.951533260797698        8.236898595841371       0.6827478258449463    
     281       1       2   0.2542906861357018        8.509390469822609       0.3131033595541035    
     282       1       1    2.970366192087492        7.154778222580152        6.147148805183374    
     282       1       2    2.828073456051384        6.714900303893492        5.849368107118549    
     283       1       1    3.278502523353144        4.316828647635298        7.430234005239637    
     283       1       2    3.141242844693710        4.760819710101976        7.135984742697533    
     284       1       1    9.350078735282846        9.937797186539896        4.473252892155793    
     284       1       2    9.187088135655484        9.573237542775471        4.852512976024656    
     285       1       1    4.143844723968233        7.341816849218839        6.315368871748054    
     285       1       2    4.520243642669333        7.634644231958137        6.041245753345382    
     286       1       1    4.392215761069727        1.736897176486192        3.875594483820370    
     286       1       2    4.022685482881286        1.555499630463790        4.240413912088076    
     287       1       1    4.104748088528948        6.734781071043478        7.357456226762424    
     287       1       2    3.857173083126142        7.164374375234880        7.596336160930983    
     288       1       1   0.3068990199995473        3.352934715612984        5.419588427218287    
     288       1       2   0.4841724975696510E-01    3.252586100392773        5.893987965424405    
     289       1       1    9.345772816685665        3.369605070378631        1.073770200481511    
     289       1       2    9.131299652232871        3.433317703384621        1.576776760105262    
     290       1       1    3.242856104980591        8.110099570512627        3.502280469853035    
     290       1       2    3.551679840713893        8.564790415527208        3.510866304263786    
     291       1       1    3.424352189858493        3.178105487366137        9.096783069795585    
     291       1       2    2.979090950517829        3.225779028831956        8.777942603371079    
     292       1       1    4.732259626082902        7.221097609523667        4.299092971310491    
     292       1       2    4.451962250620817        7.145314628185914        3.832324540177838    
     293       1       1    9.430102218074129        6.477267620944995        7.072531765468924    
     293       1       2    9.169119571691917        6.536149773747772        7.552751018741344    
     294       1       1   0.5435857651395536       0.2965325120113347       0.8723441432670822    
     294       1       2    1.052564999984927       0.4801370342790232       0.7716618153553111    
     295       1       1    9.559076546482126        8.127559904376325        2.071366160123272    
     295       1       2   0.8789161147423125E-01    8.023435720089839        2.179543616780979    
     296       1       1    4.532497957093708        8.088538550536509        3.475198947320690    
     296       1       2    4.134701141612830        8.126985631117753        3.097522492653022    
     297       1       1    5.228215758105227       0.6009608472843076E-01    4.719762690395087    
     297       1       2    5.498478947240725       0.5232781654040057        4.841813794394329    
     298       1       1    4.012830456728283        9.661836222739090        3.325181184639413    
     298       1       2    4.346533040195382        9.306614613755587        3.070354777949227    
     299       1       1    9.463243171522047        6.200244489806016        5.148099434392461    
     299       1       2    9.462985155390692        6.051373754057920        5.677546070715305    
     300       1       1    4.721882187192780       0.1939044268958562        5.794546628805450    
     300       1       2    4.466626682852063        9.999765277911699        5.347077908965792    
     301       1       1    4.417465176647731        2.721313457846844        5.411811581164962    
     301       1       2    3.977316507903067        2.586011390282330        5.110535534015933    
     302       1       1    5.214780881239425        7.761594739850882        5.560082165133942    
     302       1       2    5.672408746326008        8.065743572926081        5.557286380838741    
     303       1       1    5.124904905831031        8.987683530132163        4.148093755619801    
     303       1       2    5.247345486746391        9.173589070857988        4.651638611314348    
     304       1       1    9.403070423442358        7.629600501386775        5.561364415382082    
     304       1       2    9.530302695398513        8.109235269971339        5.799767592032853    
     305       1       1   0.2321201404015275        4.711093887845950        5.913744291774424    
     305       1       2   0.2673195578538761        4.654448270351366        6.460211044586655    
     306       1       1    9.836412785268674        3.794971405487841        2.459153246350613    
     306       1       2    9.316878329469660        3.652978751985154        2.346905362330154    
     307       1       1   0.7415553443428616        4.984668118073358        7.187267363629157    
     307       1       2   0.9976871162186882        4.822178593281098        7.646727544050083    
     308       1       1    2.926617035469443       0.2426607657100302        3.799290291185951    
     308       1       2    2.798113801219299        9.863427118537031        4.176316351785720    
     309       1       1    4.099502452011856        1.241397323023294        5.134288853017843    
     309       1       2    3.715748741640963       0.8515974892465420        5.188801481074091    
     310       1       1   0.5873848253455821E-01    4.334980813126296        4.327146386509735    
     310       1       2    9.592227464439929        4.046991739354996        4.364124154954871    
     311       1       1    8.815285968766762       0.3017664046148336        8.358692820064205    
     311       1       2    8.305080488724975       0.1041337917910008        8.303996318292684    
     312       1       1    8.778587588639072        9.492970785596970        7.649329173361466    
     312       1       2    9.170277090168669        9.357503657893970        7.287793722215016    
     313       1       1    4.919385076086679        8.745637443047224        2.803783008854453    
     313       1       2    5.261068919324867        8.680860923386833        3.230085372968065    
     314       1       1    6.625977790421580        2.693403309812331        8.494045077796653    
     314       1       2    6.516110450173183        2.224826860598486        8.760465119521063    
     315       1       1    4.857541495848067       0.8062838455762301        3.618079629452197    
     315       1       2    4.977130093303911       0.6882187101754672        3.094515707868948    
     316       1       1    5.519658577316673        7.723122951979090        3.507750522194101    
     316       1       2    5.051459023153619        7.926250365642494        3.713750144899083    
     317       1       1    4.770182962232068        3.119738983480324        1.073912804176891    
     317       1       2    5.191637367847366        2.978541779354990       0.7490289462237145    
     318       1       1    9.717405130286014        3.637636518295753        6.658094149850688    
     318       1       2   0.2728824504578461E-01    3.554880912860956        7.104874232878693    
     319       1       1    9.690651107890355        4.753525209960452        7.296268067244467    
     319       1       2    9.253105329745450        5.040151254913973        7.466601746314169    
     320       1       1    9.469893257910222        2.631782660190297        3.565291214221708    
     320       1       2    9.502980137721938        2.641420848841644        3.016000965847947    
     321       1       1    7.508103725960036       0.4097639676578212        6.690442788057952    
     321       1       2    7.258202022010917       0.7150071931634004        7.073835630309637    
     322       1       1    9.436837093153544        9.102683312679691        3.316934002836454    
     322       1       2    9.803115157715046        9.481890051576100        3.161289935008478    
     323       1       1    4.970341212733371        1.845332066182192        5.226990958235648    
     323       1       2    5.431280236238752        1.719891608362587        4.953664557376574    
     324       1       1   0.1187174676048661        5.265765863506892        5.005591475935630    
     324       1       2   0.2143928724811226        5.511605921200935        4.523130211421016    
     325       1       1    9.444657542331671        7.645735328033415        3.181819535860772    
     325       1       2    8.968839790686122        7.377341242075840        3.115429631955103    
     326       1       1   0.4648974872236696        4.634191745292503        8.324585916900398    
     326       1       2   0.8753068009895500        4.978739853197233        8.448944898711272    
     327       1       1    8.036229168699808        1.357465074901960        6.671317155367912    
     327       1       2    8.566114874480208        1.495209900380264        6.728242373647229    
     328       1       1    4.520066357117246        2.015093220813416        6.303472665986195    
     328       1       2    4.220937166243985        2.429156816776911        6.099142987418758    
     329       1       1    5.080050651705307        2.655715414856453        4.564558530174309    
     329       1       2    5.204632677440169        2.413613695533584        4.086166374116855    
     330       1       1    6.480187675427312        5.693750945532979        7.630928647234314    
     330       1       2    6.332626659344530        6.143186233889821        7.911217931037484    
     331       1       1    4.584306964963196        1.420985340727809        2.863938388403801    
     331       1       2    4.045480670808350        1.461152910125014        2.761895358664565    
     332       1       1    4.780054310582133        6.486210264006893        5.917617100687358    
     332       1       2    5.071020779741537        6.756924220595203        5.537266174072528    
     333       1       1    8.481431763439403        3.653939192868115        5.120040472059807    
     333       1       2    8.932133035985350        3.676777805965566        5.434166521886824    
     334       1       1    9.245800183180672        9.284512541389820        5.573309100664829    
     334       1       2    9.618171172859951        9.403743309069537        5.960350987237801    
     335       1       1    6.417027317093168        6.862467499580453        4.020653731619726    
     335       1       2    5.953160879514323        7.028140650867490        3.774779837255139    
     336       1       1    4.078812594308546        6.080413729956511        9.180199367349582    
     336       1       2    3.676479275249560        6.364119671345553        8.933726596400268    
     337       1       1    5.557518358031784        7.120947272023189        6.319439827332576    
     337       1       2    5.177963321801222        7.251209508778871        6.695800393845076    
     338       1       1    8.229048314837124        2.581972753866012        5.883728612383515    
     338       1       2    7.998242110295712        2.921425113119205        6.249555082510139    
     339       1       1    8.607208028923614        6.058085751792940        4.564854665064066    
     339       1       2    8.304668553388575        6.484071461449504        4.392748881445605    
     340       1       1    4.462162927136854        9.002296493526508       0.5884913432227891    
     340       1       2    3.996124214345513        8.724700209245077       0.6775456434353025    
     341       1       1    5.368416570300552        9.810485246541338        6.977515905332988    
     341       1       2    5.248224058389055        9.934098059096096        7.499489161262941    
     342       1       1    4.226823687843906       0.8229596703053681        8.078346654675810    
     342       1       2    3.799517690024895       0.7434337577778828        7.740718713416157    
     343       1       1    4.480633468182424        4.269238002371080        5.997453482882770    
     343       1       2    4.522555302673851        4.815495597520052        6.044075516703819    
