      1000     229       1       9       0    9134.694       -2.805141    
      2000     223       1       9       0    8895.357       -3.025739    
      3000     232       1       9       1    9254.362       -3.096835    
      4000     242       1       9       2    9653.257       -2.819274    
      5000     222       1       9       2    8855.467       -2.824348    
      6000     224       1       9       3    8935.246       -2.933873    
      7000     221       1       9       3    8815.578       -2.930779    
      8000     263       1       9       4    10490.94       -3.131213    
      9000     246       1       9       4    9812.815       -2.997066    
     10000     240       1       9       5    9573.478       -2.928147    
     11000     264       1       9       5    10530.83       -2.926048    
     12000     267       1       9       6    10650.49       -3.164782    
     13000     236       1       9       6    9413.920       -2.980437    
     14000     243       1       9       7    9693.147       -3.098902    
     15000     250       1       9       7    9972.373       -2.884241    
     16000     263       1       9       8    10490.94       -3.123842    
     17000     235       1       9       8    9374.031       -2.912876    
     18000     221       1       9       9    8815.578       -2.732836    
     19000     253       1       9       9    10092.04       -2.910448    
     20000     223       1       9      10    8895.357       -2.805355    
     21000     229       1       9      10    9134.694       -2.996281    
     22000     252       1       9      11    10052.15       -2.710249    
     23000     255       1       9      11    10171.82       -3.004244    
     24000     261       1       9      12    10411.16       -2.833284    
     25000     227       1       9      12    9054.915       -2.901218    
     26000     250       1       9      13    9972.373       -3.126656    
     27000     267       1       9      14    10650.49       -3.174326    
     28000     229       1       9      14    9134.694       -2.957111    
     29000     267       1       9      15    10650.49       -2.816012    
     30000     243       1       9      15    9693.147       -2.981934    
     31000     243       1       9      16    9693.147       -3.101238    
     32000     248       1       9      16    9892.594       -3.092055    
     33000     256       1       9      17    10211.71       -2.952529    
     34000     267       1       9      17    10650.49       -3.181980    
     35000     263       1       9      18    10490.94       -3.154494    
     36000     247       1       9      18    9852.704       -3.042978    
     37000     260       1       9      19    10371.27       -3.193103    
     38000     241       1       9      19    9613.368       -3.012281    
     39000     252       1       9      20    10052.15       -2.923555    
     40000     263       1       9      21    10490.94       -3.069410    
     41000     252       1       9      21    10052.15       -3.202857    
     42000     225       1       9      22    8975.136       -2.793062    
     43000     240       1       9      22    9573.478       -2.917717    
     44000     227       1       9      23    9054.915       -2.679685    
     45000     257       1       9      23    10251.60       -2.809940    
     46000     225       1       9      24    8975.136       -3.036204    
     47000     254       1       9      25    10131.93       -3.114154    
     48000     268       1       9      25    10690.38       -3.219320    
     49000     247       1       9      26    9852.704       -3.147085    
     50000     226       1       9      26    9015.025       -2.745559    
     51000     230       1       9      27    9174.583       -2.878940    
     52000     226       1       9      27    9015.025       -2.897707    
     53000     245       1       9      28    9772.926       -3.164681    
     54000     229       1       9      28    9134.694       -2.979885    
     55000     247       1       9      29    9852.704       -3.078055    
     56000     251       1       9      29    10012.26       -2.990262    
     57000     226       1       9      30    9015.025       -2.907912    
     58000     221       1       9      30    8815.578       -2.851327    
     59000     260       1       9      31    10371.27       -2.890872    
     60000     234       1       9      31    9334.141       -2.867060    
     61000     232       1       9      32    9254.362       -2.716202    
     62000     248       1       9      32    9892.594       -2.993649    
     63000     263       1       9      33    10490.94       -3.069800    
     64000     234       1       9      33    9334.141       -2.994511    
     65000     245       1       9      34    9772.926       -2.606351    
     66000     253       1       9      34    10092.04       -2.848733    
     67000     232       1       9      35    9254.362       -3.007829    
     68000     251       1       9      35    10012.26       -2.924198    
     69000     261       1       9      36    10411.16       -2.976051    
     70000     262       1       9      36    10451.05       -3.238299    
     71000     234       1       9      37    9334.141       -2.999481    
     72000     267       1       9      37    10650.49       -3.175470    
     73000     233       1       9      38    9294.252       -2.995117    
     74000     245       1       9      38    9772.926       -2.970885    
     75000     250       1       9      39    9972.373       -3.088260    
     76000     255       1       9      39    10171.82       -2.894664    
     77000     241       1       9      40    9613.368       -2.724942    
     78000     264       1       9      40    10530.83       -3.037408    
     79000     238       1       9      41    9493.699       -2.810043    
     80000     254       1       9      42    10131.93       -2.867095    
     81000     220       1       9      42    8775.688       -2.903429    
     82000     242       1       9      43    9653.257       -2.813925    
     83000     225       1       9      43    8975.136       -2.880278    
     84000     244       1       9      44    9733.036       -2.779535    
     85000     230       1       9      44    9174.583       -2.847278    
     86000     250       1       9      45    9972.373       -2.858983    
     87000     249       1       9      45    9932.483       -2.950557    
     88000     259       1       9      46    10331.38       -3.040404    
     89000     243       1       9      46    9693.147       -3.036695    
     90000     224       1       9      47    8935.246       -2.970346    
     91000     243       1       9      47    9693.147       -2.725965    
     92000     244       1       9      48    9733.036       -3.140542    
     93000     264       1       9      48    10530.83       -3.124797    
     94000     255       1       9      49    10171.82       -2.988003    
     95000     251       1       9      49    10012.26       -2.891059    
     96000     267       1      10      50    10650.49       -2.899594    
     97000     257       1      10      50    10251.60       -3.180827    
     98000     264       1      10      51    10530.83       -3.153937    
     99000     272       1      10      52    10849.94       -3.115099    
    100000     281       1      10      52    11208.95       -3.302091    
    101000     250       1      10      53    9972.373       -3.136567    
    102000     267       1       9      54    10650.49       -3.025801    
    103000     242       1       9      54    9653.257       -2.683564    
    104000     252       1       9      55    10052.15       -3.192606    
    105000     267       1       9      55    10650.49       -3.172231    
    106000     259       1       9      56    10331.38       -2.986611    
    107000     238       1       9      56    9493.699       -2.971611    
    108000     228       1       9      57    9094.804       -3.098297    
    109000     230       1       9      57    9174.583       -3.120879    
    110000     259       1       9      58    10331.38       -2.998038    
    111000     248       1       9      58    9892.594       -3.136760    
    112000     238       1       9      59    9493.699       -2.934691    
    113000     257       1       9      59    10251.60       -3.025939    
    114000     260       1       9      60    10371.27       -2.962048    
    115000     223       1       9      60    8895.357       -2.762330    
    116000     236       1       9      61    9413.920       -2.991388    
    117000     225       1       9      61    8975.136       -2.561866    
    118000     227       1       9      62    9054.915       -2.957497    
    119000     252       1       9      62    10052.15       -3.121831    
    120000     231       1       9      63    9214.473       -2.805970    
    121000     230       1       9      63    9174.583       -2.886872    
    122000     219       1       8      64    8735.799       -2.974321    
    123000     238       1       8      64    9493.699       -3.097887    
    124000     233       1       8      65    9294.252       -2.822344    
    125000     229       1       8      65    9134.694       -2.760706    
    126000     178       1       7      66    7100.330       -2.999029    
    127000     194       1       7      66    7738.561       -2.814749    
    128000     212       1       7      67    8456.572       -2.777357    
    129000     182       1       7      67    7259.888       -2.699436    
    130000     175       1       7      67    6980.661       -2.529717    
    131000     205       1       7      68    8177.346       -2.628714    
    132000     192       1       7      68    7658.782       -2.963330    
    133000     204       1       7      69    8137.456       -2.710202    
    134000     174       1       7      69    6940.772       -2.604313    
    135000     172       1       7      70    6860.993       -2.654085    
    136000     212       1       7      70    8456.572       -3.003291    
    137000     183       1       7      70    7299.777       -2.632160    
    138000     194       1       7      71    7738.561       -2.725278    
    139000     206       1       7      71    8217.235       -2.961656    
    140000     216       1       7      72    8616.130       -2.850237    
    141000     218       1       7      72    8695.909       -2.781573    
    142000     180       1       7      72    7180.109       -2.550579    
    143000     172       1       7      73    6860.993       -2.750473    
    144000     187       1       7      73    7459.335       -2.762796    
    145000     178       1       7      74    7100.330       -2.941205    
    146000     195       1       7      74    7778.451       -2.705126    
    147000     187       1       7      75    7459.335       -2.918223    
    148000     189       1       7      75    7539.114       -2.761102    
    149000     208       1       8      76    8297.014       -2.843749    
    150000     196       1       8      76    7818.340       -2.750224    
    151000     218       1       8      76    8695.909       -2.890882    
    152000     230       1       8      77    9174.583       -2.962526    
    153000     210       1       8      77    8376.793       -2.680753    
    154000     208       1       7      78    8297.014       -2.845444    
    155000     209       1       7      78    8336.904       -2.856709    
    156000     182       1       7      79    7259.888       -2.721936    
    157000     180       1       7      79    7180.109       -2.915089    
    158000     182       1       7      80    7259.888       -2.661761    
    159000     217       1       7      80    8656.020       -2.815080    
    160000     174       1       7      81    6940.772       -2.922477    
    161000     196       1       7      81    7818.340       -2.889697    
    162000     200       1       7      81    7977.898       -2.681064    
    163000     153       1       6      82    6103.092       -2.679492    
    164000     166       1       6      82    6621.656       -2.688450    
    165000     178       1       6      82    7100.330       -2.721840    
    166000     150       1       6      83    5983.424       -2.677525    
    167000     190       1       6      83    7579.003       -2.742761    
    168000     157       1       6      84    6262.650       -2.409681    
    169000     181       1       6      84    7219.998       -2.718861    
    170000     180       1       6      84    7180.109       -2.629448    
    171000     192       1       6      85    7658.782       -2.492626    
    172000     171       1       6      85    6821.103       -2.716617    
    173000     157       1       6      85    6262.650       -2.616664    
    174000     148       1       6      86    5903.645       -2.182334    
    175000     148       1       6      86    5903.645       -2.291386    
    176000     168       1       6      86    6701.435       -2.697559    
    177000     155       1       6      87    6182.871       -2.547403    
    178000     147       1       6      87    5863.755       -2.278743    
    179000     187       1       6      88    7459.335       -2.687426    
    180000     175       1       6      88    6980.661       -2.544120    
    181000     167       1       6      88    6661.545       -2.544601    
    182000     185       1       6      89    7379.556       -2.657021    
    183000     160       1       6      89    6382.319       -2.676020    
    184000     182       1       6      90    7259.888       -2.720097    
    185000     181       1       6      90    7219.998       -2.875984    
    186000     171       1       6      90    6821.103       -2.732061    
    187000     150       1       6      91    5983.424       -2.479324    
    188000     173       1       6      91    6900.882       -2.520800    
    189000     161       1       6      91    6422.208       -2.576650    
    190000     184       1       7      92    7339.667       -2.748396    
    191000     211       1       7      92    8416.683       -2.757908    
    192000     213       1       7      93    8496.462       -2.748086    
    193000     200       1       7      93    7977.898       -2.906910    
    194000     211       1       7      94    8416.683       -2.667229    
    195000     189       1       7      94    7539.114       -2.913693    
    196000     178       1       7      94    7100.330       -2.501474    
    197000     173       1       7      95    6900.882       -2.718338    
    198000     203       1       7      95    8097.567       -2.798477    
    199000     190       1       7      96    7579.003       -2.784185    
    200000     176       1       7      96    7020.551       -2.405351    
    201000     189       1       7      97    7539.114       -2.590802    
    202000     188       1       7      97    7499.224       -2.733542    
    203000     171       1       7      97    6821.103       -2.675103    
    204000     212       1       8      98    8456.572       -2.672287    
    205000     239       1       8      98    9533.589       -2.735151    
    206000     239       1       8      99    9533.589       -2.804770    
    207000     238       1       8      99    9493.699       -2.837164    
    208000     179       1       7     100    7140.219       -2.811134    
    209000     211       1       7     100    8416.683       -2.738615    
    210000     207       1       7     101    8257.125       -2.848568    
    211000     175       1       7     101    6980.661       -2.721342    
    212000     214       1       7     101    8536.351       -3.035215    
    213000     200       1       7     102    7977.898       -2.779974    
    214000     206       1       7     102    8217.235       -2.654725    
    215000     203       1       7     103    8097.567       -2.821810    
    216000     178       1       7     103    7100.330       -2.653745    
    217000     192       1       7     103    7658.782       -3.052511    
    218000     207       1       7     104    8257.125       -3.057121    
    219000     216       1       7     104    8616.130       -2.705703    
    220000     187       1       7     105    7459.335       -2.902481    
    221000     190       1       7     105    7579.003       -2.813600    
    222000     206       1       7     105    8217.235       -2.985408    
    223000     185       1       7     106    7379.556       -2.479252    
    224000     172       1       7     106    6860.993       -2.752880    
    225000     215       1       7     107    8576.241       -3.085644    
    226000     185       1       7     107    7379.556       -2.784569    
    227000     207       1       7     108    8257.125       -2.598600    
    228000     197       1       7     108    7858.230       -2.841010    
    229000     204       1       7     109    8137.456       -2.685826    
    230000     206       1       7     109    8217.235       -2.872505    
    231000     173       1       7     110    6900.882       -2.896367    
    232000     188       1       7     110    7499.224       -2.753699    
    233000     191       1       7     110    7618.893       -2.577353    
    234000     188       1       7     111    7499.224       -2.735326    
    235000     187       1       7     111    7459.335       -2.691795    
    236000     177       1       7     112    7060.440       -2.655316    
    237000     200       1       7     112    7977.898       -2.753817    
    238000     182       1       7     113    7259.888       -2.634774    
    239000     214       1       7     113    8536.351       -3.031998    
    240000     213       1       7     113    8496.462       -2.943465    
    241000     188       1       7     114    7499.224       -2.625808    
    242000     206       1       7     114    8217.235       -2.670005    
    243000     213       1       7     115    8496.462       -2.867082    
    244000     198       1       7     115    7898.119       -2.664649    
    245000     189       1       7     116    7539.114       -2.537055    
    246000     195       1       7     116    7778.451       -2.922882    
    247000     219       1       7     116    8735.799       -2.738301    
    248000     193       1       7     117    7698.672       -2.852044    
    249000     207       1       7     117    8257.125       -2.870778    
    250000     176       1       7     117    7020.551       -2.653537    
    251000     199       1       7     118    7938.009       -2.927000    
    252000     213       1       7     118    8496.462       -2.758726    
    253000     199       1       7     119    7938.009       -2.796631    
    254000     172       1       7     119    6860.993       -2.580571    
    255000     197       1       7     120    7858.230       -2.547721    
    256000     213       1       7     120    8496.462       -2.842653    
    257000     174       1       7     120    6940.772       -2.743570    
    258000     209       1       7     121    8336.904       -2.730198    
    259000     208       1       7     121    8297.014       -2.840577    
    260000     199       1       8     122    7938.009       -2.889031    
    261000     203       1       8     122    8097.567       -2.782415    
    262000     208       1       8     122    8297.014       -3.065907    
    263000     222       1       8     123    8855.467       -2.747624    
    264000     235       1       8     123    9374.031       -3.278796    
    265000     243       1       8     124    9693.147       -3.037825    
    266000     210       1       8     124    8376.793       -2.858276    
    267000     241       1       8     125    9613.368       -3.088253    
    268000     216       1       8     125    8616.130       -2.859449    
    269000     206       1       8     126    8217.235       -2.744519    
    270000     238       1       8     126    9493.699       -3.132654    
    271000     202       1       8     127    8057.677       -2.808656    
    272000     228       1       8     127    9094.804       -3.220183    
    273000     237       1       8     127    9453.810       -2.834927    
    274000     208       1       8     128    8297.014       -2.726796    
    275000     198       1       8     128    7898.119       -2.782469    
    276000     218       1       8     129    8695.909       -2.858810    
    277000     244       1       8     129    9733.036       -3.002153    
    278000     215       1       8     130    8576.241       -2.816073    
    279000     227       1       8     130    9054.915       -2.994952    
    280000     219       1       8     131    8735.799       -2.832996    
    281000     210       1       8     131    8376.793       -2.814800    
    282000     234       1       9     132    9334.141       -3.075640    
    283000     245       1       9     132    9772.926       -2.779222    
    284000     240       1       9     133    9573.478       -2.870204    
    285000     246       1       9     133    9812.815       -3.209786    
    286000     231       1       8     134    9214.473       -2.928563    
    287000     211       1       8     134    8416.683       -2.754583    
    288000     244       1       8     134    9733.036       -2.957053    
    289000     202       1       8     135    8057.677       -2.766386    
    290000     215       1       8     135    8576.241       -2.839136    
    291000     205       1       8     136    8177.346       -2.756559    
    292000     210       1       8     136    8376.793       -2.803242    
    293000     216       1       8     137    8616.130       -2.720809    
    294000     230       1       8     137    9174.583       -2.924702    
    295000     244       1       8     138    9733.036       -2.968965    
    296000     244       1       8     138    9733.036       -2.872567    
    297000     204       1       8     139    8137.456       -2.964844    
    298000     227       1       8     139    9054.915       -3.045901    
    299000     221       1       9     140    8815.578       -3.099841    
    300000     231       1       9     140    9214.473       -2.925772    
    301000     263       1       9     141    10490.94       -3.058669    
    302000     266       1      10     142    10610.60       -3.131198    
    303000     246       1      10     142    9812.815       -2.912887    
    304000     246       1      10     143    9812.815       -2.829640    
    305000     290       1      10     143    11567.95       -3.110972    
    306000     270       1      10     144    10770.16       -2.938378    
    307000     283       1      10     145    11288.73       -3.181425    
    308000     247       1      10     145    9852.704       -2.823530    
    309000     257       1      10     146    10251.60       -3.044527    
    310000     273       1      10     147    10889.83       -3.043167    
    311000     289       1      10     147    11528.06       -3.117454    
    312000     290       1      10     148    11567.95       -3.074043    
    313000     281       1      10     148    11208.95       -3.253966    
    314000     251       1      10     149    10012.26       -2.978976    
    315000     268       1      10     150    10690.38       -2.928554    
    316000     265       1      10     150    10570.72       -3.122951    
    317000     274       1      10     151    10929.72       -3.193961    
    318000     272       1      10     152    10849.94       -2.982411    
    319000     288       1      10     152    11488.17       -3.224292    
    320000     291       1      10     153    11607.84       -3.152522    
    321000     262       1      10     153    10451.05       -3.212197    
    322000     256       1      10     154    10211.71       -2.892051    
    323000     282       1      10     155    11248.84       -3.073973    
    324000     256       1      10     155    10211.71       -3.032436    
    325000     267       1      10     156    10650.49       -2.855252    
    326000     262       1      10     156    10451.05       -2.985781    
    327000     247       1      10     157    9852.704       -3.006609    
    328000     291       1      10     158    11607.84       -3.230283    
    329000     289       1      10     158    11528.06       -3.072071    
    330000     248       1      10     159    9892.594       -2.992634    
    331000     254       1      10     160    10131.93       -2.932382    
    332000     284       1      10     160    11328.62       -3.167791    
    333000     265       1      10     161    10570.72       -3.065774    
    334000     253       1      10     161    10092.04       -2.866142    
    335000     255       1      10     162    10171.82       -2.899627    
    336000     255       1      10     162    10171.82       -2.977165    
    337000     252       1      10     163    10052.15       -3.090048    
    338000     263       1      10     164    10490.94       -2.963254    
    339000     277       1      10     164    11049.39       -2.904067    
    340000     252       1      10     165    10052.15       -3.007129    
    341000     251       1      10     165    10012.26       -2.874862    
    342000     263       1       9     166    10490.94       -3.110812    
    343000     255       1       9     166    10171.82       -2.837155    
    344000     261       1       9     167    10411.16       -2.946990    
    345000     255       1       9     168    10171.82       -3.171873    
    346000     226       1       9     168    9015.025       -2.845485    
    347000     235       1       9     169    9374.031       -2.948591    
    348000     236       1       9     169    9413.920       -3.042924    
    349000     255       1       9     169    10171.82       -2.766724    
    350000     255       1       9     170    10171.82       -3.115502    
    351000     224       1       9     170    8935.246       -2.776922    
    352000     267       1       9     171    10650.49       -3.182997    
    353000     262       1      10     172    10451.05       -3.031352    
    354000     251       1      10     172    10012.26       -2.790993    
    355000     252       1      10     173    10052.15       -2.917153    
    356000     270       1      10     173    10770.16       -3.034285    
    357000     251       1      10     174    10012.26       -3.110621    
    358000     268       1      10     174    10690.38       -3.121582    
    359000     249       1      10     175    9932.483       -2.857115    
    360000     283       1      10     175    11288.73       -3.112192    
    361000     272       1      10     176    10849.94       -2.968372    
    362000     282       1      10     177    11248.84       -3.233443    
    363000     268       1      10     177    10690.38       -2.850869    
    364000     283       1      10     178    11288.73       -3.223444    
    365000     271       1      10     178    10810.05       -3.130230    
    366000     274       1      10     179    10929.72       -3.172539    
    367000     259       1      10     179    10331.38       -3.132425    
    368000     220       1       9     180    8775.688       -2.822631    
    369000     228       1       9     180    9094.804       -2.785008    
    370000     221       1       9     181    8815.578       -2.867360    
    371000     266       1       9     182    10610.60       -3.015567    
    372000     244       1       9     182    9733.036       -3.003387    
    373000     227       1       9     183    9054.915       -2.928812    
    374000     225       1       9     183    8975.136       -2.713408    
    375000     242       1       9     183    9653.257       -2.960618    
    376000     231       1       9     184    9214.473       -2.817030    
    377000     264       1       9     184    10530.83       -3.164315    
    378000     224       1       9     185    8935.246       -3.144478    
    379000     227       1       9     185    9054.915       -3.079331    
    380000     244       1       9     186    9733.036       -2.828708    
    381000     251       1       9     186    10012.26       -2.973354    
    382000     260       1       9     187    10371.27       -3.063452    
    383000     221       1       8     188    8815.578       -2.837971    
    384000     206       1       8     188    8217.235       -2.919041    
    385000     242       1       8     189    9653.257       -2.922820    
    386000     199       1       8     189    7938.009       -2.743242    
    387000     202       1       8     189    8057.677       -2.772131    
    388000     215       1       8     190    8576.241       -2.760958    
    389000     241       1       8     190    9613.368       -2.828451    
    390000     218       1       8     191    8695.909       -3.065288    
    391000     242       1       8     191    9653.257       -3.005164    
    392000     198       1       8     192    7898.119       -2.705310    
    393000     216       1       8     192    8616.130       -2.580892    
    394000     225       1       8     193    8975.136       -2.918242    
    395000     226       1       8     193    9015.025       -2.944548    
    396000     213       1       8     194    8496.462       -2.891448    
    397000     237       1       8     194    9453.810       -2.886424    
    398000     239       1       8     195    9533.589       -2.974908    
    399000     214       1       8     195    8536.351       -2.840262    
    400000     231       1       8     196    9214.473       -2.861410    
    401000     197       1       8     196    7858.230       -2.683256    
    402000     206       1       8     197    8217.235       -2.500496    
    403000     217       1       8     198    8656.020       -2.927058    
    404000     235       1       8     198    9374.031       -2.854243    
    405000     242       1       8     199    9653.257       -2.991414    
    406000     242       1       8     199    9653.257       -2.953041    
    407000     220       1       8     199    8775.688       -2.964042    
    408000     212       1       8     200    8456.572       -2.802197    
    409000     231       1       8     200    9214.473       -2.851012    
    410000     201       1       8     201    8017.788       -2.633757    
    411000     205       1       8     202    8177.346       -2.753050    
    412000     206       1       8     202    8217.235       -2.967823    
    413000     226       1       8     203    9015.025       -3.066103    
    414000     219       1       8     203    8735.799       -2.877074    
    415000     220       1       9     204    8775.688       -2.925441    
    416000     225       1       9     204    8975.136       -3.192254    
    417000     245       1       9     204    9772.926       -2.799124    
    418000     251       1       9     205    10012.26       -3.014685    
    419000     248       1       9     205    9892.594       -3.046627    
    420000     246       1       9     206    9812.815       -3.061086    
    421000     222       1       9     206    8855.467       -2.915838    
    422000     242       1       9     207    9653.257       -2.944582    
    423000     249       1       9     208    9932.483       -2.889864    
    424000     237       1       9     208    9453.810       -3.052387    
    425000     259       1       9     209    10331.38       -2.950881    
    426000     265       1       9     209    10570.72       -2.922954    
    427000     265       1       9     210    10570.72       -3.176331    
    428000     268       1       9     210    10690.38       -3.221975    
    429000     222       1       9     211    8855.467       -2.847265    
    430000     239       1       9     211    9533.589       -2.863610    
    431000     227       1       9     212    9054.915       -3.028429    
    432000     228       1       9     212    9094.804       -3.092929    
    433000     227       1       9     213    9054.915       -2.873639    
    434000     254       1       9     213    10131.93       -2.827075    
    435000     225       1       9     214    8975.136       -3.003273    
    436000     252       1       9     214    10052.15       -3.085762    
    437000     248       1       9     215    9892.594       -2.908431    
    438000     233       1       9     216    9294.252       -2.853039    
    439000     261       1       9     216    10411.16       -3.010988    
    440000     255       1       9     217    10171.82       -2.971294    
    441000     263       1       9     217    10490.94       -2.784550    
    442000     225       1       9     218    8975.136       -2.828805    
    443000     261       1       9     218    10411.16       -3.029076    
    444000     255       1       9     219    10171.82       -3.160311    
    445000     222       1       9     220    8855.467       -2.868026    
    446000     243       1       9     220    9693.147       -3.135286    
    447000     236       1       9     221    9413.920       -2.854356    
    448000     230       1       9     221    9174.583       -2.862254    
    449000     249       1      10     222    9932.483       -3.014819    
    450000     277       1      10     222    11049.39       -3.133259    
    451000     291       1      10     223    11607.84       -3.152555    
    452000     245       1      10     223    9772.926       -3.271047    
    453000     263       1      10     224    10490.94       -3.060865    
    454000     245       1      10     224    9772.926       -2.926449    
    455000     264       1      10     225    10530.83       -3.138579    
    456000     252       1      10     226    10052.15       -3.061068    
    457000     269       1      10     226    10730.27       -3.112018    
    458000     291       1      10     227    11607.84       -3.249936    
    459000     288       1      10     228    11488.17       -3.117618    
    460000     281       1      10     228    11208.95       -3.075344    
    461000     265       1      10     229    10570.72       -3.235820    
    462000     261       1      10     230    10411.16       -3.105412    
    463000     251       1      10     230    10012.26       -2.709130    
    464000     254       1      10     231    10131.93       -2.987619    
    465000     291       1      10     231    11607.84       -3.136714    
    466000     280       1      10     232    11169.06       -3.095737    
    467000     276       1      10     232    11009.50       -3.145598    
    468000     291       1      10     233    11607.84       -3.246118    
    469000     261       1      10     234    10411.16       -3.015370    
    470000     290       1      10     234    11567.95       -3.196188    
    471000     265       1      10     235    10570.72       -3.077923    
    472000     312       1      11     236    12445.52       -3.116200    
    473000     295       1      11     236    11767.40       -3.159778    
    474000     274       1      11     237    10929.72       -3.103377    
    475000     266       1      10     238    10610.60       -3.144993    
    476000     289       1      10     238    11528.06       -3.231114    
    477000     257       1      10     239    10251.60       -3.234223    
    478000     281       1      10     240    11208.95       -3.085191    
    479000     272       1      10     240    10849.94       -3.149082    
    480000     289       1      10     241    11528.06       -3.175832    
    481000     260       1      10     241    10371.27       -3.178414    
    482000     230       1       9     242    9174.583       -2.906317    
    483000     239       1       9     242    9533.589       -3.126356    
    484000     243       1       9     243    9693.147       -2.712481    
    485000     266       1       9     243    10610.60       -3.052992    
    486000     205       1       8     244    8177.346       -2.745182    
    487000     197       1       8     244    7858.230       -2.785242    
    488000     213       1       8     245    8496.462       -2.884352    
    489000     232       1       8     245    9254.362       -2.935196    
    490000     181       1       7     246    7219.998       -2.575410    
    491000     192       1       7     246    7658.782       -2.419672    
    492000     181       1       7     246    7219.998       -2.766938    
    493000     219       1       7     247    8735.799       -2.862673    
    494000     205       1       7     247    8177.346       -2.918088    
    495000     176       1       7     248    7020.551       -3.126580    
    496000     206       1       7     248    8217.235       -2.921100    
    497000     213       1       7     249    8496.462       -2.830437    
    498000     171       1       7     249    6821.103       -2.520070    
    499000     180       1       7     249    7180.109       -2.725572    
    500000     163       1       6     250    6501.987       -2.674725    
    501000     183       1       6     250    7299.777       -2.650308    
    502000     152       1       6     251    6063.203       -2.361170    
    503000     179       1       6     251    7140.219       -2.769269    
    504000     183       1       6     251    7299.777       -2.689348    
    505000     150       1       6     252    5983.424       -2.486237    
    506000     166       1       6     252    6621.656       -2.708559    
    507000     160       1       6     253    6382.319       -2.455740    
    508000     179       1       6     253    7140.219       -2.588132    
    509000     152       1       6     253    6063.203       -2.430846    
    510000     153       1       6     254    6103.092       -2.572562    
    511000     184       1       6     254    7339.667       -2.585240    
    512000     163       1       6     254    6501.987       -2.751058    
    513000     178       1       6     255    7100.330       -2.703055    
    514000     161       1       6     255    6422.208       -2.487586    
    515000     189       1       6     256    7539.114       -2.880661    
    516000     187       1       6     256    7459.335       -2.511059    
    517000     167       1       6     256    6661.545       -2.710782    
    518000     192       1       6     257    7658.782       -2.755624    
    519000     187       1       6     257    7459.335       -2.494171    
    520000     183       1       6     258    7299.777       -2.802881    
    521000     152       1       6     258    6063.203       -2.226828    
    522000     147       1       6     258    5863.755       -2.254496    
    523000     188       1       6     259    7499.224       -2.716517    
    524000     191       1       6     259    7618.893       -2.579899    
    525000     176       1       6     259    7020.551       -2.843122    
    526000     142       1       5     260    5664.308       -2.439099    
    527000     127       1       5     260    5065.965       -2.152424    
    528000     146       1       5     260    5823.866       -2.609388    
    529000     123       1       5     261    4906.408       -2.258558    
    530000     129       1       5     261    5145.744       -2.116799    
    531000     151       1       5     261    6023.313       -2.170138    
    532000     143       1       5     262    5704.197       -2.647013    
    533000     126       1       5     262    5026.076       -2.055754    
    534000     131       1       5     262    5225.523       -2.350665    
    535000     127       1       5     263    5065.965       -2.278297    
    536000     122       1       5     263    4866.518       -2.288028    
    537000     136       1       5     263    5424.971       -2.174462    
    538000     159       1       5     264    6342.429       -2.464460    
    539000     151       1       5     264    6023.313       -2.580093    
    540000     152       1       5     264    6063.203       -2.632159    
    541000     129       1       5     265    5145.744       -2.292232    
    542000     133       1       5     265    5305.302       -2.329633    
    543000     134       1       5     265    5345.192       -2.161639    
    544000     136       1       5     266    5424.971       -2.232335    
    545000     147       1       5     266    5863.755       -2.525957    
    546000     148       1       5     266    5903.645       -2.526582    
    547000     141       1       5     267    5624.418       -2.506360    
    548000     144       1       5     267    5744.087       -2.509454    
    549000     122       1       5     267    4866.518       -2.268416    
    550000     164       1       5     267    6541.877       -2.692886    
    551000     149       1       5     268    5943.534       -2.449602    
    552000     148       1       5     268    5903.645       -2.819864    
    553000     168       1       5     268    6701.435       -2.607430    
    554000     164       1       5     269    6541.877       -2.793877    
    555000     155       1       5     269    6182.871       -2.576903    
    556000     155       1       5     270    6182.871       -2.541678    
    557000     157       1       5     270    6262.650       -2.740982    
    558000     141       1       5     270    5624.418       -2.531515    
    559000     133       1       5     270    5305.302       -2.215202    
    560000     155       1       5     271    6182.871       -2.450833    
    561000     126       1       5     271    5026.076       -2.186702    
    562000     151       1       5     271    6023.313       -2.276076    
    563000     138       1       5     272    5504.750       -2.252947    
    564000     126       1       5     272    5026.076       -2.404438    
    565000     146       1       5     272    5823.866       -2.389073    
    566000     165       1       5     273    6581.766       -2.454424    
    567000     156       1       5     273    6222.761       -2.490499    
    568000     160       1       5     273    6382.319       -2.671502    
    569000     140       1       5     274    5584.529       -2.236071    
    570000     163       1       5     274    6501.987       -2.103664    
    571000     152       1       5     274    6063.203       -2.530516    
    572000     142       1       5     275    5664.308       -2.272554    
    573000     135       1       5     275    5385.081       -2.430283    
    574000     169       1       5     275    6741.324       -2.671998    
    575000     147       1       5     275    5863.755       -2.487884    
    576000     166       1       6     276    6621.656       -2.627289    
    577000     177       1       6     276    7060.440       -2.554891    
    578000     189       1       6     277    7539.114       -2.534526    
    579000     176       1       6     277    7020.551       -2.748572    
    580000     156       1       6     277    6222.761       -2.610432    
    581000     140       1       5     278    5584.529       -2.430494    
    582000     143       1       5     278    5704.197       -2.559597    
    583000     137       1       5     278    5464.860       -2.154855    
    584000     134       1       5     279    5345.192       -2.168339    
    585000     134       1       5     279    5345.192       -2.338919    
    586000     162       1       5     279    6462.098       -2.580692    
    587000     169       1       5     279    6741.324       -2.812334    
    588000     122       1       5     280    4866.518       -2.092239    
    589000     143       1       5     280    5704.197       -2.414884    
    590000     144       1       5     280    5744.087       -2.434331    
    591000     143       1       5     281    5704.197       -2.480563    
    592000     123       1       5     281    4906.408       -2.285278    
    593000     157       1       5     281    6262.650       -2.750182    
    594000     154       1       5     282    6142.982       -2.509976    
    595000     161       1       5     282    6422.208       -2.562917    
    596000     133       1       5     282    5305.302       -2.391845    
    597000     141       1       5     283    5624.418       -2.407919    
    598000     144       1       5     283    5744.087       -2.392630    
    599000     169       1       5     283    6741.324       -2.800057    
    600000     159       1       6     284    6342.429       -2.470460    
    601000     174       1       6     284    6940.772       -2.333917    
    602000     193       1       6     284    7698.672       -2.701992    
    603000     163       1       6     285    6501.987       -2.661654    
    604000     169       1       6     285    6741.324       -2.807371    
    605000     195       1       6     285    7778.451       -2.856730    
    606000     186       1       6     286    7419.445       -2.754748    
    607000     180       1       6     286    7180.109       -2.794104    
    608000     153       1       6     286    6103.092       -2.404993    
    609000     171       1       6     287    6821.103       -2.649911    
    610000     153       1       6     287    6103.092       -2.529122    
    611000     159       1       6     287    6342.429       -2.380032    
    612000     183       1       7     288    7299.777       -2.748701    
    613000     205       1       7     288    8177.346       -2.979947    
    614000     211       1       7     289    8416.683       -2.726334    
    615000     178       1       7     289    7100.330       -2.637618    
    616000     206       1       7     290    8217.235       -2.967776    
    617000     203       1       7     290    8097.567       -2.857698    
    618000     187       1       7     290    7459.335       -2.708905    
    619000     195       1       7     291    7778.451       -2.822423    
    620000     174       1       7     291    6940.772       -2.665460    
    621000     206       1       7     292    8217.235       -2.386480    
    622000     217       1       7     292    8656.020       -3.048019    
    623000     197       1       7     293    7858.230       -2.880728    
    624000     210       1       7     293    8376.793       -2.898311    
    625000     177       1       7     294    7060.440       -2.529408    
    626000     212       1       7     294    8456.572       -3.078126    
    627000     217       1       7     294    8656.020       -2.824631    
    628000     204       1       7     295    8137.456       -2.791947    
    629000     180       1       7     295    7180.109       -2.741468    
    630000     189       1       7     296    7539.114       -2.382034    
    631000     177       1       7     296    7060.440       -2.817091    
    632000     213       1       7     297    8496.462       -2.852818    
    633000     198       1       7     297    7898.119       -2.730426    
    634000     195       1       7     298    7778.451       -2.716510    
    635000     195       1       7     298    7778.451       -2.748504    
    636000     188       1       7     298    7499.224       -2.804129    
    637000     202       1       7     299    8057.677       -3.038588    
    638000     179       1       7     299    7140.219       -2.880607    
    639000     179       1       7     300    7140.219       -2.557973    
    640000     215       1       7     300    8576.241       -2.682366    
    641000     217       1       7     301    8656.020       -2.723139    
    642000     207       1       7     301    8257.125       -2.826223    
    643000     185       1       7     301    7379.556       -2.606900    
    644000     202       1       7     302    8057.677       -2.782616    
    645000     185       1       7     302    7379.556       -2.765978    
    646000     200       1       7     303    7977.898       -3.038736    
    647000     182       1       7     303    7259.888       -2.760338    
    648000     215       1       7     304    8576.241       -2.748177    
    649000     213       1       7     304    8496.462       -2.678589    
    650000     171       1       7     304    6821.103       -2.548322    
    651000     181       1       7     305    7219.998       -2.810536    
    652000     197       1       7     305    7858.230       -2.580050    
    653000     198       1       7     306    7898.119       -2.685773    
    654000     201       1       7     306    8017.788       -2.592379    
    655000     193       1       7     307    7698.672       -2.697552    
    656000     177       1       7     307    7060.440       -2.555739    
    657000     200       1       7     307    7977.898       -2.865137    
    658000     216       1       7     308    8616.130       -2.954562    
    659000     202       1       7     308    8057.677       -2.993647    
    660000     190       1       7     309    7579.003       -2.574840    
    661000     201       1       7     309    8017.788       -2.794821    
    662000     208       1       7     309    8297.014       -2.678801    
    663000     172       1       7     310    6860.993       -2.856543    
    664000     212       1       7     310    8456.572       -2.694483    
    665000     201       1       7     311    8017.788       -2.786337    
    666000     183       1       7     311    7299.777       -2.856968    
    667000     214       1       7     311    8536.351       -3.042036    
    668000     198       1       7     312    7898.119       -2.875663    
    669000     178       1       7     312    7100.330       -2.508647    
    670000     211       1       7     313    8416.683       -2.780225    
    671000     178       1       7     313    7100.330       -2.717297    
    672000     173       1       7     314    6900.882       -2.730783    
    673000     210       1       7     314    8376.793       -2.954948    
    674000     218       1       7     315    8695.909       -2.787316    
    675000     213       1       7     315    8496.462       -2.872823    
    676000     171       1       7     315    6821.103       -2.643529    
    677000     180       1       6     316    7180.109       -2.822159    
    678000     169       1       6     316    6741.324       -2.832196    
    679000     163       1       6     317    6501.987       -2.562414    
    680000     166       1       6     317    6621.656       -2.430405    
    681000     172       1       6     317    6860.993       -2.765065    
    682000     182       1       6     318    7259.888       -2.541157    
    683000     162       1       6     318    6462.098       -2.410125    
    684000     147       1       6     318    5863.755       -2.551663    
    685000     149       1       6     319    5943.534       -2.547391    
    686000     164       1       6     319    6541.877       -2.587235    
    687000     160       1       6     320    6382.319       -2.512872    
    688000     158       1       6     320    6302.540       -2.424984    
    689000     156       1       6     320    6222.761       -2.482491    
    690000     193       1       6     321    7698.672       -2.824744    
    691000     185       1       6     321    7379.556       -2.704019    
    692000     192       1       6     321    7658.782       -2.493783    
    693000     181       1       6     322    7219.998       -2.717650    
    694000     184       1       6     322    7339.667       -2.650037    
    695000     168       1       6     322    6701.435       -2.603226    
    696000     154       1       6     323    6142.982       -2.502521    
    697000     186       1       6     323    7419.445       -2.913393    
    698000     168       1       6     324    6701.435       -2.615840    
    699000     173       1       6     324    6900.882       -2.721322    
    700000     153       1       6     324    6103.092       -2.453752    
    701000     180       1       6     325    7180.109       -2.947009    
    702000     147       1       6     325    5863.755       -2.560551    
    703000     188       1       6     326    7499.224       -2.798589    
    704000     181       1       6     326    7219.998       -2.704503    
    705000     155       1       6     326    6182.871       -2.738285    
    706000     183       1       6     327    7299.777       -2.799403    
    707000     173       1       6     327    6900.882       -2.543049    
    708000     154       1       6     328    6142.982       -2.046390    
    709000     161       1       6     328    6422.208       -2.472952    
    710000     162       1       6     328    6462.098       -2.530164    
    711000     151       1       6     329    6023.313       -2.288015    
    712000     195       1       6     329    7778.451       -2.740754    
    713000     164       1       6     329    6541.877       -2.425508    
    714000     159       1       6     330    6342.429       -2.404299    
    715000     168       1       6     330    6701.435       -2.351482    
    716000     181       1       6     331    7219.998       -2.256471    
    717000     164       1       6     331    6541.877       -2.307941    
    718000     154       1       6     331    6142.982       -2.612861    
    719000     152       1       6     332    6063.203       -2.553442    
    720000     182       1       6     332    7259.888       -2.835938    
    721000     170       1       6     333    6781.214       -2.423854    
    722000     192       1       6     333    7658.782       -2.880857    
    723000     165       1       6     333    6581.766       -2.804238    
    724000     177       1       6     334    7060.440       -2.886131    
    725000     175       1       6     334    6980.661       -2.497896    
    726000     181       1       6     335    7219.998       -2.677511    
    727000     151       1       6     335    6023.313       -2.454269    
    728000     182       1       6     335    7259.888       -2.551290    
    729000     194       1       6     336    7738.561       -2.931921    
    730000     152       1       6     336    6063.203       -2.551888    
    731000     147       1       6     336    5863.755       -2.512930    
    732000     183       1       6     337    7299.777       -2.659473    
    733000     164       1       6     337    6541.877       -2.686607    
    734000     159       1       6     337    6342.429       -2.522313    
    735000     190       1       6     338    7579.003       -2.774657    
    736000     154       1       6     338    6142.982       -2.436722    
    737000     166       1       6     338    6621.656       -2.898706    
    738000     184       1       6     339    7339.667       -2.712848    
    739000     169       1       6     339    6741.324       -2.668342    
    740000     156       1       6     340    6222.761       -2.434343    
    741000     153       1       6     340    6103.092       -2.318346    
    742000     149       1       6     340    5943.534       -2.388493    
    743000     174       1       6     341    6940.772       -2.789896    
    744000     148       1       6     341    5903.645       -2.429695    
    745000     188       1       6     341    7499.224       -2.916329    
    746000     180       1       6     342    7180.109       -2.570136    
    747000     175       1       6     342    6980.661       -2.551293    
    748000     183       1       6     342    7299.777       -2.566410    
    749000     157       1       6     343    6262.650       -2.675175    
    750000     151       1       6     343    6023.313       -2.681325    
    751000     171       1       6     344    6821.103       -2.817244    
    752000     166       1       6     344    6621.656       -2.921716    
    753000     189       1       6     344    7539.114       -2.905173    
    754000     183       1       6     345    7299.777       -2.883963    
    755000     168       1       6     345    6701.435       -2.663079    
    756000     187       1       6     345    7459.335       -2.603588    
    757000     178       1       6     346    7100.330       -2.826617    
    758000     156       1       6     346    6222.761       -2.407049    
    759000     162       1       6     347    6462.098       -2.572991    
    760000     155       1       6     347    6182.871       -2.560255    
    761000     184       1       6     347    7339.667       -2.718244    
    762000     166       1       6     348    6621.656       -2.765807    
    763000     174       1       6     348    6940.772       -2.474126    
    764000     151       1       6     348    6023.313       -2.550155    
    765000     170       1       6     349    6781.214       -2.792684    
    766000     174       1       6     349    6940.772       -2.617265    
    767000     149       1       5     350    5943.534       -2.744883    
    768000     142       1       5     350    5664.308       -2.391564    
    769000     159       1       5     350    6342.429       -2.387016    
    770000     133       1       5     351    5305.302       -2.356774    
    771000     160       1       5     351    6382.319       -2.791818    
    772000     132       1       5     351    5265.413       -2.708588    
    773000     149       1       5     352    5943.534       -2.456660    
    774000     163       1       5     352    6501.987       -2.535417    
    775000     168       1       5     352    6701.435       -2.497556    
    776000     166       1       5     352    6621.656       -2.565940    
    777000     159       1       5     353    6342.429       -2.584325    
    778000     141       1       5     353    5624.418       -2.405062    
    779000     149       1       5     353    5943.534       -2.514760    
    780000     189       1       6     354    7539.114       -2.790014    
    781000     148       1       6     354    5903.645       -2.415342    
    782000     175       1       6     355    6980.661       -2.602254    
    783000     168       1       6     355    6701.435       -2.618501    
    784000     175       1       6     355    6980.661       -2.769133    
    785000     161       1       6     356    6422.208       -2.327959    
    786000     156       1       6     356    6222.761       -2.820958    
    787000     195       1       6     356    7778.451       -2.550309    
    788000     151       1       6     357    6023.313       -2.727761    
    789000     179       1       6     357    7140.219       -2.450812    
    790000     165       1       6     358    6581.766       -2.686344    
    791000     184       1       6     358    7339.667       -2.793995    
    792000     190       1       6     358    7579.003       -2.605243    
    793000     171       1       6     359    6821.103       -2.425280    
    794000     171       1       6     359    6821.103       -2.607991    
