      1000     279       1      11       0    11129.17       -3.398380    
      2000     316       1      11       0    12605.08       -3.344239    
      3000     310       1      11       0    12365.74       -3.342294    
      4000     310       1      11       1    12365.74       -3.365065    
      5000     274       1      11       1    10929.72       -3.141401    
      6000     290       1      11       1    11567.95       -3.356426    
      7000     286       1      11       2    11408.39       -3.210778    
      8000     283       1      11       2    11288.73       -3.158807    
      9000     276       1      11       2    11009.50       -3.235559    
     10000     269       1      11       3    10730.27       -2.979269    
     11000     317       1      11       3    12644.97       -3.261776    
     12000     311       1      11       3    12405.63       -3.393120    
     13000     316       1      11       3    12605.08       -3.390191    
     14000     262       1      10       4    10451.05       -3.302181    
     15000     275       1      10       4    10969.61       -3.129082    
     16000     271       1      10       4    10810.05       -3.140033    
     17000     257       1      10       4    10251.60       -3.078276    
     18000     268       1      10       5    10690.38       -3.147938    
     19000     250       1      10       5    9972.373       -3.098403    
     20000     275       1      10       5    10969.61       -3.083083    
     21000     257       1      10       5    10251.60       -3.044685    
     22000     256       1      10       6    10211.71       -3.114645    
     23000     287       1      10       6    11448.28       -3.264051    
     24000     279       1      10       6    11129.17       -3.037313    
     25000     258       1      10       6    10291.49       -3.053506    
     26000     268       1      10       7    10690.38       -3.069094    
     27000     277       1      10       7    11049.39       -3.076315    
     28000     273       1      10       7    10889.83       -3.227677    
     29000     253       1      10       7    10092.04       -3.133259    
     30000     265       1      10       7    10570.72       -2.978508    
     31000     256       1      10       8    10211.71       -3.006800    
     32000     264       1      10       8    10530.83       -2.960064    
     33000     245       1      10       8    9772.926       -2.959381    
     34000     275       1      10       8    10969.61       -3.126982    
     35000     246       1      10       9    9812.815       -3.022141    
     36000     269       1      10       9    10730.27       -3.220244    
     37000     291       1      10       9    11607.84       -3.034658    
     38000     259       1      10       9    10331.38       -3.069089    
     39000     254       1      10      10    10131.93       -2.866851    
     40000     287       1      10      10    11448.28       -3.282325    
     41000     261       1      10      10    10411.16       -3.043685    
     42000     281       1      10      10    11208.95       -2.969864    
     43000     275       1      10      11    10969.61       -3.140918    
     44000     262       1      10      11    10451.05       -3.178976    
     45000     291       1      10      11    11607.84       -3.183730    
     46000     312       1      11      12    12445.52       -3.335970    
     47000     296       1      11      12    11807.29       -3.147827    
     48000     275       1      11      12    10969.61       -2.907189    
     49000     288       1      11      12    11488.17       -3.284054    
     50000     317       1      11      13    12644.97       -3.304289    
     51000     308       1      11      13    12285.96       -3.174876    
     52000     305       1      11      13    12166.30       -3.216376    
     53000     312       1      12      14    12445.52       -3.282432    
     54000     323       1      12      14    12884.31       -3.202121    
     55000     304       1      12      14    12126.41       -3.314801    
     56000     330       1      12      15    13163.53       -3.440065    
     57000     338       1      12      15    13482.65       -3.371557    
     58000     326       1      12      15    13003.97       -3.405260    
     59000     356       1      13      16    14200.66       -3.513711    
     60000     362       1      13      16    14440.00       -3.537719    
     61000     353       1      13      16    14080.99       -3.448921    
     62000     348       1      13      17    13881.54       -3.396418    
     63000     364       1      13      17    14519.78       -3.351481    
     64000     323       1      13      17    12884.31       -3.338925    
     65000     328       1      13      18    13083.75       -3.396526    
     66000     335       1      13      18    13362.98       -3.384742    
     67000     341       1      13      18    13602.32       -3.402835    
     68000     348       1      13      19    13881.54       -3.206180    
     69000     350       1      13      19    13961.32       -3.424813    
     70000     328       1      13      19    13083.75       -3.326056    
     71000     319       1      13      20    12724.75       -3.394717    
     72000     351       1      13      20    14001.21       -3.575906    
     73000     321       1      13      20    12804.53       -3.284871    
     74000     349       1      13      21    13921.43       -3.337003    
     75000     341       1      13      21    13602.32       -3.319262    
     76000     357       1      13      21    14240.55       -3.462344    
     77000     345       1      14      22    13761.87       -3.368026    
     78000     388       1      14      22    15477.12       -3.398432    
     79000     355       1      14      22    14160.77       -3.515879    
     80000     366       1      14      23    14599.55       -3.335139    
     81000     388       1      14      23    15477.12       -3.577192    
     82000     362       1      14      23    14440.00       -3.412311    
     83000     359       1      14      24    14320.33       -3.525285    
     84000     351       1      14      24    14001.21       -3.330523    
     85000     345       1      14      25    13761.87       -3.539413    
     86000     356       1      14      25    14200.66       -3.484001    
     87000     349       1      14      25    13921.43       -3.289603    
     88000     363       1      14      26    14479.89       -3.385998    
     89000     371       1      14      26    14799.00       -3.402998    
     90000     364       1      14      26    14519.78       -3.560624    
     91000     369       1      14      27    14719.22       -3.519897    
     92000     346       1      14      27    13801.76       -3.311104    
     93000     353       1      14      27    14080.99       -3.405861    
     94000     344       1      13      28    13721.99       -3.372479    
     95000     338       1      13      28    13482.65       -3.352700    
     96000     323       1      13      29    12884.31       -3.427345    
     97000     319       1      13      29    12724.75       -3.301386    
     98000     344       1      13      29    13721.99       -3.452341    
     99000     346       1      13      30    13801.76       -3.231504    
    100000     366       1      13      30    14599.55       -3.352043    
    101000     351       1      13      30    14001.21       -3.291933    
    102000     356       1      13      31    14200.66       -3.461579    
    103000     332       1      13      31    13243.31       -3.290722    
    104000     350       1      13      31    13961.32       -3.231144    
    105000     354       1      13      31    14120.88       -3.426785    
    106000     342       1      13      32    13642.21       -3.490034    
    107000     328       1      13      32    13083.75       -3.340619    
    108000     352       1      13      32    14041.10       -3.359541    
    109000     335       1      13      33    13362.98       -3.201072    
    110000     338       1      13      33    13482.65       -3.450742    
    111000     349       1      13      33    13921.43       -3.462004    
    112000     332       1      13      34    13243.31       -3.322849    
    113000     327       1      13      34    13043.86       -3.095551    
    114000     318       1      13      35    12684.86       -3.196495    
    115000     321       1      13      35    12804.53       -3.273154    
    116000     341       1      13      35    13602.32       -3.306498    
    117000     353       1      14      36    14080.99       -3.350577    
    118000     372       1      14      36    14838.89       -3.402047    
    119000     366       1      14      36    14599.55       -3.450142    
    120000     366       1      14      37    14599.55       -3.496677    
    121000     376       1      14      37    14998.45       -3.370774    
    122000     385       1      14      37    15357.45       -3.341598    
    123000     353       1      14      38    14080.99       -3.379460    
    124000     354       1      14      38    14120.88       -3.339182    
    125000     347       1      14      38    13841.65       -3.385968    
    126000     377       1      14      39    15038.34       -3.300039    
    127000     357       1      14      39    14240.55       -3.482901    
    128000     366       1      14      39    14599.55       -3.512249    
    129000     353       1      14      40    14080.99       -3.484007    
    130000     380       1      14      40    15158.01       -3.386851    
    131000     377       1      14      40    15038.34       -3.360564    
    132000     361       1      14      41    14400.11       -3.497325    
    133000     371       1      14      41    14799.00       -3.463564    
    134000     372       1      14      41    14838.89       -3.390253    
    135000     351       1      14      42    14001.21       -3.322502    
    136000     384       1      14      42    15317.56       -3.435860    
    137000     350       1      14      42    13961.32       -3.422250    
    138000     346       1      14      43    13801.76       -3.365975    
    139000     388       1      14      43    15477.12       -3.349972    
    140000     381       1      14      43    15197.90       -3.485978    
    141000     388       1      14      44    15477.12       -3.606046    
    142000     379       1      14      44    15118.12       -3.519488    
    143000     383       1      14      44    15277.68       -3.611004    
    144000     370       1      14      45    14759.11       -3.406584    
    145000     364       1      14      45    14519.78       -3.453255    
    146000     360       1      14      45    14360.22       -3.301437    
    147000     358       1      14      46    14280.44       -3.526002    
    148000     353       1      14      46    14080.99       -3.582092    
    149000     374       1      14      46    14918.67       -3.606237    
    150000     383       1      14      47    15277.68       -3.552363    
    151000     353       1      14      47    14080.99       -3.496866    
    152000     343       1      14      47    13682.10       -3.397256    
    153000     347       1      14      48    13841.65       -3.492864    
    154000     344       1      14      48    13721.99       -3.324637    
    155000     350       1      14      48    13961.32       -3.426516    
    156000     347       1      14      49    13841.65       -3.475202    
    157000     370       1      14      49    14759.11       -3.458129    
    158000     379       1      14      49    15118.12       -3.583276    
    159000     354       1      14      50    14120.88       -3.460733    
    160000     356       1      14      50    14200.66       -3.440634    
    161000     390       1      14      50    15556.90       -3.506022    
    162000     356       1      14      51    14200.66       -3.389971    
    163000     355       1      14      51    14160.77       -3.390617    
    164000     382       1      14      51    15237.79       -3.485580    
    165000     360       1      14      52    14360.22       -3.369825    
    166000     365       1      14      52    14559.66       -3.439463    
    167000     373       1      14      52    14878.78       -3.344138    
    168000     356       1      14      53    14200.66       -3.305720    
    169000     374       1      14      53    14918.67       -3.463537    
    170000     383       1      14      53    15277.68       -3.495793    
    171000     357       1      14      54    14240.55       -3.442942    
    172000     369       1      14      54    14719.22       -3.580025    
    173000     390       1      14      54    15556.90       -3.490318    
    174000     364       1      14      55    14519.78       -3.418125    
    175000     360       1      14      55    14360.22       -3.319840    
    176000     384       1      14      55    15317.56       -3.603798    
    177000     372       1      14      56    14838.89       -3.441686    
    178000     370       1      14      56    14759.11       -3.487068    
    179000     345       1      14      56    13761.87       -3.501566    
    180000     368       1      14      57    14679.33       -3.474921    
    181000     362       1      14      57    14440.00       -3.429939    
    182000     364       1      14      57    14519.78       -3.510110    
    183000     368       1      14      58    14679.33       -3.370613    
    184000     357       1      14      58    14240.55       -3.438772    
    185000     363       1      14      58    14479.89       -3.391596    
    186000     360       1      14      59    14360.22       -3.503578    
    187000     386       1      14      59    15397.34       -3.488441    
    188000     374       1      14      59    14918.67       -3.460692    
    189000     374       1      14      60    14918.67       -3.519394    
    190000     359       1      14      60    14320.33       -3.511949    
    191000     385       1      14      60    15357.45       -3.569801    
    192000     364       1      14      61    14519.78       -3.476055    
    193000     372       1      14      61    14838.89       -3.457332    
    194000     349       1      14      61    13921.43       -3.499924    
    195000     391       1      14      62    15596.79       -3.556849    
    196000     356       1      14      62    14200.66       -3.258301    
    197000     358       1      14      62    14280.44       -3.397419    
    198000     390       1      14      63    15556.90       -3.617384    
    199000     365       1      14      63    14559.66       -3.391483    
    200000     345       1      14      63    13761.87       -3.357069    
    201000     373       1      14      64    14878.78       -3.568970    
    202000     369       1      14      64    14719.22       -3.431872    
    203000     367       1      14      64    14639.44       -3.302035    
    204000     371       1      14      65    14799.00       -3.442697    
    205000     376       1      14      65    14998.45       -3.658150    
    206000     346       1      14      65    13801.76       -3.522192    
    207000     328       1      13      66    13083.75       -3.334779    
    208000     336       1      13      66    13402.87       -3.168466    
    209000     321       1      13      66    12804.53       -3.245427    
    210000     345       1      13      67    13761.87       -3.537865    
    211000     364       1      13      67    14519.78       -3.331794    
    212000     362       1      13      67    14440.00       -3.282339    
    213000     320       1      13      68    12764.64       -3.234713    
    214000     363       1      13      68    14479.89       -3.347556    
    215000     358       1      13      68    14280.44       -3.358809    
    216000     345       1      13      69    13761.87       -3.348323    
    217000     321       1      13      69    12804.53       -3.434821    
    218000     352       1      13      69    14041.10       -3.302216    
    219000     321       1      13      69    12804.53       -3.443216    
    220000     364       1      13      70    14519.78       -3.560347    
    221000     366       1      13      70    14599.55       -3.380174    
    222000     324       1      13      70    12924.20       -3.355321    
    223000     356       1      13      71    14200.66       -3.278940    
    224000     319       1      13      71    12724.75       -3.204628    
    225000     326       1      13      71    13003.97       -3.437980    
    226000     346       1      14      72    13801.76       -3.360897    
    227000     363       1      14      72    14479.89       -3.427953    
    228000     344       1      14      72    13721.99       -3.246933    
    229000     376       1      14      73    14998.45       -3.505444    
    230000     366       1      14      73    14599.55       -3.472278    
    231000     393       1      15      74    15676.57       -3.384823    
    232000     372       1      15      74    14838.89       -3.324510    
    233000     385       1      15      74    15357.45       -3.445949    
    234000     386       1      15      75    15397.34       -3.456964    
    235000     397       1      15      75    15836.13       -3.293593    
    236000     397       1      15      75    15836.13       -3.518957    
    237000     381       1      15      76    15197.90       -3.504904    
    238000     393       1      15      76    15676.57       -3.419692    
    239000     410       1      15      77    16354.69       -3.473706    
    240000     385       1      15      77    15357.45       -3.534369    
    241000     395       1      15      77    15756.35       -3.631808    
    242000     384       1      15      78    15317.56       -3.339762    
    243000     412       1      15      78    16434.47       -3.518481    
    244000     398       1      15      79    15876.02       -3.381689    
    245000     381       1      15      79    15197.90       -3.496983    
    246000     409       1      15      79    16314.80       -3.559312    
    247000     386       1      15      80    15397.34       -3.415313    
    248000     369       1      15      80    14719.22       -3.378131    
    249000     392       1      15      80    15636.68       -3.484535    
    250000     414       1      15      81    16514.25       -3.608028    
    251000     375       1      15      81    14958.56       -3.463694    
    252000     388       1      15      81    15477.12       -3.423175    
    253000     393       1      15      82    15676.57       -3.554042    
    254000     415       1      15      82    16554.14       -3.584114    
    255000     380       1      15      82    15158.01       -3.450399    
    256000     397       1      15      83    15836.13       -3.556766    
    257000     371       1      15      83    14799.00       -3.485718    
    258000     406       1      15      84    16195.13       -3.487803    
    259000     380       1      15      84    15158.01       -3.509509    
    260000     395       1      15      84    15756.35       -3.523764    
    261000     390       1      15      85    15556.90       -3.463223    
    262000     376       1      15      85    14998.45       -3.653060    
    263000     384       1      15      85    15317.56       -3.598731    
    264000     389       1      15      86    15517.01       -3.439482    
    265000     415       1      15      86    16554.14       -3.464719    
    266000     394       1      15      86    15716.46       -3.335700    
    267000     386       1      15      87    15397.34       -3.579206    
    268000     382       1      15      87    15237.79       -3.536599    
    269000     378       1      15      87    15078.23       -3.470489    
    270000     403       1      15      88    16075.47       -3.569942    
    271000     378       1      15      88    15078.23       -3.626189    
    272000     386       1      15      88    15397.34       -3.502682    
    273000     390       1      15      89    15556.90       -3.479384    
    274000     374       1      15      89    14918.67       -3.594310    
    275000     399       1      15      90    15915.91       -3.492872    
    276000     384       1      15      90    15317.56       -3.499349    
    277000     372       1      15      90    14838.89       -3.559432    
    278000     413       1      15      91    16474.36       -3.457354    
    279000     380       1      15      91    15158.01       -3.336218    
    280000     415       1      15      91    16554.14       -3.527251    
    281000     367       1      15      92    14639.44       -3.571784    
    282000     388       1      15      92    15477.12       -3.508990    
    283000     385       1      15      92    15357.45       -3.424440    
    284000     379       1      15      93    15118.12       -3.507891    
    285000     384       1      15      93    15317.56       -3.542006    
    286000     399       1      15      93    15915.91       -3.414903    
    287000     375       1      15      94    14958.56       -3.475345    
    288000     413       1      15      94    16474.36       -3.612284    
    289000     412       1      15      95    16434.47       -3.471840    
    290000     395       1      15      95    15756.35       -3.489742    
    291000     371       1      15      95    14799.00       -3.360508    
    292000     398       1      16      96    15876.02       -3.601638    
    293000     402       1      16      96    16035.58       -3.636344    
    294000     426       1      16      96    16992.92       -3.506576    
    295000     409       1      16      97    16314.80       -3.471071    
    296000     398       1      16      97    15876.02       -3.512611    
    297000     405       1      16      97    16155.24       -3.530375    
    298000     401       1      16      98    15995.69       -3.388474    
    299000     404       1      16      98    16115.35       -3.532517    
    300000     405       1      16      99    16155.24       -3.453423    
    301000     427       1      16      99    17032.81       -3.422069    
    302000     423       1      16      99    16873.26       -3.685170    
    303000     410       1      16     100    16354.69       -3.530216    
    304000     402       1      16     100    16035.58       -3.427930    
    305000     396       1      16     101    15796.24       -3.505775    
    306000     428       1      16     101    17072.70       -3.546357    
    307000     435       1      16     101    17351.93       -3.424574    
    308000     434       1      16     102    17312.04       -3.451886    
    309000     429       1      16     102    17112.59       -3.537872    
    310000     434       1      16     103    17312.04       -3.466742    
    311000     438       1      16     103    17471.60       -3.584526    
    312000     399       1      16     103    15915.91       -3.438702    
    313000     415       1      16     104    16554.14       -3.560894    
    314000     421       1      16     104    16793.48       -3.451356    
    315000     399       1      16     105    15915.91       -3.438571    
    316000     409       1      16     105    16314.80       -3.415123    
    317000     413       1      16     105    16474.36       -3.473082    
    318000     381       1      15     106    15197.90       -3.542838    
    319000     387       1      15     106    15437.23       -3.613021    
    320000     384       1      15     107    15317.56       -3.280412    
    321000     380       1      15     107    15158.01       -3.496383    
    322000     415       1      15     107    16554.14       -3.653374    
    323000     402       1      16     108    16035.58       -3.522075    
    324000     440       1      16     108    17551.38       -3.634462    
    325000     415       1      16     109    16554.14       -3.631339    
    326000     428       1      16     109    17072.70       -3.657044    
    327000     415       1      16     109    16554.14       -3.541539    
    328000     409       1      16     110    16314.80       -3.395841    
    329000     421       1      16     110    16793.48       -3.421179    
    330000     401       1      16     111    15995.69       -3.397175    
    331000     416       1      16     111    16594.03       -3.530425    
    332000     439       1      16     111    17511.49       -3.480382    
    333000     421       1      16     112    16793.48       -3.459946    
    334000     419       1      16     112    16713.70       -3.620712    
    335000     430       1      16     112    17152.48       -3.509519    
    336000     438       1      16     113    17471.60       -3.554622    
    337000     408       1      16     113    16274.91       -3.537162    
    338000     439       1      16     114    17511.49       -3.417701    
    339000     432       1      16     114    17232.26       -3.585705    
    340000     429       1      16     115    17112.59       -3.651343    
    341000     406       1      16     115    16195.13       -3.577299    
    342000     421       1      16     115    16793.48       -3.504413    
    343000     407       1      16     116    16235.02       -3.493859    
    344000     424       1      16     116    16913.14       -3.540601    
    345000     417       1      16     117    16633.92       -3.572629    
    346000     413       1      16     117    16474.36       -3.596834    
    347000     396       1      16     117    15796.24       -3.621580    
    348000     431       1      16     118    17192.37       -3.545198    
    349000     399       1      16     118    15915.91       -3.481233    
    350000     426       1      16     119    16992.92       -3.523823    
    351000     402       1      16     119    16035.58       -3.453192    
    352000     432       1      16     119    17232.26       -3.471924    
    353000     400       1      16     120    15955.80       -3.481790    
    354000     405       1      16     120    16155.24       -3.561957    
    355000     415       1      16     121    16554.14       -3.434052    
    356000     408       1      16     121    16274.91       -3.588368    
    357000     428       1      16     121    17072.70       -3.527622    
    358000     426       1      17     122    16992.92       -3.572976    
    359000     420       1      17     122    16753.59       -3.588854    
    360000     421       1      17     123    16793.48       -3.569597    
    361000     462       1      17     123    18428.95       -3.626283    
    362000     441       1      17     123    17591.27       -3.614350    
    363000     435       1      17     124    17351.93       -3.593750    
    364000     443       1      17     124    17671.04       -3.513968    
    365000     416       1      17     125    16594.03       -3.449513    
    366000     416       1      17     125    16594.03       -3.575250    
    367000     445       1      17     125    17750.82       -3.446941    
    368000     462       1      17     126    18428.95       -3.469431    
    369000     441       1      17     126    17591.27       -3.611326    
    370000     459       1      17     127    18309.28       -3.537961    
    371000     459       1      17     127    18309.28       -3.536044    
    372000     455       1      17     127    18149.72       -3.568473    
    373000     436       1      17     128    17391.82       -3.468496    
    374000     443       1      17     128    17671.04       -3.657850    
    375000     445       1      17     129    17750.82       -3.627118    
    376000     454       1      17     129    18109.83       -3.488086    
    377000     450       1      17     129    17950.27       -3.486003    
    378000     420       1      17     130    16753.59       -3.538969    
    379000     455       1      17     130    18149.72       -3.674484    
    380000     416       1      17     131    16594.03       -3.343206    
    381000     459       1      17     131    18309.28       -3.547230    
    382000     417       1      17     132    16633.92       -3.577492    
    383000     430       1      17     132    17152.48       -3.615560    
    384000     432       1      17     132    17232.26       -3.494191    
    385000     462       1      17     133    18428.95       -3.684715    
    386000     441       1      17     133    17591.27       -3.619502    
    387000     470       1      18     134    18748.06       -3.576638    
    388000     460       1      18     134    18349.17       -3.594750    
    389000     488       1      18     135    19466.07       -3.748902    
    390000     480       1      18     135    19146.96       -3.726838    
    391000     455       1      18     136    18149.72       -3.571794    
    392000     474       1      18     136    18907.62       -3.559747    
    393000     474       1      18     137    18907.62       -3.518438    
    394000     488       1      18     137    19466.07       -3.664998    
    395000     461       1      18     137    18389.06       -3.639384    
    396000     485       1      18     138    19346.40       -3.760110    
    397000     479       1      18     138    19107.07       -3.438863    
    398000     448       1      18     139    17870.49       -3.560775    
    399000     454       1      18     139    18109.83       -3.542265    
    400000     444       1      18     140    17710.93       -3.340957    
    401000     473       1      18     140    18867.73       -3.535563    
    402000     459       1      18     141    18309.28       -3.516584    
    403000     454       1      18     141    18109.83       -3.412896    
    404000     449       1      18     141    17910.38       -3.515247    
    405000     449       1      18     142    17910.38       -3.498239    
    406000     473       1      18     142    18867.73       -3.505508    
    407000     471       1      18     143    18787.95       -3.652597    
    408000     467       1      18     143    18628.39       -3.578135    
    409000     480       1      18     144    19146.96       -3.634944    
    410000     485       1      18     144    19346.40       -3.673193    
    411000     444       1      18     145    17710.93       -3.719639    
    412000     458       1      18     145    18269.39       -3.707088    
    413000     462       1      18     145    18428.95       -3.617393    
    414000     441       1      18     146    17591.27       -3.371283    
    415000     461       1      18     146    18389.06       -3.563821    
    416000     488       1      18     147    19466.07       -3.665843    
    417000     459       1      18     147    18309.28       -3.553617    
    418000     464       1      18     148    18508.72       -3.455114    
    419000     455       1      18     148    18149.72       -3.535924    
    420000     475       1      18     148    18947.51       -3.707809    
    421000     478       1      18     149    19067.18       -3.545683    
    422000     441       1      18     149    17591.27       -3.649875    
    423000     470       1      18     150    18748.06       -3.721437    
    424000     481       1      18     150    19186.85       -3.678227    
    425000     480       1      18     151    19146.96       -3.529257    
    426000     488       1      18     151    19466.07       -3.772273    
    427000     466       1      18     152    18588.50       -3.487107    
    428000     453       1      18     152    18069.94       -3.576755    
    429000     455       1      18     153    18149.72       -3.618651    
    430000     461       1      18     153    18389.06       -3.655012    
    431000     458       1      18     153    18269.39       -3.377147    
    432000     444       1      18     154    17710.93       -3.521817    
    433000     468       1      18     154    18668.28       -3.639929    
    434000     474       1      18     155    18907.62       -3.565052    
    435000     478       1      18     155    19067.18       -3.683086    
    436000     454       1      18     156    18109.83       -3.499290    
    437000     472       1      18     156    18827.84       -3.437575    
    438000     448       1      18     156    17870.49       -3.539553    
    439000     461       1      18     157    18389.06       -3.656388    
    440000     478       1      18     157    19067.18       -3.694349    
    441000     470       1      18     158    18748.06       -3.455454    
    442000     449       1      18     158    17910.38       -3.664172    
    443000     441       1      18     159    17591.27       -3.573967    
    444000     484       1      18     159    19306.51       -3.616101    
    445000     478       1      18     160    19067.18       -3.653173    
    446000     470       1      18     160    18748.06       -3.671757    
    447000     472       1      18     161    18827.84       -3.588542    
    448000     482       1      18     161    19226.74       -3.657335    
    449000     483       1      18     161    19266.62       -3.573172    
    450000     483       1      18     162    19266.62       -3.481737    
    451000     446       1      18     162    17790.71       -3.494436    
    452000     478       1      18     163    19067.18       -3.600832    
    453000     484       1      18     163    19306.51       -3.748157    
    454000     452       1      17     164    18030.05       -3.615891    
    455000     443       1      17     164    17671.04       -3.593230    
    456000     454       1      17     164    18109.83       -3.647186    
    457000     423       1      17     165    16873.26       -3.566596    
    458000     459       1      17     165    18309.28       -3.452631    
    459000     419       1      17     166    16713.70       -3.520106    
    460000     430       1      17     166    17152.48       -3.449028    
    461000     461       1      17     167    18389.06       -3.467462    
    462000     439       1      17     167    17511.49       -3.437996    
    463000     464       1      17     168    18508.72       -3.623347    
    464000     459       1      17     168    18309.28       -3.596339    
    465000     418       1      17     168    16673.81       -3.532521    
    466000     458       1      17     169    18269.39       -3.665321    
    467000     442       1      17     169    17631.16       -3.549540    
    468000     445       1      18     170    17750.82       -3.368807    
    469000     459       1      18     170    18309.28       -3.545562    
    470000     467       1      18     171    18628.39       -3.494947    
    471000     451       1      18     171    17990.16       -3.587066    
    472000     475       1      18     171    18947.51       -3.652979    
    473000     468       1      18     172    18668.28       -3.601982    
    474000     443       1      18     172    17671.04       -3.531840    
    475000     485       1      18     173    19346.40       -3.764589    
    476000     444       1      18     173    17710.93       -3.473135    
    477000     480       1      19     174    19146.96       -3.712091    
    478000     478       1      19     174    19067.18       -3.701321    
    479000     479       1      19     175    19107.07       -3.518205    
    480000     507       1      19     175    20223.97       -3.678665    
    481000     502       1      19     176    20024.52       -3.712277    
    482000     495       1      19     176    19745.30       -3.664300    
    483000     509       1      19     176    20303.75       -3.633772    
    484000     483       1      19     177    19266.62       -3.624263    
    485000     512       1      19     177    20423.42       -3.684010    
    486000     511       1      19     178    20383.53       -3.568198    
    487000     505       1      19     178    20144.19       -3.596634    
    488000     512       1      19     179    20423.42       -3.771156    
    489000     494       1      19     179    19705.41       -3.645156    
    490000     505       1      19     180    20144.19       -3.661406    
    491000     496       1      19     180    19785.19       -3.609628    
    492000     487       1      19     181    19426.18       -3.616624    
    493000     473       1      19     181    18867.73       -3.596349    
    494000     507       1      19     182    20223.97       -3.696109    
    495000     494       1      19     182    19705.41       -3.598794    
    496000     487       1      19     183    19426.18       -3.798565    
    497000     485       1      19     183    19346.40       -3.658387    
    498000     472       1      18     184    18827.84       -3.539942    
    499000     476       1      18     184    18987.40       -3.684056    
    500000     477       1      18     184    19027.29       -3.523853    
    501000     446       1      18     185    17790.71       -3.525843    
    502000     474       1      18     185    18907.62       -3.601515    
    503000     481       1      18     186    19186.85       -3.629500    
    504000     450       1      18     186    17950.27       -3.493992    
    505000     456       1      18     187    18189.61       -3.594919    
    506000     470       1      18     187    18748.06       -3.616603    
    507000     483       1      18     188    19266.62       -3.651016    
    508000     450       1      18     188    17950.27       -3.632673    
    509000     473       1      18     188    18867.73       -3.586078    
    510000     467       1      18     189    18628.39       -3.649426    
    511000     446       1      18     189    17790.71       -3.377311    
    512000     488       1      18     190    19466.07       -3.669876    
    513000     444       1      18     190    17710.93       -3.477695    
    514000     472       1      18     191    18827.84       -3.614328    
    515000     466       1      18     191    18588.50       -3.676990    
    516000     505       1      19     192    20144.19       -3.645443    
    517000     497       1      19     192    19825.08       -3.701187    
    518000     502       1      19     192    20024.52       -3.548532    
    519000     469       1      19     193    18708.17       -3.680756    
    520000     490       1      19     193    19545.85       -3.684174    
    521000     500       1      19     194    19944.75       -3.694296    
    522000     466       1      19     194    18588.50       -3.605534    
    523000     469       1      19     195    18708.17       -3.624117    
    524000     497       1      19     195    19825.08       -3.816396    
    525000     442       1      18     196    17631.16       -3.662246    
    526000     441       1      18     196    17591.27       -3.485062    
    527000     471       1      18     197    18787.95       -3.561090    
    528000     459       1      18     197    18309.28       -3.528030    
    529000     462       1      18     197    18428.95       -3.592957    
    530000     466       1      18     198    18588.50       -3.577884    
    531000     471       1      18     198    18787.95       -3.608660    
    532000     464       1      18     199    18508.72       -3.559678    
    533000     465       1      18     199    18548.61       -3.633707    
    534000     445       1      18     200    17750.82       -3.608498    
    535000     464       1      18     200    18508.72       -3.544515    
    536000     458       1      18     200    18269.39       -3.513455    
    537000     446       1      18     201    17790.71       -3.625269    
    538000     464       1      18     201    18508.72       -3.615049    
    539000     460       1      18     202    18349.17       -3.547555    
    540000     457       1      18     202    18229.50       -3.579345    
    541000     464       1      18     202    18508.72       -3.524735    
    542000     481       1      18     203    19186.85       -3.565717    
    543000     455       1      18     203    18149.72       -3.619133    
    544000     445       1      18     204    17750.82       -3.536441    
    545000     476       1      18     204    18987.40       -3.579629    
    546000     472       1      18     205    18827.84       -3.510884    
    547000     448       1      18     205    17870.49       -3.684383    
    548000     459       1      18     205    18309.28       -3.513896    
    549000     454       1      18     206    18109.83       -3.499214    
    550000     471       1      18     206    18787.95       -3.643663    
    551000     487       1      18     207    19426.18       -3.584702    
    552000     447       1      18     207    17830.60       -3.553645    
    553000     478       1      18     208    19067.18       -3.675518    
    554000     458       1      18     208    18269.39       -3.559917    
    555000     467       1      18     208    18628.39       -3.391635    
    556000     452       1      18     209    18030.05       -3.465906    
    557000     455       1      18     209    18149.72       -3.601373    
    558000     496       1      19     210    19785.19       -3.743729    
    559000     476       1      19     210    18987.40       -3.612865    
    560000     504       1      19     211    20104.30       -3.682162    
    561000     503       1      19     211    20064.41       -3.580271    
    562000     481       1      19     212    19186.85       -3.529125    
    563000     485       1      19     212    19346.40       -3.625016    
    564000     494       1      19     213    19705.41       -3.594532    
    565000     472       1      19     213    18827.84       -3.603058    
    566000     466       1      19     214    18588.50       -3.580973    
    567000     468       1      19     214    18668.28       -3.626011    
    568000     494       1      19     215    19705.41       -3.736119    
    569000     481       1      19     215    19186.85       -3.627405    
    570000     501       1      19     215    19984.64       -3.585811    
    571000     509       1      19     216    20303.75       -3.546954    
    572000     497       1      19     216    19825.08       -3.688270    
    573000     490       1      19     217    19545.85       -3.566485    
    574000     505       1      19     217    20144.19       -3.685328    
    575000     467       1      19     218    18628.39       -3.576200    
    576000     505       1      19     218    20144.19       -3.789240    
    577000     479       1      19     219    19107.07       -3.655435    
    578000     505       1      19     219    20144.19       -3.613212    
    579000     470       1      19     220    18748.06       -3.589659    
    580000     482       1      19     220    19226.74       -3.606055    
    581000     472       1      19     221    18827.84       -3.529589    
    582000     506       1      19     221    20184.08       -3.596795    
    583000     466       1      19     222    18588.50       -3.523709    
    584000     488       1      19     222    19466.07       -3.667020    
    585000     478       1      19     223    19067.18       -3.660476    
    586000     468       1      19     223    18668.28       -3.609003    
    587000     475       1      19     224    18947.51       -3.602146    
    588000     471       1      19     224    18787.95       -3.610588    
    589000     512       1      19     224    20423.42       -3.538309    
    590000     468       1      19     225    18668.28       -3.395468    
    591000     468       1      19     225    18668.28       -3.481711    
    592000     482       1      19     226    19226.74       -3.556389    
    593000     480       1      19     226    19146.96       -3.641944    
    594000     480       1      19     227    19146.96       -3.555599    
    595000     479       1      19     227    19107.07       -3.637356    
    596000     476       1      19     228    18987.40       -3.478995    
    597000     497       1      19     228    19825.08       -3.535933    
    598000     487       1      19     229    19426.18       -3.626431    
    599000     510       1      19     229    20343.64       -3.620276    
    600000     528       1      20     230    21061.65       -3.743457    
    601000     522       1      20     230    20822.31       -3.682338    
    602000     519       1      20     231    20702.65       -3.651062    
    603000     524       1      20     231    20902.09       -3.761045    
    604000     512       1      20     232    20423.42       -3.790574    
    605000     535       1      20     232    21340.88       -3.737483    
    606000     517       1      20     233    20622.87       -3.610760    
    607000     527       1      20     233    21021.76       -3.735485    
    608000     502       1      20     234    20024.52       -3.678814    
    609000     534       1      20     234    21300.99       -3.806574    
    610000     490       1      20     235    19545.85       -3.680392    
    611000     501       1      20     235    19984.64       -3.743779    
    612000     494       1      20     236    19705.41       -3.730769    
    613000     499       1      20     236    19904.86       -3.665803    
    614000     530       1      20     237    21141.43       -3.787767    
    615000     496       1      20     237    19785.19       -3.631965    
    616000     490       1      20     238    19545.85       -3.549939    
    617000     526       1      20     238    20981.87       -3.798465    
    618000     504       1      20     239    20104.30       -3.592245    
    619000     522       1      20     239    20822.31       -3.756247    
    620000     508       1      19     240    20263.86       -3.644768    
    621000     476       1      19     240    18987.40       -3.648457    
    622000     466       1      19     241    18588.50       -3.507897    
    623000     508       1      19     241    20263.86       -3.722026    
    624000     514       1      20     242    20503.20       -3.745962    
    625000     500       1      20     242    19944.75       -3.631039    
    626000     526       1      20     243    20981.87       -3.691092    
    627000     521       1      20     243    20782.43       -3.712010    
    628000     526       1      20     244    20981.87       -3.790409    
    629000     527       1      20     244    21021.76       -3.699804    
    630000     507       1      20     245    20223.97       -3.629920    
    631000     534       1      20     245    21300.99       -3.711692    
    632000     525       1      20     245    20941.98       -3.657969    
    633000     528       1      20     246    21061.65       -3.696930    
    634000     526       1      20     246    20981.87       -3.661266    
    635000     525       1      20     247    20941.98       -3.800740    
    636000     494       1      20     247    19705.41       -3.762286    
    637000     516       1      20     248    20582.98       -3.653804    
    638000     489       1      20     248    19505.96       -3.702425    
    639000     522       1      20     249    20822.31       -3.805635    
    640000     530       1      20     249    21141.43       -3.707001    
    641000     512       1      20     250    20423.42       -3.617509    
    642000     490       1      20     250    19545.85       -3.597710    
    643000     494       1      20     251    19705.41       -3.729222    
    644000     532       1      20     251    21221.21       -3.731808    
    645000     467       1      19     252    18628.39       -3.617008    
    646000     510       1      19     252    20343.64       -3.630077    
    647000     477       1      19     253    19027.29       -3.629354    
    648000     505       1      19     253    20144.19       -3.634164    
    649000     455       1      18     254    18149.72       -3.443272    
    650000     478       1      18     254    19067.18       -3.537867    
    651000     465       1      18     255    18548.61       -3.536416    
    652000     463       1      18     255    18468.83       -3.519381    
    653000     476       1      18     255    18987.40       -3.635940    
    654000     512       1      19     256    20423.42       -3.632404    
    655000     506       1      19     256    20184.08       -3.736464    
    656000     485       1      19     257    19346.40       -3.579973    
    657000     496       1      19     257    19785.19       -3.678209    
    658000     486       1      19     258    19386.29       -3.556557    
    659000     510       1      19     258    20343.64       -3.682758    
    660000     483       1      19     259    19266.62       -3.519002    
    661000     486       1      19     259    19386.29       -3.694979    
    662000     466       1      19     260    18588.50       -3.530392    
    663000     472       1      19     260    18827.84       -3.520196    
    664000     501       1      19     260    19984.64       -3.490451    
    665000     491       1      19     261    19585.74       -3.611884    
    666000     501       1      19     261    19984.64       -3.583501    
    667000     498       1      20     262    19864.97       -3.637308    
    668000     521       1      20     262    20782.43       -3.721600    
    669000     500       1      20     263    19944.75       -3.647090    
    670000     524       1      20     263    20902.09       -3.790958    
    671000     533       1      20     264    21261.10       -3.785080    
    672000     510       1      20     264    20343.64       -3.716461    
    673000     502       1      20     265    20024.52       -3.647352    
    674000     532       1      20     265    21221.21       -3.757416    
    675000     500       1      20     266    19944.75       -3.689614    
    676000     494       1      20     266    19705.41       -3.663971    
    677000     527       1      20     267    21021.76       -3.672512    
    678000     493       1      20     268    19665.52       -3.673608    
    679000     523       1      20     268    20862.20       -3.687524    
    680000     518       1      20     269    20662.76       -3.686639    
    681000     491       1      20     269    19585.74       -3.679691    
    682000     528       1      20     270    21061.65       -3.711831    
    683000     491       1      20     270    19585.74       -3.726297    
    684000     528       1      20     271    21061.65       -3.730450    
    685000     495       1      20     271    19745.30       -3.597632    
    686000     523       1      20     272    20862.20       -3.742770    
    687000     493       1      20     272    19665.52       -3.703531    
    688000     512       1      20     273    20423.42       -3.683975    
    689000     534       1      20     273    21300.99       -3.675330    
    690000     505       1      20     274    20144.19       -3.535497    
    691000     491       1      20     274    19585.74       -3.634437    
    692000     530       1      20     275    21141.43       -3.857352    
    693000     521       1      20     275    20782.43       -3.692931    
    694000     533       1      20     276    21261.10       -3.678500    
    695000     522       1      20     276    20822.31       -3.639542    
    696000     505       1      20     277    20144.19       -3.696098    
    697000     503       1      20     277    20064.41       -3.679480    
    698000     517       1      20     277    20622.87       -3.769764    
    699000     527       1      20     278    21021.76       -3.708154    
    700000     496       1      20     278    19785.19       -3.651372    
    701000     518       1      20     279    20662.76       -3.703947    
    702000     530       1      20     279    21141.43       -3.798914    
    703000     506       1      20     280    20184.08       -3.706981    
    704000     520       1      20     280    20742.54       -3.750230    
    705000     499       1      20     281    19904.86       -3.581950    
    706000     506       1      20     281    20184.08       -3.706704    
    707000     528       1      21     282    21061.65       -3.728291    
    708000     548       1      21     282    21859.44       -3.720759    
    709000     532       1      21     283    21221.21       -3.725880    
    710000     542       1      21     283    21620.10       -3.638875    
    711000     545       1      21     284    21739.77       -3.742056    
    712000     544       1      21     284    21699.88       -3.808221    
    713000     530       1      21     285    21141.43       -3.758011    
    714000     534       1      21     285    21300.99       -3.762234    
    715000     550       1      21     286    21939.22       -3.662377    
    716000     527       1      21     286    21021.76       -3.785480    
    717000     543       1      21     287    21659.99       -3.777007    
    718000     553       1      21     287    22058.89       -3.875040    
    719000     536       1      21     288    21380.77       -3.665308    
    720000     519       1      21     288    20702.65       -3.655832    
    721000     540       1      21     289    21540.33       -3.682253    
    722000     521       1      21     289    20782.43       -3.660260    
    723000     539       1      21     290    21500.44       -3.766590    
    724000     537       1      21     291    21420.66       -3.727219    
    725000     523       1      21     291    20862.20       -3.735744    
    726000     513       1      21     292    20463.31       -3.775352    
    727000     513       1      21     292    20463.31       -3.722564    
    728000     517       1      21     293    20622.87       -3.700480    
    729000     533       1      21     293    21261.10       -3.702879    
    730000     518       1      21     294    20662.76       -3.697017    
    731000     530       1      21     294    21141.43       -3.709007    
    732000     543       1      21     295    21659.99       -3.589207    
    733000     516       1      21     295    20582.98       -3.701075    
    734000     569       1      22     296    22697.12       -3.830077    
    735000     548       1      22     296    21859.44       -3.646889    
    736000     546       1      22     297    21779.66       -3.728747    
    737000     540       1      22     297    21540.33       -3.844074    
    738000     575       1      22     298    22936.46       -3.909766    
    739000     575       1      22     299    22936.46       -3.772266    
    740000     567       1      22     299    22617.34       -3.831274    
    741000     542       1      22     300    21620.10       -3.807796    
    742000     565       1      22     300    22537.56       -3.704370    
    743000     548       1      22     301    21859.44       -3.722466    
    744000     578       1      22     301    23056.13       -3.719626    
    745000     560       1      21     302    22338.12       -3.664028    
    746000     529       1      21     302    21101.54       -3.669486    
    747000     535       1      21     303    21340.88       -3.653953    
    748000     521       1      21     303    20782.43       -3.711970    
    749000     497       1      20     304    19825.08       -3.606506    
    750000     501       1      20     304    19984.64       -3.629726    
    751000     513       1      20     305    20463.31       -3.698118    
    752000     510       1      20     305    20343.64       -3.537887    
    753000     516       1      20     306    20582.98       -3.739900    
    754000     531       1      20     306    21181.32       -3.772710    
    755000     490       1      20     307    19545.85       -3.655266    
    756000     535       1      20     307    21340.88       -3.749607    
    757000     499       1      20     308    19904.86       -3.527865    
    758000     507       1      20     308    20223.97       -3.669104    
    759000     520       1      20     309    20742.54       -3.794496    
    760000     520       1      20     309    20742.54       -3.710501    
    761000     524       1      20     310    20902.09       -3.765484    
    762000     517       1      20     310    20622.87       -3.651394    
    763000     516       1      20     311    20582.98       -3.616408    
    764000     527       1      20     311    21021.76       -3.690928    
    765000     503       1      20     312    20064.41       -3.731776    
    766000     514       1      20     312    20503.20       -3.793271    
    767000     526       1      20     313    20981.87       -3.751140    
    768000     514       1      20     313    20503.20       -3.662078    
    769000     487       1      19     314    19426.18       -3.760102    
    770000     483       1      19     314    19266.62       -3.665397    
    771000     498       1      19     315    19864.97       -3.688324    
    772000     485       1      19     315    19346.40       -3.630634    
    773000     507       1      19     316    20223.97       -3.767328    
    774000     480       1      19     316    19146.96       -3.712309    
    775000     484       1      19     316    19306.51       -3.569998    
    776000     500       1      19     317    19944.75       -3.652353    
    777000     483       1      19     317    19266.62       -3.583651    
    778000     487       1      19     318    19426.18       -3.638618    
    779000     468       1      19     318    18668.28       -3.519101    
    780000     475       1      19     319    18947.51       -3.602403    
    781000     476       1      19     319    18987.40       -3.449479    
    782000     512       1      19     320    20423.42       -3.702859    
    783000     501       1      19     320    19984.64       -3.597309    
    784000     506       1      19     321    20184.08       -3.770585    
    785000     488       1      19     321    19466.07       -3.692226    
    786000     506       1      19     322    20184.08       -3.604424    
    787000     477       1      19     322    19027.29       -3.620620    
    788000     470       1      19     323    18748.06       -3.553013    
    789000     497       1      19     323    19825.08       -3.645165    
    790000     468       1      19     323    18668.28       -3.529501    
    791000     475       1      19     324    18947.51       -3.572041    
    792000     491       1      19     324    19585.74       -3.559288    
    793000     490       1      19     325    19545.85       -3.583270    
    794000     494       1      19     325    19705.41       -3.631872    
    795000     469       1      19     326    18708.17       -3.760005    
    796000     465       1      19     326    18548.61       -3.597371    
    797000     484       1      19     327    19306.51       -3.563721    
    798000     479       1      19     327    19107.07       -3.521330    
    799000     486       1      19     328    19386.29       -3.547764    
    800000     471       1      19     328    18787.95       -3.779146    
    801000     494       1      19     329    19705.41       -3.608293    
    802000     484       1      19     329    19306.51       -3.615737    
    803000     505       1      19     329    20144.19       -3.691621    
    804000     466       1      19     330    18588.50       -3.579300    
    805000     473       1      19     330    18867.73       -3.722924    
    806000     492       1      19     331    19625.63       -3.611148    
    807000     477       1      19     331    19027.29       -3.580809    
    808000     477       1      19     332    19027.29       -3.661987    
    809000     507       1      19     332    20223.97       -3.671267    
    810000     480       1      19     333    19146.96       -3.674955    
    811000     499       1      19     333    19904.86       -3.727690    
    812000     509       1      19     334    20303.75       -3.714120    
    813000     472       1      19     334    18827.84       -3.712097    
    814000     512       1      19     335    20423.42       -3.715328    
    815000     492       1      19     335    19625.63       -3.719467    
    816000     473       1      19     336    18867.73       -3.640931    
    817000     485       1      19     336    19346.40       -3.684716    
    818000     489       1      19     336    19505.96       -3.647640    
    819000     491       1      19     337    19585.74       -3.552468    
    820000     480       1      19     337    19146.96       -3.610188    
    821000     482       1      19     338    19226.74       -3.667635    
    822000     485       1      19     338    19346.40       -3.669865    
    823000     475       1      19     339    18947.51       -3.595332    
    824000     475       1      19     339    18947.51       -3.625863    
    825000     506       1      19     340    20184.08       -3.743268    
    826000     500       1      19     340    19944.75       -3.706517    
    827000     494       1      19     341    19705.41       -3.628908    
    828000     479       1      19     341    19107.07       -3.531164    
    829000     481       1      19     342    19186.85       -3.598878    
    830000     488       1      19     342    19466.07       -3.486889    
    831000     479       1      19     343    19107.07       -3.680031    
    832000     492       1      19     343    19625.63       -3.732015    
    833000     473       1      19     344    18867.73       -3.651672    
    834000     467       1      19     344    18628.39       -3.478969    
    835000     467       1      19     344    18628.39       -3.606587    
    836000     494       1      19     345    19705.41       -3.562693    
    837000     504       1      19     345    20104.30       -3.534310    
    838000     496       1      19     346    19785.19       -3.598837    
    839000     504       1      19     346    20104.30       -3.656453    
    840000     472       1      19     347    18827.84       -3.533458    
    841000     470       1      19     347    18748.06       -3.603376    
    842000     500       1      19     348    19944.75       -3.807736    
    843000     502       1      19     348    20024.52       -3.695814    
    844000     493       1      19     349    19665.52       -3.725747    
    845000     467       1      19     349    18628.39       -3.533930    
    846000     500       1      19     349    19944.75       -3.689001    
    847000     473       1      19     350    18867.73       -3.633109    
    848000     488       1      19     350    19466.07       -3.609673    
    849000     508       1      19     351    20263.86       -3.727790    
    850000     500       1      19     351    19944.75       -3.682803    
    851000     487       1      19     352    19426.18       -3.611051    
    852000     498       1      19     352    19864.97       -3.747850    
    853000     488       1      19     353    19466.07       -3.648562    
    854000     477       1      19     353    19027.29       -3.590667    
    855000     482       1      19     354    19226.74       -3.614846    
    856000     467       1      19     354    18628.39       -3.696140    
    857000     471       1      19     355    18787.95       -3.609070    
    858000     511       1      19     355    20383.53       -3.800902    
    859000     480       1      19     355    19146.96       -3.723096    
    860000     497       1      19     356    19825.08       -3.662824    
    861000     500       1      19     356    19944.75       -3.672954    
    862000     481       1      19     357    19186.85       -3.542833    
    863000     497       1      19     357    19825.08       -3.644764    
    864000     488       1      19     358    19466.07       -3.713752    
    865000     507       1      19     358    20223.97       -3.792310    
    866000     480       1      19     359    19146.96       -3.644468    
    867000     469       1      19     359    18708.17       -3.611814    
