      1000     431       1      16       0    17192.37       -3.557653    
      2000     437       1      16       0    17431.71       -3.485693    
      3000     427       1      16       1    17032.81       -3.551633    
      4000     415       1      16       1    16554.14       -3.363131    
      5000     431       1      16       2    17192.37       -3.465679    
      6000     392       1      16       2    15636.68       -3.429430    
      7000     412       1      16       2    16434.47       -3.639727    
      8000     415       1      16       3    16554.14       -3.626900    
      9000     439       1      16       3    17511.49       -3.650569    
     10000     393       1      16       3    15676.57       -3.546362    
     11000     429       1      16       4    17112.59       -3.571097    
     12000     427       1      16       4    17032.81       -3.484341    
     13000     408       1      16       5    16274.91       -3.539349    
     14000     428       1      16       5    17072.70       -3.377283    
     15000     424       1      16       6    16913.14       -3.437960    
     16000     439       1      16       6    17511.49       -3.541552    
     17000     434       1      16       6    17312.04       -3.520125    
     18000     410       1      16       7    16354.69       -3.454305    
     19000     433       1      16       7    17272.15       -3.572010    
     20000     379       1      15       8    15118.12       -3.521299    
     21000     398       1      15       8    15876.02       -3.329594    
     22000     403       1      15       8    16075.47       -3.556419    
     23000     391       1      15       9    15596.79       -3.426759    
     24000     410       1      15       9    16354.69       -3.471916    
     25000     410       1      15       9    16354.69       -3.503542    
     26000     385       1      15      10    15357.45       -3.548601    
     27000     378       1      15      10    15078.23       -3.531547    
     28000     402       1      15      11    16035.58       -3.576701    
     29000     386       1      15      11    15397.34       -3.365739    
     30000     402       1      15      11    16035.58       -3.549807    
     31000     381       1      15      12    15197.90       -3.518086    
     32000     410       1      15      12    16354.69       -3.547706    
     33000     380       1      15      12    15158.01       -3.501340    
     34000     383       1      15      13    15277.68       -3.404050    
     35000     401       1      15      13    15995.69       -3.561267    
     36000     358       1      14      14    14280.44       -3.333641    
     37000     382       1      14      14    15237.79       -3.496467    
     38000     371       1      14      14    14799.00       -3.494887    
     39000     379       1      14      15    15118.12       -3.536965    
     40000     374       1      14      15    14918.67       -3.488651    
     41000     364       1      14      15    14519.78       -3.420550    
     42000     351       1      14      16    14001.21       -3.306364    
     43000     361       1      14      16    14400.11       -3.420113    
     44000     365       1      14      16    14559.66       -3.438728    
     45000     357       1      14      17    14240.55       -3.310147    
     46000     373       1      14      17    14878.78       -3.432095    
     47000     351       1      14      17    14001.21       -3.257688    
     48000     372       1      15      18    14838.89       -3.383407    
     49000     371       1      15      18    14799.00       -3.565726    
     50000     375       1      15      18    14958.56       -3.522482    
     51000     413       1      15      19    16474.36       -3.446776    
     52000     367       1      15      19    14639.44       -3.563141    
     53000     408       1      15      19    16274.91       -3.590655    
     54000     404       1      16      20    16115.35       -3.576028    
     55000     412       1      16      20    16434.47       -3.683459    
     56000     422       1      16      21    16833.37       -3.545783    
     57000     432       1      16      21    17232.26       -3.363921    
     58000     432       1      16      21    17232.26       -3.538374    
     59000     423       1      16      22    16873.26       -3.411891    
     60000     428       1      16      22    17072.70       -3.719629    
     61000     411       1      16      23    16394.58       -3.562228    
     62000     413       1      16      23    16474.36       -3.630479    
     63000     420       1      16      23    16753.59       -3.629871    
     64000     431       1      16      24    17192.37       -3.487660    
     65000     416       1      16      24    16594.03       -3.356621    
     66000     416       1      16      25    16594.03       -3.639281    
     67000     399       1      16      25    15915.91       -3.580843    
     68000     419       1      17      26    16713.70       -3.642793    
     69000     464       1      17      26    18508.72       -3.504677    
     70000     456       1      17      26    18189.61       -3.369154    
     71000     420       1      17      27    16753.59       -3.510562    
     72000     461       1      17      27    18389.06       -3.643655    
     73000     463       1      17      28    18468.83       -3.552904    
     74000     456       1      17      28    18189.61       -3.497525    
     75000     460       1      17      29    18349.17       -3.492384    
     76000     446       1      17      29    17790.71       -3.635845    
     77000     434       1      17      30    17312.04       -3.505493    
     78000     428       1      17      30    17072.70       -3.405768    
     79000     448       1      17      30    17870.49       -3.561987    
     80000     463       1      17      31    18468.83       -3.534177    
     81000     417       1      17      31    16633.92       -3.501655    
     82000     432       1      16      32    17232.26       -3.584571    
     83000     405       1      16      32    16155.24       -3.618446    
     84000     435       1      16      32    17351.93       -3.526225    
     85000     393       1      16      33    15676.57       -3.497249    
     86000     401       1      16      33    15995.69       -3.606242    
     87000     392       1      16      33    15636.68       -3.511393    
     88000     403       1      16      34    16075.47       -3.424093    
     89000     412       1      16      34    16434.47       -3.553962    
     90000     400       1      16      35    15955.80       -3.595960    
     91000     409       1      16      35    16314.80       -3.609373    
     92000     419       1      16      35    16713.70       -3.546236    
     93000     406       1      16      36    16195.13       -3.493053    
     94000     433       1      16      36    17272.15       -3.599840    
     95000     407       1      16      37    16235.02       -3.590563    
     96000     402       1      16      37    16035.58       -3.521905    
     97000     392       1      16      37    15636.68       -3.600104    
     98000     421       1      16      38    16793.48       -3.485696    
     99000     413       1      16      38    16474.36       -3.440059    
    100000     395       1      16      38    15756.35       -3.476380    
    101000     414       1      16      39    16514.25       -3.567632    
    102000     440       1      16      39    17551.38       -3.553736    
    103000     439       1      16      40    17511.49       -3.424992    
    104000     412       1      16      40    16434.47       -3.561880    
    105000     414       1      16      40    16514.25       -3.610650    
    106000     434       1      16      41    17312.04       -3.404844    
    107000     405       1      16      41    16155.24       -3.411230    
    108000     420       1      16      41    16753.59       -3.597429    
    109000     440       1      17      42    17551.38       -3.452920    
    110000     452       1      17      42    18030.05       -3.429980    
    111000     431       1      17      43    17192.37       -3.501931    
    112000     426       1      17      43    16992.92       -3.556424    
    113000     417       1      17      43    16633.92       -3.637895    
    114000     449       1      17      44    17910.38       -3.687325    
    115000     426       1      17      44    16992.92       -3.726292    
    116000     421       1      17      45    16793.48       -3.480342    
    117000     429       1      17      45    17112.59       -3.619936    
    118000     438       1      17      45    17471.60       -3.473666    
    119000     437       1      17      46    17431.71       -3.550928    
    120000     451       1      17      46    17990.16       -3.532946    
    121000     443       1      17      47    17671.04       -3.441199    
    122000     450       1      17      47    17950.27       -3.456054    
    123000     427       1      17      48    17032.81       -3.310257    
    124000     445       1      17      48    17750.82       -3.574492    
    125000     443       1      17      48    17671.04       -3.562475    
    126000     464       1      17      49    18508.72       -3.534985    
    127000     464       1      17      49    18508.72       -3.553753    
    128000     450       1      17      50    17950.27       -3.441363    
    129000     440       1      17      50    17551.38       -3.639267    
    130000     419       1      17      50    16713.70       -3.650902    
    131000     446       1      17      51    17790.71       -3.594294    
    132000     459       1      17      51    18309.28       -3.543550    
    133000     459       1      18      52    18309.28       -3.703473    
    134000     466       1      18      52    18588.50       -3.636369    
    135000     443       1      18      53    17671.04       -3.514970    
    136000     453       1      18      53    18069.94       -3.528973    
    137000     472       1      18      53    18827.84       -3.562704    
    138000     472       1      18      54    18827.84       -3.591564    
    139000     485       1      18      54    19346.40       -3.652139    
    140000     454       1      18      55    18109.83       -3.680174    
    141000     482       1      18      55    19226.74       -3.550816    
    142000     462       1      18      56    18428.95       -3.534178    
    143000     485       1      18      56    19346.40       -3.574947    
    144000     460       1      18      57    18349.17       -3.566512    
    145000     469       1      18      57    18708.17       -3.604449    
    146000     457       1      18      57    18229.50       -3.619311    
    147000     471       1      18      58    18787.95       -3.611791    
    148000     450       1      18      58    17950.27       -3.646914    
    149000     462       1      18      59    18428.95       -3.557067    
    150000     463       1      18      59    18468.83       -3.496083    
    151000     456       1      18      60    18189.61       -3.655606    
    152000     461       1      18      60    18389.06       -3.522135    
    153000     458       1      18      60    18269.39       -3.454993    
    154000     457       1      18      61    18229.50       -3.578471    
    155000     459       1      18      61    18309.28       -3.571618    
    156000     470       1      18      62    18748.06       -3.434286    
    157000     482       1      18      62    19226.74       -3.623998    
    158000     483       1      18      62    19266.62       -3.679550    
    159000     455       1      18      63    18149.72       -3.581743    
    160000     481       1      18      63    19186.85       -3.793761    
    161000     459       1      18      64    18309.28       -3.608948    
    162000     480       1      18      64    19146.96       -3.679223    
    163000     443       1      18      65    17671.04       -3.492142    
    164000     486       1      18      65    19386.29       -3.681236    
    165000     482       1      18      65    19226.74       -3.629033    
    166000     454       1      18      66    18109.83       -3.669480    
    167000     485       1      18      66    19346.40       -3.503858    
    168000     472       1      18      67    18827.84       -3.613220    
    169000     486       1      18      67    19386.29       -3.612094    
    170000     447       1      18      68    17830.60       -3.679972    
    171000     476       1      18      68    18987.40       -3.625742    
    172000     446       1      18      69    17790.71       -3.542167    
    173000     459       1      18      69    18309.28       -3.527397    
    174000     474       1      18      69    18907.62       -3.532754    
    175000     446       1      18      70    17790.71       -3.476592    
    176000     483       1      18      70    19266.62       -3.593163    
    177000     487       1      18      71    19426.18       -3.659239    
    178000     448       1      18      71    17870.49       -3.579485    
    179000     458       1      18      72    18269.39       -3.464639    
    180000     441       1      18      72    17591.27       -3.331846    
    181000     480       1      18      73    19146.96       -3.637446    
    182000     462       1      18      73    18428.95       -3.580805    
    183000     448       1      18      73    17870.49       -3.571829    
    184000     422       1      17      74    16833.37       -3.660489    
    185000     439       1      17      74    17511.49       -3.720598    
    186000     464       1      17      75    18508.72       -3.638681    
    187000     458       1      17      75    18269.39       -3.618573    
    188000     435       1      17      75    17351.93       -3.546383    
    189000     463       1      17      76    18468.83       -3.548867    
    190000     434       1      17      76    17312.04       -3.567268    
    191000     433       1      17      77    17272.15       -3.612678    
    192000     417       1      17      77    16633.92       -3.567089    
    193000     438       1      17      78    17471.60       -3.723986    
    194000     421       1      17      78    16793.48       -3.552549    
    195000     419       1      17      78    16713.70       -3.511014    
    196000     444       1      17      79    17710.93       -3.555880    
    197000     424       1      17      79    16913.14       -3.417187    
    198000     464       1      17      80    18508.72       -3.701098    
    199000     416       1      17      80    16594.03       -3.572052    
    200000     451       1      17      81    17990.16       -3.526182    
    201000     422       1      17      81    16833.37       -3.576290    
    202000     417       1      17      81    16633.92       -3.476477    
    203000     431       1      16      82    17192.37       -3.603268    
    204000     408       1      16      82    16274.91       -3.547663    
    205000     401       1      16      83    15995.69       -3.522402    
    206000     412       1      16      83    16434.47       -3.616982    
    207000     394       1      16      84    15716.46       -3.361572    
    208000     392       1      16      84    15636.68       -3.444554    
    209000     433       1      16      84    17272.15       -3.596090    
    210000     404       1      16      85    16115.35       -3.680068    
    211000     409       1      16      85    16314.80       -3.440524    
    212000     392       1      16      86    15636.68       -3.397382    
    213000     416       1      16      86    16594.03       -3.567674    
    214000     424       1      16      86    16913.14       -3.474856    
    215000     432       1      16      87    17232.26       -3.477872    
    216000     440       1      16      87    17551.38       -3.582968    
    217000     451       1      17      88    17990.16       -3.692893    
    218000     431       1      17      88    17192.37       -3.521774    
    219000     444       1      17      89    17710.93       -3.506186    
    220000     464       1      17      89    18508.72       -3.621350    
    221000     444       1      17      89    17710.93       -3.522121    
    222000     462       1      17      90    18428.95       -3.531651    
    223000     461       1      17      90    18389.06       -3.415467    
    224000     441       1      17      91    17591.27       -3.590482    
    225000     445       1      17      91    17750.82       -3.596583    
    226000     452       1      17      92    18030.05       -3.468339    
    227000     448       1      17      92    17870.49       -3.500228    
    228000     420       1      17      93    16753.59       -3.503936    
    229000     434       1      17      93    17312.04       -3.423822    
    230000     455       1      17      93    18149.72       -3.556509    
    231000     430       1      16      94    17152.48       -3.406772    
    232000     436       1      16      94    17391.82       -3.415017    
    233000     392       1      16      95    15636.68       -3.437049    
    234000     392       1      16      95    15636.68       -3.485900    
    235000     426       1      16      95    16992.92       -3.568531    
    236000     378       1      15      96    15078.23       -3.477622    
    237000     367       1      15      96    14639.44       -3.189435    
    238000     393       1      15      97    15676.57       -3.508574    
    239000     400       1      15      97    15955.80       -3.657974    
    240000     415       1      15      97    16554.14       -3.506611    
    241000     378       1      15      98    15078.23       -3.549502    
    242000     390       1      15      98    15556.90       -3.376827    
    243000     379       1      15      98    15118.12       -3.593534    
    244000     401       1      15      99    15995.69       -3.663931    
    245000     392       1      15      99    15636.68       -3.544306    
    246000     398       1      15     100    15876.02       -3.448634    
    247000     413       1      15     100    16474.36       -3.543361    
    248000     405       1      15     100    16155.24       -3.499002    
    249000     411       1      15     101    16394.58       -3.601731    
    250000     413       1      15     101    16474.36       -3.660759    
    251000     361       1      14     102    14400.11       -3.294311    
    252000     365       1      14     102    14559.66       -3.354913    
    253000     358       1      14     102    14280.44       -3.425706    
    254000     384       1      14     103    15317.56       -3.520394    
    255000     373       1      14     103    14878.78       -3.687591    
    256000     358       1      14     103    14280.44       -3.283857    
    257000     344       1      14     104    13721.99       -3.361008    
    258000     389       1      14     104    15517.01       -3.385534    
    259000     378       1      14     105    15078.23       -3.428821    
    260000     358       1      14     105    14280.44       -3.289081    
    261000     389       1      14     105    15517.01       -3.481584    
    262000     367       1      14     106    14639.44       -3.198278    
    263000     357       1      14     106    14240.55       -3.331998    
    264000     385       1      14     106    15357.45       -3.501440    
    265000     383       1      14     107    15277.68       -3.408108    
    266000     388       1      14     107    15477.12       -3.509308    
    267000     391       1      14     107    15596.79       -3.463171    
    268000     377       1      14     108    15038.34       -3.536156    
    269000     347       1      14     108    13841.65       -3.401971    
    270000     357       1      14     108    14240.55       -3.316373    
    271000     391       1      14     109    15596.79       -3.592688    
    272000     364       1      14     109    14519.78       -3.361292    
    273000     321       1      13     110    12804.53       -3.464490    
    274000     345       1      13     110    13761.87       -3.212746    
    275000     359       1      13     110    14320.33       -3.391540    
    276000     321       1      13     111    12804.53       -3.387630    
    277000     323       1      13     111    12884.31       -3.446421    
    278000     354       1      13     111    14120.88       -3.427219    
    279000     326       1      13     112    13003.97       -3.243163    
    280000     324       1      13     112    12924.20       -3.206226    
    281000     358       1      13     112    14280.44       -3.432783    
    282000     337       1      13     113    13442.76       -3.322177    
    283000     363       1      13     113    14479.89       -3.510797    
    284000     336       1      13     113    13402.87       -3.336417    
    285000     352       1      13     114    14041.10       -3.559485    
    286000     345       1      13     114    13761.87       -3.525878    
    287000     350       1      13     114    13961.32       -3.365151    
    288000     349       1      13     115    13921.43       -3.444967    
    289000     347       1      13     115    13841.65       -3.398801    
    290000     366       1      13     115    14599.55       -3.337057    
    291000     343       1      13     116    13682.10       -3.381720    
    292000     318       1      13     116    12684.86       -3.293200    
    293000     345       1      13     116    13761.87       -3.472523    
    294000     323       1      13     116    12884.31       -3.255874    
    295000     366       1      13     117    14599.55       -3.353612    
    296000     331       1      13     117    13203.42       -3.304534    
    297000     350       1      13     117    13961.32       -3.221038    
    298000     315       1      12     118    12565.19       -3.269936    
    299000     314       1      12     118    12525.30       -3.307433    
    300000     331       1      12     118    13203.42       -3.469218    
    301000     342       1      12     119    13642.21       -3.389971    
    302000     306       1      12     119    12206.18       -3.241095    
    303000     328       1      12     119    13083.75       -3.434392    
    304000     297       1      12     119    11847.18       -3.254371    
    305000     307       1      11     120    12246.07       -3.280123    
    306000     291       1      11     120    11607.84       -3.017899    
    307000     280       1      11     120    11169.06       -2.834387    
    308000     300       1      11     120    11966.85       -3.113880    
    309000     283       1      11     121    11288.73       -3.285072    
    310000     285       1      11     121    11368.51       -3.199648    
    311000     278       1      11     121    11089.28       -3.293573    
    312000     296       1      11     121    11807.29       -3.119223    
    313000     278       1      11     122    11089.28       -3.163022    
    314000     269       1      11     122    10730.27       -3.087283    
    315000     290       1      11     122    11567.95       -3.132090    
    316000     290       1      11     123    11567.95       -3.409978    
    317000     305       1      11     123    12166.30       -3.185198    
    318000     272       1      11     123    10849.94       -3.059382    
    319000     317       1      11     123    12644.97       -3.284831    
    320000     270       1      11     124    10770.16       -3.039696    
    321000     317       1      11     124    12644.97       -3.098610    
    322000     310       1      11     124    12365.74       -3.203743    
    323000     278       1      11     124    11089.28       -3.290340    
    324000     301       1      11     125    12006.74       -3.229709    
    325000     273       1      11     125    10889.83       -3.116156    
    326000     292       1      11     125    11647.73       -3.225731    
    327000     339       1      12     126    13522.54       -3.472210    
    328000     295       1      12     126    11767.40       -3.230509    
    329000     339       1      12     126    13522.54       -3.438294    
    330000     338       1      12     126    13482.65       -3.192153    
    331000     330       1      12     127    13163.53       -3.241972    
    332000     300       1      12     127    11966.85       -3.206551    
    333000     334       1      12     127    13323.09       -3.419738    
    334000     315       1      11     128    12565.19       -3.216719    
    335000     274       1      11     128    10929.72       -3.132324    
    336000     272       1      11     128    10849.94       -2.998669    
    337000     313       1      11     128    12485.41       -3.426337    
    338000     273       1      11     129    10889.83       -2.975954    
    339000     304       1      11     129    12126.41       -3.189720    
    340000     303       1      11     129    12086.52       -3.186990    
    341000     274       1      11     129    10929.72       -3.073842    
    342000     292       1      11     130    11647.73       -3.100782    
    343000     315       1      11     130    12565.19       -3.252647    
    344000     316       1      11     130    12605.08       -3.200589    
    345000     314       1      11     131    12525.30       -3.346547    
    346000     293       1      11     131    11687.62       -3.150426    
    347000     285       1      11     131    11368.51       -3.107099    
    348000     316       1      11     132    12605.08       -3.276355    
    349000     277       1      11     132    11049.39       -2.932645    
    350000     317       1      11     132    12644.97       -3.399898    
    351000     273       1      11     133    10889.83       -3.198767    
    352000     274       1      11     133    10929.72       -3.168176    
    353000     290       1      11     133    11567.95       -3.274469    
    354000     276       1      11     133    11009.50       -3.145214    
    355000     306       1      11     134    12206.18       -3.021992    
    356000     295       1      11     134    11767.40       -3.217215    
    357000     315       1      11     134    12565.19       -3.360649    
    358000     280       1      11     135    11169.06       -3.221491    
    359000     311       1      11     135    12405.63       -3.138972    
    360000     307       1      11     135    12246.07       -3.243008    
    361000     291       1      11     135    11607.84       -3.136499    
    362000     302       1      11     136    12046.63       -3.289414    
    363000     296       1      11     136    11807.29       -3.275357    
    364000     281       1      11     136    11208.95       -3.284437    
    365000     303       1      11     137    12086.52       -3.377174    
    366000     306       1      11     137    12206.18       -3.249266    
    367000     284       1      11     137    11328.62       -3.119442    
    368000     278       1      11     137    11089.28       -2.983728    
    369000     278       1      11     138    11089.28       -3.238288    
    370000     315       1      11     138    12565.19       -3.161381    
    371000     283       1      11     138    11288.73       -3.175895    
    372000     283       1      11     139    11288.73       -3.301887    
    373000     269       1      11     139    10730.27       -3.205639    
    374000     297       1      11     139    11847.18       -3.364710    
    375000     310       1      11     139    12365.74       -3.317521    
    376000     279       1      11     140    11129.17       -3.000721    
    377000     304       1      11     140    12126.41       -3.154221    
    378000     306       1      11     140    12206.18       -3.251703    
    379000     317       1      11     140    12644.97       -3.279727    
    380000     289       1      11     141    11528.06       -3.278427    
    381000     278       1      11     141    11089.28       -3.345167    
    382000     315       1      11     141    12565.19       -3.311267    
    383000     312       1      11     141    12445.52       -3.168030    
    384000     290       1      11     142    11567.95       -3.208331    
    385000     274       1      11     142    10929.72       -3.069539    
    386000     286       1      11     142    11408.39       -3.172696    
    387000     292       1      11     143    11647.73       -3.273141    
    388000     295       1      11     143    11767.40       -3.194147    
    389000     296       1      11     143    11807.29       -2.959460    
    390000     308       1      11     143    12285.96       -3.247166    
    391000     314       1      11     144    12525.30       -3.353540    
    392000     302       1      11     144    12046.63       -3.235403    
    393000     309       1      11     144    12325.85       -3.408082    
    394000     283       1      11     144    11288.73       -3.142764    
    395000     273       1      11     145    10889.83       -3.135951    
    396000     309       1      11     145    12325.85       -3.359724    
    397000     294       1      11     145    11727.51       -3.220613    
    398000     274       1      11     145    10929.72       -2.778544    
    399000     317       1      11     146    12644.97       -3.425268    
    400000     271       1      11     146    10810.05       -3.115618    
    401000     279       1      11     146    11129.17       -3.222831    
    402000     280       1      11     147    11169.06       -3.105575    
    403000     286       1      11     147    11408.39       -3.114786    
    404000     291       1      11     147    11607.84       -3.320162    
    405000     298       1      11     147    11887.07       -3.170182    
    406000     294       1      11     148    11727.51       -3.145113    
    407000     281       1      11     148    11208.95       -3.090946    
    408000     298       1      11     148    11887.07       -3.383151    
    409000     278       1      11     148    11089.28       -3.032951    
    410000     315       1      11     149    12565.19       -3.410012    
    411000     306       1      11     149    12206.18       -3.254059    
    412000     281       1      11     149    11208.95       -3.087605    
    413000     281       1      11     149    11208.95       -3.211375    
    414000     273       1      11     150    10889.83       -3.186650    
    415000     282       1      11     150    11248.84       -3.277981    
    416000     313       1      11     150    12485.41       -3.370786    
    417000     272       1      11     151    10849.94       -3.194858    
    418000     280       1      11     151    11169.06       -3.088663    
    419000     271       1      11     151    10810.05       -3.277583    
    420000     273       1      11     151    10889.83       -3.102209    
    421000     290       1      11     152    11567.95       -3.446375    
    422000     314       1      11     152    12525.30       -3.141131    
    423000     300       1      11     152    11966.85       -3.261566    
    424000     295       1      11     153    11767.40       -3.257098    
    425000     303       1      11     153    12086.52       -3.206770    
    426000     273       1      11     153    10889.83       -3.180754    
    427000     304       1      11     154    12126.41       -3.256874    
    428000     304       1      11     154    12126.41       -3.337343    
    429000     304       1      11     154    12126.41       -3.003669    
    430000     287       1      11     154    11448.28       -3.176485    
    431000     297       1      11     155    11847.18       -3.190874    
    432000     274       1      11     155    10929.72       -3.003232    
    433000     280       1      11     155    11169.06       -3.202516    
    434000     314       1      11     156    12525.30       -3.238944    
    435000     296       1      11     156    11807.29       -3.171826    
    436000     283       1      11     156    11288.73       -3.057647    
    437000     306       1      11     156    12206.18       -3.361221    
    438000     297       1      11     157    11847.18       -3.370562    
    439000     298       1      11     157    11887.07       -3.276372    
    440000     274       1      11     157    10929.72       -3.311124    
    441000     300       1      11     157    11966.85       -3.201106    
    442000     278       1      11     158    11089.28       -3.238667    
    443000     284       1      11     158    11328.62       -3.147479    
    444000     287       1      11     158    11448.28       -3.071866    
    445000     299       1      11     158    11926.96       -3.298209    
    446000     280       1      11     159    11169.06       -3.251874    
    447000     269       1      11     159    10730.27       -3.168427    
    448000     278       1      11     159    11089.28       -3.207603    
    449000     273       1      11     160    10889.83       -3.019701    
    450000     304       1      11     160    12126.41       -3.187996    
    451000     295       1      11     160    11767.40       -3.164564    
    452000     287       1      11     160    11448.28       -3.280031    
    453000     317       1      11     161    12644.97       -3.113726    
    454000     280       1      11     161    11169.06       -3.204585    
    455000     292       1      11     161    11647.73       -3.285506    
    456000     285       1      11     161    11368.51       -3.229327    
    457000     289       1      11     162    11528.06       -3.132532    
    458000     307       1      11     162    12246.07       -3.275252    
    459000     292       1      11     162    11647.73       -3.105376    
    460000     307       1      11     162    12246.07       -3.142346    
    461000     303       1      11     163    12086.52       -3.194613    
    462000     316       1      11     163    12605.08       -3.327170    
    463000     282       1      11     163    11248.84       -3.142187    
    464000     297       1      11     163    11847.18       -3.289812    
    465000     311       1      11     164    12405.63       -3.314113    
    466000     287       1      11     164    11448.28       -3.205067    
    467000     317       1      11     164    12644.97       -3.415943    
    468000     274       1      11     165    10929.72       -3.167259    
    469000     309       1      11     165    12325.85       -3.168311    
    470000     307       1      11     165    12246.07       -3.218891    
    471000     294       1      11     165    11727.51       -3.240766    
    472000     321       1      12     166    12804.53       -3.155975    
    473000     329       1      12     166    13123.64       -3.354833    
    474000     341       1      12     166    13602.32       -3.338284    
    475000     324       1      12     167    12924.20       -3.226395    
    476000     304       1      12     167    12126.41       -3.129710    
    477000     304       1      12     167    12126.41       -3.166777    
    478000     300       1      12     167    11966.85       -3.254004    
    479000     308       1      12     168    12285.96       -3.133265    
    480000     294       1      12     168    11727.51       -3.150341    
    481000     326       1      12     168    13003.97       -3.270258    
    482000     312       1      12     168    12445.52       -3.266233    
    483000     307       1      12     169    12246.07       -3.254631    
    484000     340       1      12     169    13562.43       -3.287682    
    485000     330       1      12     169    13163.53       -3.299608    
    486000     305       1      11     170    12166.30       -3.320342    
    487000     272       1      11     170    10849.94       -3.151409    
    488000     294       1      11     170    11727.51       -3.262162    
    489000     306       1      11     170    12206.18       -3.225191    
    490000     310       1      11     171    12365.74       -3.345556    
    491000     300       1      11     171    11966.85       -3.291142    
    492000     297       1      11     171    11847.18       -3.175816    
    493000     292       1      11     171    11647.73       -3.060824    
    494000     278       1      11     172    11089.28       -3.240840    
    495000     293       1      11     172    11687.62       -3.257389    
    496000     317       1      11     172    12644.97       -3.406980    
    497000     273       1      11     172    10889.83       -2.995805    
    498000     313       1      11     173    12485.41       -3.194934    
    499000     301       1      11     173    12006.74       -3.258811    
    500000     302       1      11     173    12046.63       -3.283992    
    501000     295       1      11     174    11767.40       -3.150727    
    502000     278       1      11     174    11089.28       -3.150392    
    503000     315       1      11     174    12565.19       -2.875298    
    504000     295       1      11     174    11767.40       -3.251930    
    505000     317       1      11     175    12644.97       -3.441148    
    506000     310       1      11     175    12365.74       -3.256186    
    507000     315       1      11     175    12565.19       -3.270215    
    508000     304       1      11     176    12126.41       -3.419492    
    509000     303       1      11     176    12086.52       -3.260291    
    510000     272       1      11     176    10849.94       -2.971723    
    511000     294       1      11     177    11727.51       -3.090332    
    512000     315       1      11     177    12565.19       -3.267575    
    513000     284       1      11     177    11328.62       -3.186872    
    514000     298       1      11     177    11887.07       -3.237985    
    515000     310       1      11     178    12365.74       -3.192130    
    516000     276       1      11     178    11009.50       -3.176011    
    517000     285       1      11     178    11368.51       -3.059742    
    518000     317       1      11     179    12644.97       -3.384301    
    519000     310       1      11     179    12365.74       -3.396066    
    520000     278       1      11     179    11089.28       -3.042730    
    521000     314       1      12     180    12525.30       -3.247087    
    522000     299       1      12     180    11926.96       -3.285202    
    523000     302       1      12     180    12046.63       -3.149541    
    524000     332       1      12     181    13243.31       -3.216710    
    525000     295       1      12     181    11767.40       -3.138568    
    526000     308       1      12     181    12285.96       -3.122232    
    527000     303       1      12     182    12086.52       -3.067248    
    528000     317       1      12     182    12644.97       -3.231277    
    529000     319       1      12     182    12724.75       -3.248893    
    530000     310       1      12     182    12365.74       -3.131504    
    531000     340       1      12     183    13562.43       -3.405299    
    532000     340       1      12     183    13562.43       -3.333744    
    533000     332       1      12     184    13243.31       -3.238849    
    534000     325       1      12     184    12964.08       -3.480410    
    535000     305       1      12     184    12166.30       -3.334256    
    536000     309       1      12     184    12325.85       -3.288515    
    537000     330       1      12     185    13163.53       -3.415616    
    538000     333       1      12     185    13283.20       -3.279131    
    539000     316       1      12     185    12605.08       -3.299267    
    540000     297       1      12     186    11847.18       -3.335081    
    541000     296       1      12     186    11807.29       -3.255961    
    542000     307       1      12     186    12246.07       -3.166433    
    543000     312       1      12     187    12445.52       -3.221050    
    544000     341       1      12     187    13602.32       -3.280458    
    545000     331       1      12     187    13203.42       -3.483610    
    546000     314       1      12     187    12525.30       -3.260036    
    547000     287       1      11     188    11448.28       -2.932419    
    548000     297       1      11     188    11847.18       -3.278444    
    549000     291       1      11     188    11607.84       -3.312575    
    550000     298       1      11     188    11887.07       -3.287875    
    551000     292       1      11     189    11647.73       -3.115755    
    552000     282       1      11     189    11248.84       -3.052861    
    553000     272       1      11     189    10849.94       -3.014868    
    554000     289       1      11     189    11528.06       -3.121070    
    555000     294       1      12     190    11727.51       -3.396673    
    556000     310       1      12     190    12365.74       -3.310088    
    557000     300       1      12     190    11966.85       -3.228973    
    558000     340       1      12     191    13562.43       -3.474208    
    559000     317       1      12     191    12644.97       -3.215123    
    560000     326       1      12     191    13003.97       -3.256084    
    561000     303       1      12     191    12086.52       -3.177634    
    562000     340       1      12     192    13562.43       -3.436383    
    563000     328       1      12     192    13083.75       -3.429356    
    564000     313       1      12     192    12485.41       -3.286462    
    565000     315       1      12     193    12565.19       -3.326413    
    566000     320       1      12     193    12764.64       -3.482860    
    567000     308       1      12     193    12285.96       -3.328918    
    568000     342       1      12     193    13642.21       -3.276500    
    569000     351       1      13     194    14001.21       -3.445953    
    570000     359       1      13     194    14320.33       -3.428391    
    571000     366       1      13     194    14599.55       -3.440858    
    572000     320       1      13     195    12764.64       -3.451875    
    573000     343       1      13     195    13682.10       -3.500678    
    574000     319       1      13     195    12724.75       -3.211545    
    575000     330       1      13     196    13163.53       -3.285665    
    576000     358       1      13     196    14280.44       -3.336554    
    577000     330       1      13     196    13163.53       -3.226513    
    578000     347       1      13     197    13841.65       -3.326253    
    579000     363       1      13     197    14479.89       -3.218972    
    580000     360       1      13     197    14360.22       -3.513027    
    581000     363       1      13     197    14479.89       -3.484715    
    582000     346       1      13     198    13801.76       -3.209646    
    583000     336       1      13     198    13402.87       -3.396937    
    584000     351       1      13     198    14001.21       -3.499763    
    585000     333       1      13     199    13283.20       -3.242939    
    586000     351       1      13     199    14001.21       -3.392686    
    587000     325       1      13     199    12964.08       -3.309363    
    588000     362       1      14     200    14440.00       -3.482204    
    589000     359       1      14     200    14320.33       -3.461443    
    590000     362       1      14     200    14440.00       -3.442068    
    591000     364       1      14     201    14519.78       -3.324508    
    592000     376       1      14     201    14998.45       -3.410866    
    593000     376       1      14     201    14998.45       -3.461748    
    594000     356       1      14     202    14200.66       -3.393304    
    595000     361       1      14     202    14400.11       -3.516772    
    596000     373       1      14     202    14878.78       -3.406708    
    597000     362       1      14     203    14440.00       -3.482855    
    598000     377       1      14     203    15038.34       -3.536100    
    599000     371       1      14     203    14799.00       -3.535798    
    600000     379       1      14     204    15118.12       -3.431931    
    601000     363       1      14     204    14479.89       -3.529453    
    602000     372       1      14     204    14838.89       -3.490048    
    603000     344       1      14     205    13721.99       -3.469452    
    604000     360       1      14     205    14360.22       -3.396354    
    605000     370       1      14     205    14759.11       -3.383598    
    606000     381       1      14     206    15197.90       -3.566384    
    607000     379       1      14     206    15118.12       -3.541386    
    608000     384       1      14     206    15317.56       -3.524448    
    609000     361       1      14     207    14400.11       -3.564034    
    610000     386       1      14     207    15397.34       -3.426730    
    611000     378       1      14     208    15078.23       -3.520046    
    612000     352       1      14     208    14041.10       -3.417440    
    613000     349       1      14     208    13921.43       -3.415695    
    614000     347       1      14     209    13841.65       -3.304078    
    615000     372       1      14     209    14838.89       -3.393688    
    616000     380       1      14     209    15158.01       -3.360615    
    617000     346       1      14     210    13801.76       -3.471005    
    618000     361       1      14     210    14400.11       -3.469559    
    619000     378       1      14     211    15078.23       -3.432269    
    620000     348       1      14     211    13881.54       -3.381598    
    621000     381       1      14     211    15197.90       -3.505119    
    622000     355       1      13     212    14160.77       -3.408665    
    623000     320       1      13     212    12764.64       -3.338437    
    624000     350       1      13     212    13961.32       -3.474229    
    625000     326       1      13     213    13003.97       -3.405379    
    626000     318       1      13     213    12684.86       -3.123344    
    627000     365       1      13     213    14559.66       -3.409204    
    628000     322       1      13     214    12844.42       -3.258320    
    629000     347       1      13     214    13841.65       -3.495879    
    630000     346       1      13     215    13801.76       -3.439341    
    631000     328       1      13     215    13083.75       -3.453241    
    632000     335       1      13     215    13362.98       -3.274345    
    633000     348       1      13     216    13881.54       -3.380069    
    634000     324       1      13     216    12924.20       -3.278289    
    635000     344       1      13     216    13721.99       -3.378125    
    636000     349       1      13     217    13921.43       -3.179556    
    637000     330       1      13     217    13163.53       -3.494555    
    638000     318       1      13     217    12684.86       -3.474455    
    639000     339       1      12     218    13522.54       -3.424948    
    640000     301       1      12     218    12006.74       -3.313253    
    641000     305       1      12     218    12166.30       -3.119829    
    642000     338       1      12     218    13482.65       -3.411204    
    643000     312       1      12     219    12445.52       -3.277288    
    644000     319       1      12     219    12724.75       -3.187588    
    645000     301       1      12     219    12006.74       -3.100505    
    646000     325       1      12     220    12964.08       -3.377732    
    647000     329       1      12     220    13123.64       -3.452219    
    648000     331       1      12     220    13203.42       -3.341946    
    649000     312       1      12     221    12445.52       -3.080746    
    650000     329       1      12     221    13123.64       -3.184954    
    651000     308       1      12     221    12285.96       -3.135300    
    652000     313       1      12     222    12485.41       -3.169596    
    653000     316       1      12     222    12605.08       -3.497390    
    654000     306       1      12     222    12206.18       -3.401999    
    655000     321       1      12     223    12804.53       -3.268896    
    656000     300       1      12     223    11966.85       -3.073332    
    657000     316       1      12     223    12605.08       -3.190829    
    658000     328       1      12     223    13083.75       -3.319977    
    659000     315       1      12     224    12565.19       -3.289768    
    660000     317       1      12     224    12644.97       -3.192788    
    661000     320       1      12     224    12764.64       -3.324711    
    662000     301       1      12     225    12006.74       -3.259098    
    663000     314       1      12     225    12525.30       -3.250805    
    664000     298       1      12     225    11887.07       -3.100410    
    665000     340       1      12     225    13562.43       -3.532947    
    666000     301       1      12     226    12006.74       -3.175934    
    667000     338       1      12     226    13482.65       -3.529644    
    668000     322       1      12     226    12844.42       -3.389852    
    669000     313       1      12     227    12485.41       -3.330740    
    670000     338       1      12     227    13482.65       -3.520982    
    671000     323       1      12     227    12884.31       -3.451495    
    672000     312       1      12     227    12445.52       -3.281295    
    673000     366       1      13     228    14599.55       -3.431961    
    674000     324       1      13     228    12924.20       -3.380199    
    675000     321       1      13     228    12804.53       -3.281296    
    676000     355       1      13     229    14160.77       -3.393791    
    677000     327       1      13     229    13043.86       -3.330491    
    678000     366       1      13     229    14599.55       -3.352774    
    679000     342       1      13     230    13642.21       -3.212299    
    680000     346       1      13     230    13801.76       -3.461140    
    681000     356       1      13     230    14200.66       -3.444336    
    682000     355       1      13     231    14160.77       -3.481556    
    683000     360       1      13     231    14360.22       -3.339054    
    684000     330       1      13     231    13163.53       -3.395171    
    685000     320       1      13     232    12764.64       -3.263034    
    686000     328       1      13     232    13083.75       -3.479070    
    687000     329       1      13     232    13123.64       -3.360207    
    688000     363       1      13     232    14479.89       -3.471170    
    689000     318       1      13     233    12684.86       -3.461422    
    690000     357       1      13     233    14240.55       -3.388017    
    691000     340       1      13     234    13562.43       -3.353993    
    692000     334       1      13     234    13323.09       -3.378385    
    693000     348       1      13     234    13881.54       -3.544996    
    694000     360       1      13     235    14360.22       -3.476653    
    695000     356       1      13     235    14200.66       -3.340973    
    696000     364       1      13     235    14519.78       -3.370000    
    697000     360       1      13     235    14360.22       -3.321116    
    698000     365       1      13     236    14559.66       -3.424597    
    699000     356       1      13     236    14200.66       -3.320017    
    700000     319       1      13     236    12724.75       -3.240202    
    701000     345       1      13     237    13761.87       -3.222773    
    702000     327       1      13     237    13043.86       -3.358460    
    703000     319       1      13     237    12724.75       -3.412820    
    704000     357       1      14     238    14240.55       -3.456107    
    705000     348       1      14     238    13881.54       -3.487653    
    706000     359       1      14     238    14320.33       -3.419925    
    707000     386       1      14     239    15397.34       -3.346633    
    708000     356       1      14     239    14200.66       -3.555746    
    709000     352       1      14     239    14041.10       -3.596746    
    710000     355       1      14     240    14160.77       -3.505401    
    711000     352       1      14     240    14041.10       -3.274539    
    712000     357       1      14     240    14240.55       -3.305340    
    713000     367       1      14     241    14639.44       -3.344807    
    714000     366       1      14     241    14599.55       -3.565557    
    715000     385       1      14     242    15357.45       -3.417292    
    716000     364       1      14     242    14519.78       -3.301727    
    717000     365       1      14     242    14559.66       -3.462468    
    718000     358       1      14     243    14280.44       -3.440118    
    719000     387       1      14     243    15437.23       -3.481344    
    720000     386       1      14     243    15397.34       -3.455604    
    721000     348       1      13     244    13881.54       -3.214367    
    722000     341       1      13     244    13602.32       -3.341860    
    723000     361       1      13     244    14400.11       -3.489995    
    724000     357       1      13     245    14240.55       -3.363351    
    725000     329       1      13     245    13123.64       -3.442432    
    726000     326       1      13     245    13003.97       -3.454347    
    727000     365       1      13     245    14559.66       -3.434394    
    728000     337       1      13     246    13442.76       -3.397993    
    729000     341       1      13     246    13602.32       -3.400209    
    730000     321       1      13     246    12804.53       -3.285238    
    731000     334       1      13     247    13323.09       -3.497419    
    732000     329       1      13     247    13123.64       -3.351418    
    733000     346       1      13     247    13801.76       -3.441687    
    734000     353       1      13     248    14080.99       -3.499237    
    735000     356       1      13     248    14200.66       -3.394628    
    736000     329       1      13     249    13123.64       -3.383390    
    737000     357       1      13     249    14240.55       -3.346264    
    738000     353       1      13     249    14080.99       -3.421015    
    739000     358       1      13     249    14280.44       -3.451245    
    740000     354       1      13     250    14120.88       -3.477904    
    741000     322       1      13     250    12844.42       -3.476403    
    742000     329       1      13     250    13123.64       -3.365084    
    743000     353       1      13     251    14080.99       -3.516452    
    744000     340       1      13     251    13562.43       -3.329914    
    745000     344       1      13     251    13721.99       -3.458727    
    746000     319       1      13     252    12724.75       -3.290275    
    747000     351       1      13     252    14001.21       -3.322975    
    748000     357       1      13     252    14240.55       -3.552244    
    749000     332       1      13     253    13243.31       -3.472962    
    750000     344       1      13     253    13721.99       -3.438350    
    751000     335       1      13     253    13362.98       -3.356909    
    752000     328       1      12     254    13083.75       -3.365944    
    753000     326       1      12     254    13003.97       -3.253003    
    754000     308       1      12     254    12285.96       -3.240589    
    755000     297       1      12     255    11847.18       -3.291212    
    756000     312       1      12     255    12445.52       -3.414105    
    757000     330       1      12     255    13163.53       -3.372032    
    758000     340       1      12     256    13562.43       -3.487506    
    759000     312       1      12     256    12445.52       -3.158497    
    760000     330       1      12     256    13163.53       -3.208045    
    761000     317       1      12     257    12644.97       -3.416624    
    762000     318       1      12     257    12684.86       -3.369565    
    763000     328       1      12     257    13083.75       -3.445581    
    764000     338       1      12     258    13482.65       -3.455687    
    765000     333       1      12     258    13283.20       -3.197845    
    766000     311       1      12     258    12405.63       -3.344700    
    767000     307       1      12     259    12246.07       -3.414237    
    768000     305       1      12     259    12166.30       -2.955551    
    769000     333       1      12     259    13283.20       -3.452704    
    770000     318       1      12     260    12684.86       -3.439352    
    771000     323       1      12     260    12884.31       -3.344366    
    772000     338       1      12     260    13482.65       -3.218220    
    773000     297       1      12     261    11847.18       -3.309756    
    774000     331       1      12     261    13203.42       -3.436947    
    775000     303       1      12     261    12086.52       -3.046760    
    776000     313       1      12     262    12485.41       -3.379418    
    777000     310       1      12     262    12365.74       -3.300394    
    778000     308       1      12     262    12285.96       -3.240566    
    779000     314       1      12     262    12525.30       -3.396731    
    780000     307       1      12     263    12246.07       -3.253802    
    781000     298       1      12     263    11887.07       -3.317680    
    782000     295       1      12     263    11767.40       -3.339174    
    783000     325       1      12     264    12964.08       -3.329485    
    784000     313       1      12     264    12485.41       -3.098276    
    785000     301       1      12     264    12006.74       -3.274859    
    786000     309       1      12     265    12325.85       -3.407118    
    787000     296       1      12     265    11807.29       -3.328066    
    788000     341       1      12     265    13602.32       -3.462400    
    789000     333       1      12     266    13283.20       -3.455649    
    790000     329       1      12     266    13123.64       -3.341074    
    791000     297       1      12     266    11847.18       -3.119043    
    792000     327       1      12     267    13043.86       -3.355611    
    793000     305       1      12     267    12166.30       -3.229464    
    794000     325       1      12     267    12964.08       -3.448184    
    795000     323       1      12     268    12884.31       -3.420254    
    796000     326       1      12     268    13003.97       -3.426344    
    797000     328       1      12     268    13083.75       -3.273854    
    798000     311       1      12     268    12405.63       -3.359434    
    799000     339       1      12     269    13522.54       -3.375750    
    800000     328       1      12     269    13083.75       -3.285751    
    801000     314       1      12     269    12525.30       -3.472053    
    802000     311       1      12     270    12405.63       -3.153661    
    803000     309       1      12     270    12325.85       -3.140404    
    804000     318       1      12     270    12684.86       -3.450821    
    805000     311       1      12     271    12405.63       -3.382329    
    806000     325       1      12     271    12964.08       -3.470850    
    807000     327       1      12     271    13043.86       -3.319919    
    808000     314       1      12     272    12525.30       -3.256895    
    809000     336       1      12     272    13402.87       -3.331635    
    810000     294       1      12     272    11727.51       -3.215491    
    811000     329       1      12     273    13123.64       -3.467615    
    812000     324       1      12     273    12924.20       -3.435356    
    813000     306       1      12     273    12206.18       -3.082958    
    814000     334       1      12     273    13323.09       -3.277654    
    815000     277       1      11     274    11049.39       -3.323476    
    816000     281       1      11     274    11208.95       -3.050924    
    817000     296       1      11     274    11807.29       -3.227894    
    818000     297       1      11     274    11847.18       -3.264311    
    819000     306       1      11     275    12206.18       -3.278893    
    820000     291       1      11     275    11607.84       -3.292662    
    821000     312       1      11     275    12445.52       -3.351478    
    822000     276       1      11     276    11009.50       -3.051096    
    823000     291       1      11     276    11607.84       -3.336816    
    824000     313       1      11     276    12485.41       -3.344097    
    825000     279       1      11     276    11129.17       -3.143593    
    826000     281       1      11     277    11208.95       -3.060785    
    827000     280       1      11     277    11169.06       -3.146262    
    828000     302       1      11     277    12046.63       -3.193803    
    829000     283       1      11     277    11288.73       -2.914459    
    830000     282       1      10     278    11248.84       -3.096357    
    831000     257       1      10     278    10251.60       -3.031321    
    832000     289       1      10     278    11528.06       -3.143436    
    833000     251       1      10     278    10012.26       -2.806641    
    834000     283       1      10     279    11288.73       -3.138393    
    835000     249       1      10     279    9932.483       -2.960000    
    836000     251       1      10     279    10012.26       -2.984194    
    837000     285       1      10     279    11368.51       -3.083288    
    838000     289       1      11     280    11528.06       -3.129633    
    839000     278       1      11     280    11089.28       -3.006735    
    840000     297       1      11     280    11847.18       -3.220453    
    841000     300       1      11     280    11966.85       -3.131166    
    842000     312       1      11     281    12445.52       -3.276753    
    843000     296       1      11     281    11807.29       -3.201408    
    844000     302       1      11     281    12046.63       -3.258916    
    845000     306       1      11     281    12206.18       -3.298683    
    846000     299       1      11     282    11926.96       -3.165268    
    847000     283       1      11     282    11288.73       -3.099448    
    848000     281       1      11     282    11208.95       -3.208436    
    849000     276       1      11     282    11009.50       -3.027019    
    850000     278       1      11     283    11089.28       -3.061438    
    851000     277       1      11     283    11049.39       -3.106165    
    852000     298       1      11     283    11887.07       -3.173517    
    853000     302       1      11     284    12046.63       -3.418109    
    854000     316       1      11     284    12605.08       -3.483521    
    855000     306       1      11     284    12206.18       -3.304433    
    856000     297       1      11     284    11847.18       -3.362022    
    857000     285       1      11     285    11368.51       -3.020988    
    858000     291       1      11     285    11607.84       -3.177700    
    859000     308       1      11     285    12285.96       -3.380873    
    860000     305       1      11     285    12166.30       -3.203583    
    861000     293       1      11     286    11687.62       -3.173012    
    862000     297       1      11     286    11847.18       -3.192321    
    863000     296       1      11     286    11807.29       -3.208679    
    864000     299       1      11     287    11926.96       -3.264707    
    865000     303       1      11     287    12086.52       -3.377851    
    866000     280       1      11     287    11169.06       -3.192482    
    867000     284       1      11     288    11328.62       -3.323437    
    868000     286       1      11     288    11408.39       -3.336414    
    869000     277       1      11     288    11049.39       -3.038557    
    870000     271       1      11     289    10810.05       -3.162440    
    871000     314       1      11     289    12525.30       -3.291275    
    872000     316       1      11     289    12605.08       -3.241642    
    873000     275       1      11     289    10969.61       -3.354899    
    874000     317       1      11     290    12644.97       -3.173129    
    875000     297       1      11     290    11847.18       -3.232812    
    876000     313       1      11     290    12485.41       -3.209872    
    877000     279       1      11     291    11129.17       -3.044238    
    878000     313       1      11     291    12485.41       -3.354709    
    879000     301       1      11     291    12006.74       -3.310513    
    880000     272       1      10     292    10849.94       -3.118538    
    881000     246       1      10     292    9812.815       -2.981393    
    882000     255       1      10     292    10171.82       -2.823201    
    883000     258       1      10     292    10291.49       -3.108653    
    884000     286       1      10     293    11408.39       -3.016182    
    885000     272       1      10     293    10849.94       -3.061640    
    886000     269       1      10     293    10730.27       -3.008767    
    887000     273       1      10     293    10889.83       -3.073640    
    888000     271       1      11     294    10810.05       -2.756772    
    889000     277       1      11     294    11049.39       -2.980570    
    890000     311       1      11     294    12405.63       -3.399271    
    891000     283       1      11     294    11288.73       -3.051495    
    892000     307       1      11     295    12246.07       -3.233933    
    893000     276       1      11     295    11009.50       -3.191306    
    894000     273       1      11     295    10889.83       -3.284255    
    895000     309       1      11     295    12325.85       -3.426930    
    896000     286       1      11     296    11408.39       -3.130902    
    897000     289       1      11     296    11528.06       -3.235867    
    898000     291       1      11     296    11607.84       -3.155861    
    899000     310       1      11     296    12365.74       -3.219049    
    900000     313       1      11     297    12485.41       -3.252918    
    901000     317       1      11     297    12644.97       -3.322889    
    902000     292       1      11     297    11647.73       -3.326751    
    903000     271       1      11     298    10810.05       -3.138293    
    904000     269       1      11     298    10730.27       -2.894219    
    905000     275       1      11     298    10969.61       -3.260662    
    906000     271       1      11     298    10810.05       -3.167570    
    907000     292       1      11     299    11647.73       -3.226686    
    908000     300       1      11     299    11966.85       -3.297839    
    909000     286       1      11     299    11408.39       -3.242132    
    910000     302       1      11     300    12046.63       -3.186325    
    911000     269       1      11     300    10730.27       -3.152084    
    912000     290       1      11     300    11567.95       -3.286361    
    913000     314       1      11     300    12525.30       -3.179131    
    914000     298       1      11     301    11887.07       -3.103984    
    915000     293       1      11     301    11687.62       -3.311315    
    916000     303       1      11     301    12086.52       -3.213845    
    917000     314       1      12     302    12525.30       -3.289235    
    918000     299       1      12     302    11926.96       -3.135273    
    919000     331       1      12     302    13203.42       -3.247266    
    920000     328       1      12     303    13083.75       -3.344636    
    921000     300       1      12     303    11966.85       -3.355026    
    922000     317       1      12     303    12644.97       -3.352804    
    923000     341       1      12     304    13602.32       -3.499155    
    924000     313       1      12     304    12485.41       -3.268846    
    925000     330       1      12     304    13163.53       -3.397956    
    926000     333       1      12     305    13283.20       -3.379303    
    927000     315       1      12     305    12565.19       -3.273618    
    928000     339       1      12     305    13522.54       -3.368469    
    929000     333       1      12     305    13283.20       -3.331897    
    930000     299       1      12     306    11926.96       -3.295157    
    931000     302       1      12     306    12046.63       -3.078174    
    932000     302       1      12     306    12046.63       -3.256445    
    933000     337       1      12     307    13442.76       -3.415287    
    934000     319       1      12     307    12724.75       -3.435651    
    935000     304       1      12     307    12126.41       -3.535742    
    936000     330       1      12     307    13163.53       -3.327711    
    937000     340       1      13     308    13562.43       -3.341037    
    938000     353       1      13     308    14080.99       -3.427906    
    939000     336       1      13     308    13402.87       -3.318989    
    940000     361       1      13     309    14400.11       -3.521410    
    941000     329       1      13     309    13123.64       -3.249619    
    942000     335       1      13     309    13362.98       -3.250396    
    943000     354       1      13     310    14120.88       -3.559198    
    944000     339       1      13     310    13522.54       -3.367477    
    945000     363       1      13     310    14479.89       -3.582613    
    946000     350       1      13     311    13961.32       -3.343954    
    947000     338       1      13     311    13482.65       -3.393600    
    948000     324       1      13     311    12924.20       -3.288778    
    949000     324       1      13     312    12924.20       -3.346198    
    950000     358       1      13     312    14280.44       -3.534218    
    951000     333       1      13     312    13283.20       -3.300835    
    952000     360       1      13     313    14360.22       -3.197012    
    953000     321       1      13     313    12804.53       -3.372485    
    954000     322       1      13     313    12844.42       -3.267901    
    955000     339       1      13     314    13522.54       -3.415180    
    956000     347       1      13     314    13841.65       -3.465980    
    957000     343       1      13     314    13682.10       -3.338055    
    958000     329       1      13     315    13123.64       -3.217544    
    959000     354       1      13     315    14120.88       -3.527076    
    960000     321       1      13     315    12804.53       -3.293147    
    961000     349       1      13     315    13921.43       -3.347604    
    962000     347       1      13     316    13841.65       -3.356929    
    963000     324       1      13     316    12924.20       -3.315313    
    964000     330       1      13     316    13163.53       -3.535830    
    965000     332       1      13     317    13243.31       -3.146269    
    966000     331       1      13     317    13203.42       -3.255263    
    967000     359       1      13     317    14320.33       -3.229627    
    968000     313       1      12     318    12485.41       -3.166673    
    969000     327       1      12     318    13043.86       -3.447279    
    970000     323       1      12     318    12884.31       -3.425181    
    971000     315       1      12     318    12565.19       -3.141860    
    972000     318       1      12     319    12684.86       -3.478403    
    973000     341       1      12     319    13602.32       -3.352984    
    974000     334       1      12     319    13323.09       -3.390859    
    975000     337       1      13     320    13442.76       -3.167083    
    976000     351       1      13     320    14001.21       -3.413349    
    977000     345       1      13     320    13761.87       -3.411085    
    978000     322       1      13     321    12844.42       -3.294494    
    979000     332       1      13     321    13243.31       -3.335432    
    980000     351       1      13     321    14001.21       -3.378066    
    981000     359       1      13     321    14320.33       -3.359967    
    982000     373       1      14     322    14878.78       -3.469420    
    983000     377       1      14     322    15038.34       -3.356644    
    984000     345       1      14     322    13761.87       -3.486932    
    985000     373       1      14     323    14878.78       -3.530631    
    986000     350       1      14     323    13961.32       -3.447546    
    987000     384       1      14     323    15317.56       -3.570862    
    988000     381       1      15     324    15197.90       -3.635386    
    989000     412       1      15     324    16434.47       -3.408458    
    990000     408       1      15     325    16274.91       -3.565058    
    991000     379       1      15     325    15118.12       -3.516423    
    992000     385       1      15     325    15357.45       -3.516797    
    993000     388       1      15     326    15477.12       -3.536196    
    994000     415       1      15     326    16554.14       -3.561133    
    995000     394       1      15     326    15716.46       -3.489424    
    996000     399       1      15     327    15915.91       -3.394292    
    997000     401       1      15     327    15995.69       -3.534053    
    998000     401       1      16     328    15995.69       -3.591586    
    999000     436       1      16     328    17391.82       -3.482161    
   1000000     396       1      16     328    15796.24       -3.332565    
   1001000     405       1      16     329    16155.24       -3.356666    
   1002000     415       1      16     329    16554.14       -3.548851    
   1003000     430       1      17     330    17152.48       -3.495136    
   1004000     449       1      17     330    17910.38       -3.520648    
   1005000     416       1      17     331    16594.03       -3.453585    
   1006000     445       1      17     331    17750.82       -3.637650    
   1007000     437       1      16     332    17431.71       -3.574665    
   1008000     428       1      16     332    17072.70       -3.395473    
   1009000     392       1      16     332    15636.68       -3.362469    
   1010000     432       1      16     333    17232.26       -3.508807    
   1011000     429       1      16     333    17112.59       -3.683229    
   1012000     452       1      17     334    18030.05       -3.545010    
   1013000     454       1      17     334    18109.83       -3.602673    
   1014000     457       1      17     335    18229.50       -3.509178    
   1015000     421       1      17     335    16793.48       -3.543609    
   1016000     439       1      17     335    17511.49       -3.595484    
   1017000     434       1      17     336    17312.04       -3.573438    
   1018000     447       1      17     336    17830.60       -3.650992    
   1019000     439       1      17     337    17511.49       -3.519877    
   1020000     421       1      17     337    16793.48       -3.600051    
   1021000     463       1      17     338    18468.83       -3.615034    
   1022000     453       1      17     338    18069.94       -3.571141    
   1023000     436       1      17     339    17391.82       -3.461504    
   1024000     433       1      17     339    17272.15       -3.596568    
   1025000     453       1      17     339    18069.94       -3.606829    
   1026000     417       1      17     340    16633.92       -3.668376    
   1027000     439       1      17     340    17511.49       -3.524219    
   1028000     417       1      17     341    16633.92       -3.471970    
   1029000     421       1      17     341    16793.48       -3.562706    
   1030000     431       1      17     342    17192.37       -3.447490    
   1031000     449       1      17     342    17910.38       -3.555733    
   1032000     429       1      17     342    17112.59       -3.441551    
   1033000     462       1      17     343    18428.95       -3.642988    
   1034000     416       1      17     343    16594.03       -3.517684    
   1035000     427       1      17     344    17032.81       -3.708669    
   1036000     431       1      17     344    17192.37       -3.582089    
   1037000     461       1      17     345    18389.06       -3.549882    
   1038000     437       1      17     345    17431.71       -3.556779    
   1039000     443       1      18     346    17671.04       -3.618962    
   1040000     461       1      18     346    18389.06       -3.580569    
   1041000     462       1      18     346    18428.95       -3.487161    
   1042000     474       1      18     347    18907.62       -3.693564    
   1043000     460       1      18     347    18349.17       -3.524147    
   1044000     483       1      18     348    19266.62       -3.595998    
   1045000     480       1      18     348    19146.96       -3.596581    
   1046000     474       1      18     349    18907.62       -3.526719    
   1047000     468       1      18     349    18668.28       -3.532782    
   1048000     469       1      18     349    18708.17       -3.601259    
   1049000     481       1      18     350    19186.85       -3.703759    
   1050000     454       1      18     350    18109.83       -3.639936    
   1051000     473       1      18     351    18867.73       -3.576580    
   1052000     484       1      18     351    19306.51       -3.546912    
   1053000     462       1      18     351    18428.95       -3.566668    
   1054000     449       1      18     352    17910.38       -3.402898    
   1055000     469       1      18     352    18708.17       -3.603789    
   1056000     484       1      18     353    19306.51       -3.567760    
   1057000     486       1      18     353    19386.29       -3.631558    
   1058000     466       1      18     354    18588.50       -3.632060    
   1059000     485       1      18     354    19346.40       -3.659701    
   1060000     478       1      18     355    19067.18       -3.609298    
   1061000     442       1      18     355    17631.16       -3.640022    
   1062000     470       1      18     356    18748.06       -3.659937    
   1063000     469       1      18     356    18708.17       -3.675337    
   1064000     448       1      18     357    17870.49       -3.507579    
   1065000     447       1      18     357    17830.60       -3.534944    
   1066000     466       1      18     357    18588.50       -3.712346    
   1067000     477       1      18     358    19027.29       -3.723567    
   1068000     487       1      18     358    19426.18       -3.657043    
   1069000     477       1      18     359    19027.29       -3.629604    
   1070000     478       1      18     359    19067.18       -3.658800    
