       1       0       1       0.00000000000           64927608.0000           34971612.0000    
       2       1       1       4207544.24058           60929888.7644           34859344.0000    
       3       2       1       8251386.78897           57181450.2155           34772844.0000    
       4       3       1       12173464.3418           53765760.6692           34805414.0000    
       5       4       1       16023636.2781           50669249.7147           34984592.0000    
       6       5       1       19848378.4289           47872814.5658           35313378.0000    
       7       6       1       23652124.2862           45242350.7138           35675829.0000    
       8       7       1       27367074.8329           42656135.1687           36032890.0000    
       9       8       1       30910210.5025           42527809.0419           33704470.4562    
      10       9       1       31746456.8267           45185104.6167           30642018.5547    
      11      10       1       31327073.0070           48012258.1723           28044036.8186    
      12      11       1       30797735.5090           50047200.3049           25791764.1848    
      13      12       1       30265034.6151           51478294.6067           23844719.7814    
      14      13       1       29720250.8491           52492034.8752           22181682.2831    
      15      14       1       29243713.7705           53242528.7323           20776990.4966    
      16      15       1       28873766.0684           53838431.2843           19600468.6529    
      17      16       1       28594200.8010           54359598.5751           18626352.6194    
      18      17       1       28390927.9738           54840902.7230           17817131.3036    
      19      18       1       28280538.3904           55255879.5985           17126959.0223    
      20      19       1       28198340.6021           55621360.5497           16548790.8515    
      21      20       1       28173300.3201           55966239.3704           16042633.3159    
      22      21       1       28200806.5081           56298596.9975           15620514.4950    
      23      22       1       28244724.8107           56584489.0504           15248581.1416    
      24      23       1       28293209.2753           56791108.8052           14922253.9227    
      25      24       1       50034971.5850           100545144.898           25829127.5314    
      26      25       1       48664570.2607           97793338.4508           24622566.2916    
      27      26       1       48016951.5964           96461284.9840           23828692.4250    
      28      27       1       47736241.1091           96148704.9094           22952013.9914    
      29      28       1       46948997.7271           96845218.8766           22228605.3967    
      30      29       1       46306540.1165           97730958.6713           21595792.2125    
      31      30       1       45698625.7692           98662301.6512           21024260.5952    
      32      31       1       45138271.0464           99668770.1009           20514648.8552    
      33      32       1       44578226.3272           100652943.931           20029210.7422    
      34      33       1       44044850.8012           101668684.991           19601582.2341    
      35      34       1       43531962.9481           102634526.376           19177818.6825    
      36      35       1       42947917.1352           103531059.593           18768271.2950    
      37      36       1       42364808.3124           104319160.665           18374231.0437    
      38      37       1       41816010.8218           105239343.724           18030801.4500    
      39      38       1       41399154.5432           106430110.685           17747947.7846    
      40      39       1       40742955.4362           107078149.200           17391082.3846    
      41      40       1       40008762.2819           107453985.284           17012562.4342    
      42      41       1       39249678.1535           107744627.840           16632558.9871    
      43      42       1       38523937.8359           108147048.749           16293659.4193    
      44      43       1       37933511.7464           108878459.036           16016731.2293    
      45      44       1       37334675.0589           109644396.736           15762869.1989    
      46      45       1       36753369.9308           110430705.846           15512250.2186    
      47      46       1       36136947.6178           111193416.279           15270681.1118    
      48      47       1       35525883.3018           111921036.949           15035533.7534    
      49      48       1       34929939.2123           112794319.506           14824365.2792    
      50      49       1       28105912.8517           93107799.5469           11965565.6060    
      51      50       1       25715349.7998           87389699.3266           10992625.8729    
      52      51       1       24432429.0089           85232100.0868           10495806.9048    
      53      52       1       23617263.0727           84649330.4186           10201632.5095    
      54      53       1       22998809.6023           84691281.0896           9995520.30930    
      55      54       1       22469039.6675           85057911.9718           9830339.36138    
      56      55       1       21970384.9632           85517269.3158           9683083.72607    
      57      56       1       21476624.4018           86011635.0004           9540831.59573    
      58      57       1       21013332.0723           86553013.9925           9408501.93590    
      59      58       1       20524364.7438           87027377.4062           9277412.84548    
      60      59       1       20059180.0291           87500019.7316           9136378.24397    
      61      60       1       19584932.4614           87931126.8267           9007004.71305    
      62      61       1       19118084.7630           88279405.8804           8874010.35800    
      63      62       1       18681654.5950           88656038.2968           8750254.11240    
      64      63       1       18253993.0049           89062912.6279           8625133.36774    
      65      64       1       17851558.8369           89499386.2323           8517251.93930    
      66      65       1       17413893.1458           89600372.5367           8381394.31938    
      67      66       1       16970830.7846           89554444.6908           8238344.53598    
      68      67       1       16600120.9295           89764644.8118           8125125.26478    
      69      68       1       16241072.3982           89987569.1184           8013093.47830    
      70      69       1       15938748.1118           90386549.1119           7934313.77899    
      71      70       1       15673429.1779           90927283.5777           7856837.24754    
      72      71       1       15350503.3419           90993923.3155           7755563.35340    
      73      72       1       15058807.3972           91198655.1161           7666905.48074    
      74      73       1       14595974.7695           90324639.0829           7487464.15600    
      75      74       1       14056374.7759           88676499.8624           7258721.35627    
      76      75       1       13683081.1954           87958938.9358           7110508.86478    
      77      76       1       13402932.5697           87729240.1034           7006174.32179    
      78      77       1       13167735.6702           87701298.5473           6924112.78233    
      79      78       1       12954327.2322           87762595.1789           6847970.58500    
      80      79       1       12772656.0381           87898599.7629           6790689.20242    
      81      80       1       12593478.9118           88099517.7112           6731230.37428    
      82      81       1       12436851.4494           88309381.5834           6682443.96764    
      83      82       1       12273807.3662           88463467.7095           6626606.92552    
      84      83       1       12121402.3111           88644721.0498           6574726.63528    
      85      84       1       11985093.0142           88802564.0229           6532702.96386    
      86      85       1       11849509.6140           89035427.7527           6488100.63750    
      87      86       1       11709470.5054           89159345.1955           6436936.30065    
      88      87       1       11582855.4351           89281668.3400           6383262.22831    
      89      88       1       11433696.8225           89398903.0662           6317535.11180    
      90      89       1       11253236.6561           89420566.5432           6247009.80112    
      91      90       1       11099243.9963           89516070.3355           6180255.66119    
      92      91       1       10953000.6519           89690601.7508           6124914.59645    
      93      92       1       10835027.7275           90055811.2405           6082117.03046    
      94      93       1       10642391.0818           89711983.8240           5992996.09991    
      95      94       1       10497427.6347           89745994.2373           5937194.13533    
      96      95       1       10376572.6204           89915171.2022           5883192.17915    
      97      96       1       10228155.2056           89835411.4531           5823281.34059    
      98      97       1       10087618.5672           89802494.0886           5758234.34250    
      99      98       1       10581549.1116           95468620.9169           6063223.96952    
     100      99       1       10190799.6165           93062287.6163           5854712.77671    
     101     100       1       9909924.50603           91717722.9786           5715219.52151    
     102     101       1       9706456.61740           90963140.3667           5617265.01584    
     103     102       1       9547175.48886           90544830.4340           5541396.07094    
     104     103       1       9404000.80558           90281517.0101           5473363.18262    
     105     104       1       9280149.97285           90172738.4038           5421073.62431    
     106     105       1       9169945.54713           90167885.5795           5373687.86641    
     107     106       1       9069152.31230           90181952.7325           5330142.95291    
     108     107       1       8959308.48187           90165181.4380           5283631.07459    
     109     108       1       8859938.59654           90266316.8363           5246438.56782    
     110     109       1       8775025.38210           90345373.8155           5204518.80402    
     111     110       1       8676532.58755           90362154.6218           5164780.79112    
     112     111       1       8585155.68823           90457737.6921           5131032.61930    
     113     112       1       8490784.29593           90468119.0731           5088594.63312    
     114     113       1       8404320.32210           90491920.1447           5051041.53941    
     115     114       1       8307304.73246           90492578.1195           5009626.14616    
     116     115       1       8230991.85963           90632277.7079           4980146.43710    
     117     116       1       8147614.55777           90660391.6891           4942061.75139    
     118     117       1       8061000.44165           90703690.7295           4911394.83013    
     119     118       1       7976768.25741           90728267.5574           4874926.17932    
     120     119       1       7880574.20796           90678937.7936           4835239.00248    
     121     120       1       7805861.35609           90772707.8104           4803691.83679    
     122     121       1       7716560.62242           90687624.9040           4768284.47499    
     123     122       1       6818973.11852           80937819.0368           4226696.84977    
     124     123       1       6670713.75387           80101403.2295           4151189.01935    
     125     124       1       6566563.52836           79665263.6196           4100345.85258    
     126     125       1       6467072.97247           79342252.0520           4053174.97209    
     127     126       1       6387710.45100           79155343.0464           4017140.50107    
     128     127       1       6315942.86696           79106092.5113           3987520.62390    
     129     128       1       6242648.28228           79062619.6183           3954325.10129    
     130     129       1       6180941.24978           79101431.1111           3932294.63536    
     131     130       1       6122851.33838           79131912.4019           3904551.26501    
     132     131       1       6058405.66237           79203432.6278           3884156.71558    
     133     132       1       6010636.73519           79374418.3206           3866334.94631    
     134     133       1       5947170.31907           79379982.6847           3841676.99406    
     135     134       1       5889735.49284           79458316.1249           3820816.38015    
     136     135       1       5830986.38941           79461488.7171           3796901.89870    
     137     136       1       5774336.29538           79489562.4580           3770930.24717    
     138     137       1       5722067.02763           79529157.1425           3748712.83007    
     139     138       1       5667209.70591           79556907.4268           3726504.86212    
     140     139       1       5610628.60414           79605645.2305           3705915.16715    
     141     140       1       5560849.51478           79652991.5952           3685146.89217    
     142     141       1       5516836.48353           79779659.6203           3670428.89454    
     143     142       1       5475608.40307           79999597.2405           3657885.35358    
     144     143       1       5425064.83929           79971061.7787           3634317.38827    
     145     144       1       5376177.39034           79971076.0439           3613124.56300    
     146     145       1       5321985.21117           79943997.7726           3587867.01974    
     147     146       1       5280204.74427           79970726.4410           3568837.81709    
     148     147       1       4403820.40620           67372599.2217           2988510.37277    
     149     148       1       4333429.38113           66902790.3106           2954151.30842    
     150     149       1       4273688.23822           66533582.4572           2918411.30514    
     151     150       1       4229270.14994           66390631.0797           2897342.77150    
     152     151       1       4184120.80248           66172824.7994           2873220.39706    
     153     152       1       4137495.27398           66038582.2870           2849636.43672    
     154     153       1       4101504.63273           65957291.9340           2834734.43481    
     155     154       1       4066638.83536           65959137.9032           2819023.26207    
     156     155       1       4030099.16314           65902828.8086           2802497.02921    
     157     156       1       4005429.72372           65930173.6852           2789447.58967    
     158     157       1       3975872.20080           65972303.7005           2777003.09731    
     159     158       1       3953474.06381           66077351.7097           2769866.22501    
     160     159       1       3931854.36054           66090132.9946           2757068.64348    
     161     160       1       3900803.38821           66044237.0858           2740510.52938    
     162     161       1       3873995.26666           65983677.7595           2727703.97522    
     163     162       1       3845255.24338           65948815.7738           2713673.98372    
     164     163       1       3817422.86772           65941307.2364           2702231.89493    
     165     164       1       3791608.98711           65926165.1356           2689658.87686    
     166     165       1       3764064.88995           65825403.4854           2674208.62766    
     167     166       1       3740514.73208           65849382.6889           2665006.57806    
     168     167       1       3716230.21928           65790650.0917           2649882.68899    
     169     168       1       3692783.02818           65779832.8645           2639648.10562    
     170     169       1       3671034.26421           65763247.2594           2627341.47725    
     171     170       1       3650934.36036           65744521.8873           2616228.75331    
     172     171       1       3169864.17341           57484485.3232           2278211.50419    
     173     172       1       3110075.01382           56695739.7826           2237812.20304    
     174     173       1       3055663.76062           56034875.8353           2202180.40483    
     175     174       1       3017891.75131           55629295.6705           2179404.57878    
     176     175       1       2981341.82621           55229925.3085           2156718.86685    
     177     176       1       2951966.34538           54952726.9810           2137095.67300    
     178     177       1       2928979.01338           54841201.9362           2124412.05064    
     179     178       1       2907815.80274           54791121.1307           2114768.06623    
     180     179       1       2897899.24579           54871930.9436           2112489.81058    
     181     180       1       2880956.08783           54842055.1141           2102892.79839    
     182     181       1       2864244.38924           54839049.9592           2095428.64960    
     183     182       1       2849709.97982           54825155.2659           2088789.75288    
     184     183       1       2839927.37369           54862753.0413           2083981.58453    
     185     184       1       2829775.97650           54934819.0429           2080942.98044    
     186     185       1       2813292.04022           54863530.3497           2069542.60952    
     187     186       1       2794163.21059           54811011.2216           2058491.56775    
     188     187       1       2780596.15117           54765729.1251           2050506.72429    
     189     188       1       2764124.18685           54706642.6362           2043902.17572    
     190     189       1       2749503.94258           54703435.5951           2038530.46284    
     191     190       1       2735003.92664           54625909.9621           2029701.11250    
     192     191       1       2722803.04010           54659263.0935           2025438.86738    
     193     192       1       2710135.54378           54639776.1537           2016532.30146    
     194     193       1       2704128.30540           54687797.5113           2013801.18312    
     195     194       1       2685885.19630           54608449.1189           2003950.68563    
     196     195       1       2671956.33524           54597036.0337           1997235.63148    
     197     196       1       2560002.84756           52528340.1376           1917163.01434    
     198     197       1       2515466.66711           51886671.5372           1887095.79580    
     199     198       1       2485398.97701           51457689.3129           1867387.70912    
     200     199       1       2454112.21226           51090477.2714           1849127.51671    
     201     200       1       2429118.07785           50755549.0984           1830177.82324    
     202     201       1       2408678.33430           50533715.7703           1816867.89445    
     203     202       1       2392477.34502           50476396.8856           1811447.76985    
     204     203       1       2383266.60660           50460259.1703           1805949.22230    
     205     204       1       2363372.03140           50329329.8891           1794780.08015    
     206     205       1       2352943.94425           50286185.8882           1791227.16660    
     207     206       1       2336399.94169           50246564.5231           1782288.53425    
     208     207       1       2324161.69296           50175076.8212           1775160.48583    
     209     208       1       2308898.48532           50119392.6921           1769977.82192    
     210     209       1       2305663.06181           50209820.3536           1768596.58448    
     211     210       1       2292669.80167           50186708.8115           1761043.38722    
     212     211       1       2280868.80771           50211132.6837           1758519.50750    
     213     212       1       2267630.74758           50085378.3474           1751377.90463    
     214     213       1       2252349.85162           50018570.8514           1741319.29668    
     215     214       1       2234465.41864           49861018.5784           1730760.00206    
     216     215       1       2218870.52998           49801757.4075           1727084.06264    
     217     216       1       2205482.90158           49788924.4655           1721472.63350    
     218     217       1       2191336.43270           49668838.1274           1712023.44060    
     219     218       1       2178364.66497           49645623.7304           1705969.60447    
     220     219       1       2163234.71056           49676227.5404           1701768.74851    
     221     220       1       1858281.21078           42852278.7250           1464685.06367    
     222     221       1       1836899.77844           42595678.7981           1450836.42431    
     223     222       1       1817767.64442           42384206.8324           1440808.52406    
     224     223       1       1805527.44944           42285673.8810           1432674.66884    
     225     224       1       1788315.90010           42117860.3657           1423401.73505    
     226     225       1       1775730.13095           42071312.4089           1417837.46059    
     227     226       1       1760576.17556           41929976.9637           1408006.85969    
     228     227       1       1742280.73935           41799628.2412           1401306.01935    
     229     228       1       1732055.74729           41773096.9745           1396383.27782    
     230     229       1       1718037.83602           41676377.8535           1389023.31134    
     231     230       1       1705503.16104           41641384.4036           1383885.43410    
     232     231       1       1690015.10786           41526816.5920           1374641.29993    
     233     232       1       1674427.34266           41436532.0230           1367677.63405    
     234     233       1       1663662.64084           41394172.5480           1363405.81229    
     235     234       1       1651290.79117           41344003.4137           1356073.79539    
     236     235       1       1640641.66563           41350013.0920           1352188.24306    
     237     236       1       1630064.92757           41375430.9103           1348849.16192    
     238     237       1       1620854.30947           41399968.0894           1343657.60083    
     239     238       1       1609835.93570           41462773.2685           1342967.79570    
     240     239       1       1598785.93657           41454472.2984           1337839.76430    
     241     240       1       1586678.80130           41458545.5958           1333627.60243    
     242     241       1       1574220.39103           41389339.2973           1324726.31167    
     243     242       1       1561953.52156           41383747.1351           1321201.34401    
     244     243       1       1552982.67946           41415607.3973           1317762.92371    
     245     244       1       1539098.78678           41385248.4495           1310523.76452    
     246     245       1       1377781.87521           37270398.9169           1177720.20818    
     247     246       1       1364365.20622           37238795.3509           1171869.44224    
     248     247       1       1352978.06148           37232486.8068           1167034.13187    
     249     248       1       1340885.78246           37161523.1361           1161490.08106    
     250     249       1       1328286.95551           37123595.2393           1156505.80532    
     251     250       1       1316026.84533           37012308.8492           1146972.30543    
     252     251       1       1306549.09989           37046203.8250           1144250.07539    
     253     252       1       1294959.00063           37054248.1157           1138496.88388    
     254     253       1       1285076.43341           37070021.3603           1134499.20668    
     255     254       1       1274427.36241           37045661.6343           1129171.00318    
     256     255       1       1261349.66864           37030346.5134           1124058.81825    
     257     256       1       1253616.88949           37111321.9041           1121091.20661    
     258     257       1       1243032.61305           37123496.3401           1116696.04676    
     259     258       1       1229328.48951           37110207.6865           1112197.82401    
     260     259       1       1219811.94452           37093985.2499           1105979.80583    
     261     260       1       1207801.15196           37096444.4622           1100740.38552    
     262     261       1       1196726.64018           37055365.2499           1094529.11011    
     263     262       1       1185763.08223           37042804.4828           1090071.43529    
     264     263       1       1173087.77117           37006764.5810           1083139.64811    
     265     264       1       1165589.52836           37040044.6606           1079873.81109    
     266     265       1       1157694.17736           37078033.7807           1076342.04181    
     267     266       1       1151412.61841           37160017.7456           1074144.63637    
     268     267       1       1140937.37668           37149568.1194           1068590.50447    
     269     268       1       1131251.65644           37195379.8453           1064630.49843    
     270     269       1       1249808.53053           41455230.9887           1181709.48084    
     271     270       1       1240362.24198           41416725.8842           1176332.87382    
     272     271       1       1232352.29581           41421096.9583           1171621.74607    
     273     272       1       1222536.45533           41354451.5886           1163036.95582    
     274     273       1       1213191.10912           41343861.7293           1157582.16161    
     275     274       1       1201576.11999           41234936.2770           1149993.60206    
     276     275       1       1193793.74854           41186487.9072           1145051.34387    
     277     276       1       1184901.65944           41106689.7975           1138633.54331    
     278     277       1       1175613.59909           41007047.1945           1132248.20612    
     279     278       1       1167282.79955           40891282.6831           1123327.51690    
     280     279       1       1158242.07235           40863755.5957           1119715.33213    
     281     280       1       1147689.10467           40724295.9546           1112386.94128    
     282     281       1       1135742.64609           40481288.2117           1101113.14141    
     283     282       1       1127820.08134           40324172.4461           1092649.47276    
     284     283       1       1121390.73095           40332957.8250           1088971.44440    
     285     284       1       1113183.71142           40296117.2486           1084873.04002    
     286     285       1       1106772.06540           40327947.0556           1080009.87830    
     287     286       1       1100402.57197           40254237.9379           1073545.49073    
     288     287       1       1094625.85213           40241547.9586           1067875.18967    
     289     288       1       1088609.58566           40233944.6155           1064285.79930    
     290     289       1       1082276.05180           40222590.7041           1057862.24451    
     291     290       1       1073241.41950           40112531.1067           1052686.47338    
     292     291       1       1070927.71740           40132474.5581           1048595.72460    
     293     292       1       1063062.12047           40085945.1205           1044412.75898    
     294     293       1       1059445.38652           40147388.3088           1041961.30504    
     295     294       1       1117286.79792           42564401.7148           1101030.48754    
     296     295       1       1113461.92556           42545630.2752           1095271.79953    
     297     296       1       1107599.71293           42574629.5719           1093835.71518    
     298     297       1       1103224.18833           42637291.2954           1089839.51664    
     299     298       1       1098945.62061           42641970.4154           1083860.96411    
     300     299       1       1095676.32237           42637754.5153           1081229.16359    
     301     300       1       1090097.69228           42649285.0697           1078710.23804    
     302     301       1       1083908.43296           42538021.7758           1070943.79058    
     303     302       1       1081456.48439           42585107.8896           1068201.62702    
     304     303       1       1079051.15509           42672471.1014           1067048.74297    
     305     304       1       1074168.28074           42640298.8455           1061006.87359    
     306     305       1       1070408.27475           42654025.4599           1059510.26499    
     307     306       1       1065671.08773           42675913.5452           1057454.36730    
     308     307       1       1061502.77329           42650687.2950           1050631.93278    
     309     308       1       1058869.98822           42678450.6661           1050216.34586    
     310     309       1       1052732.89965           42647832.4728           1045633.62756    
     311     310       1       1052243.89676           42719482.6705           1043419.43219    
     312     311       1       1048731.60637           42734833.4434           1040568.95034    
     313     312       1       1046276.75157           42749896.1645           1037013.08437    
     314     313       1       1041259.08969           42660388.3863           1033862.52345    
     315     314       1       1035124.01574           42699335.6790           1029812.30497    
     316     315       1       1034033.11683           42747812.5595           1026718.32406    
     317     316       1       1028186.18769           42683915.2984           1023947.51343    
     318     317       1       1026647.30198           42714058.0716           1019729.62555    
     319     318       1       937314.961035           39196417.1115           932695.927913    
     320     319       1       932335.343561           39153760.2702           929323.386089    
     321     320       1       931487.580568           39142216.6946           926232.725324    
     322     321       1       925224.512519           39108234.5241           922274.963060    
     323     322       1       922726.391192           39014706.2170           918227.391557    
     324     323       1       919507.769377           38989822.1733           913456.057657    
     325     324       1       915428.069002           38918341.1859           909649.744849    
     326     325       1       910656.476059           38938611.1053           909608.418512    
     327     326       1       911115.043142           38967659.3893           906001.567521    
     328     327       1       904266.730536           38915399.4178           900686.851793    
     329     328       1       902604.509460           38918785.4567           898408.033797    
     330     329       1       899343.170025           38885304.5750           897011.255021    
     331     330       1       893737.299091           38816525.5534           891855.147277    
     332     331       1       890298.647174           38778680.2172           887974.136046    
     333     332       1       888359.432810           38792988.9103           884343.656275    
     334     333       1       886318.019534           38783367.0100           882401.970905    
     335     334       1       881002.243684           38688259.9894           877799.767073    
     336     335       1       879243.916043           38718240.7569           876310.326813    
     337     336       1       875823.060891           38724689.1943           874949.744475    
     338     337       1       874676.101279           38689917.2252           870418.673080    
     339     338       1       872045.248297           38742635.9505           869644.801885    
     340     339       1       869915.023527           38762220.9881           869728.988271    
     341     340       1       867222.762047           38783954.5346           864564.703665    
     342     341       1       866577.049454           38810604.5374           864640.412844    
     343     342       1       863463.713969           38795241.0959           861317.190185    
     344     343       1       852124.173537           38409635.2736           850419.552825    
     345     344       1       850415.157771           38408806.1996           847519.642996    
     346     345       1       848085.414491           38318471.5995           844027.985692    
     347     346       1       842870.564278           38319952.1427           841511.293303    
     348     347       1       840116.069662           38287190.1656           839829.764520    
     349     348       1       838635.222070           38269611.4170           836352.360450    
     350     349       1       835281.553342           38221537.5628           833289.884134    
     351     350       1       832695.351045           38230728.8124           832186.836498    
     352     351       1       831114.797151           38210213.2052           828608.997941    
     353     352       1       829010.112835           38179447.0487           826573.837955    
     354     353       1       826929.358370           38211076.4252           824713.216582    
     355     354       1       821734.149531           38147248.7463           821534.103839    
     356     355       1       819038.437798           38108605.3700           818560.192387    
     357     356       1       813616.935099           37948295.4230           813638.641653    
     358     357       1       810911.318568           37923664.8840           811333.797384    
     359     358       1       807260.282600           37836931.3644           805841.353001    
     360     359       1       806316.040330           37853170.0302           803709.929422    
     361     360       1       803383.578678           37838136.7079           801968.713857    
     362     361       1       801017.707994           37814379.3514           799906.940557    
     363     362       1       798869.584998           37754404.2128           796809.202102    
     364     363       1       795494.155645           37767463.1298           794574.714230    
     365     364       1       796648.832978           37850958.0439           794158.123050    
     366     365       1       792665.601400           37764507.9320           791058.466395    
     367     366       1       790865.147295           37759521.7202           789198.132847    
     368     367       1       789617.506104           37973866.3079           791214.185789    
     369     368       1       784662.667694           37846566.5242           785798.808271    
     370     369       1       785360.599393           37864789.3202           785717.080263    
     371     370       1       781727.055067           37862785.0344           782958.910503    
     372     371       1       777549.503044           37780629.1033           779973.393742    
     373     372       1       776152.119113           37721486.0039           777284.876718    
     374     373       1       773361.523299           37719039.6907           774715.786058    
     375     374       1       769428.174935           37664705.8436           772659.981435    
     376     375       1       765459.461531           37569816.0857           767386.452736    
     377     376       1       764080.591243           37576970.2853           766431.123183    
     378     377       1       762602.238517           37613734.6069           766278.154407    
     379     378       1       758254.836901           37514666.4394           762280.723906    
     380     379       1       754672.589423           37477887.2509           759152.159827    
     381     380       1       754789.739602           37420012.2486           755992.011729    
     382     381       1       755342.307152           37535589.4726           756747.220565    
     383     382       1       752946.573459           37566376.4190           755870.007570    
     384     383       1       751733.163712           37567766.9957           754104.840205    
     385     384       1       749657.126449           37593134.2208           752430.652809    
     386     385       1       749702.318501           37642663.1025           753053.578910    
     387     386       1       747106.184233           37655553.0554           751988.760562    
     388     387       1       743826.781828           37588234.3297           747817.888061    
     389     388       1       741915.227301           37575392.8105           746786.962019    
     390     389       1       739310.466542           37529568.2675           743881.266355    
     391     390       1       735182.597618           37356397.0070           738640.395473    
     392     391       1       734361.605376           37412124.3920           739756.002656    
     393     392       1       677172.895188           34691701.9316           684161.173482    
     394     393       1       677031.416634           34670221.6691           681744.914124    
     395     394       1       674672.751242           34677946.2725           681588.976024    
     396     395       1       671440.280063           34628588.4644           676989.255599    
     397     396       1       672404.602258           34654433.1565           678225.241010    
     398     397       1       667577.235153           34593866.1435           674721.621323    
     399     398       1       665164.129844           34534256.5006           672712.370150    
     400     399       1       664441.415251           34541214.0182           671973.566553    
     401     400       1       659993.704512           34459963.4951           667872.800305    
     402     401       1       656867.604088           34376684.4495           666546.946370    
     403     402       1       655114.900252           34377964.9169           664512.183024    
     404     403       1       652030.794832           34343384.9187           662836.286353    
     405     404       1       648527.058791           34231545.6626           659356.278411    
     406     405       1       644967.045475           34135511.1168           657062.837339    
     407     406       1       639518.228073           33997655.7010           651337.070985    
     408     407       1       635811.631110           33904469.2445           650152.124586    
     409     408       1       631985.291257           33816090.3407           647168.367948    
     410     409       1       628232.873469           33677283.4202           644185.706341    
     411     410       1       627207.529772           33676776.2395           641788.230470    
     412     411       1       623867.153386           33635801.9745           639781.872424    
     413     412       1       620813.205416           33569587.5028           637597.291464    
     414     413       1       617305.876187           33504759.9185           636128.205003    
     415     414       1       615706.850243           33474440.1144           634166.035378    
     416     415       1       611293.054026           33374140.4380           631271.508084    
     417     416       1       599948.594629           32957917.4957           621932.909782    
     418     417       1       597978.516216           32985133.1208           621249.363033    
     419     418       1       593537.197504           32901088.4860           618253.316828    
     420     419       1       588998.002395           32812792.0074           615471.989912    
     421     420       1       585076.861620           32734924.4188           614308.719545    
     422     421       1       580789.029177           32629762.5746           609996.396038    
     423     422       1       575133.203231           32466888.6371           606105.159842    
     424     423       1       570926.145867           32396548.2337           603765.620254    
     425     424       1       568562.862996           32459680.7624           604710.374757    
     426     425       1       565044.178563           32331835.0088           600259.812508    
     427     426       1       557463.297797           32240910.4848           596838.217431    
     428     427       1       555708.566454           32250231.8856           596300.548349    
     429     428       1       549166.580164           32131527.3358           592765.084314    
     430     429       1       543252.799610           31974543.8210           588490.379522    
     431     430       1       538274.507839           31832698.0439           584177.448306    
     432     431       1       533640.851976           31838250.8383           582136.309561    
     433     432       1       528943.012710           31704629.6076           579982.379478    
     434     433       1       523607.063524           31606386.6563           575328.280318    
     435     434       1       518961.775121           31498077.2530           571563.971769    
     436     435       1       512047.173560           31391757.5274           568357.299056    
     437     436       1       506637.878656           31236578.6980           563927.423300    
     438     437       1       498513.998703           31025160.6401           558800.361100    
     439     438       1       492081.458416           30801709.6122           554080.929524    
     440     439       1       483734.029573           30583146.1743           547764.795932    
     441     440       1       481024.261260           30520263.8935           545268.845438    
     442     441       1       468490.686628           30037740.7575           534587.555690    
     443     442       1       465576.702994           29976314.7816           532215.515434    
     444     443       1       460571.062367           29972281.5563           529696.381397    
     445     444       1       456021.922208           29912504.6397           526682.438018    
     446     445       1       452693.659470           29809671.4524           523517.887897    
     447     446       1       449411.403111           29813630.5083           520845.088563    
     448     447       1       445873.585218           29768211.5544           519702.860413    
     449     448       1       441771.009254           29756461.9194           515966.071479    
     450     449       1       439523.636397           29806852.4310           515968.932398    
     451     450       1       434480.661891           29718367.1042           511619.233809    
     452     451       1       432777.891099           29791141.6064           512808.502676    
     453     452       1       429199.790320           29719383.8457           508087.364121    
     454     453       1       425735.397446           29712807.3653           506499.237444    
     455     454       1       421571.133067           29725610.0235           504545.843524    
     456     455       1       419624.654730           29760293.3777           503513.967673    
     457     456       1       416550.072992           29743260.5454           500107.381852    
     458     457       1       414999.271524           29857746.1654           500466.562983    
     459     458       1       412910.189502           29915053.5565           499280.254181    
     460     459       1       409962.293105           29978727.6562           497441.050698    
     461     460       1       407394.480978           30006971.2474           497235.271565    
     462     461       1       405252.259860           30075619.1798           495038.560181    
     463     462       1       403985.422010           30197717.8158           495351.762241    
     464     463       1       403295.741299           30330409.2842           494530.974263    
     465     464       1       404392.441808           30593405.7531           496923.805289    
     466     465       1       375800.298722           28802410.4864           465153.214760    
     467     466       1       373507.419980           28833960.5226           464131.057658    
     468     467       1       369902.603980           28790010.8580           460960.538223    
     469     468       1       366541.578779           28751160.9214           457687.499971    
     470     469       1       365462.528620           28779111.0042           456246.467234    
     471     470       1       362228.725510           28841255.7862           456660.488209    
     472     471       1       359961.625346           28841534.4802           453467.894508    
     473     472       1       359104.103316           28962605.6510           454570.245657    
     474     473       1       356609.367134           28909307.6362           450198.996730    
     475     474       1       353946.472647           28902484.3540           449088.173424    
     476     475       1       350722.820393           28873988.7859           446751.393496    
     477     476       1       348111.294344           28830882.6963           443417.008930    
     478     477       1       346004.411122           28825415.4524           441821.136472    
     479     478       1       342610.860806           28772712.2381           438623.901004    
     480     479       1       341758.560493           28813313.3115           437998.128075    
     481     480       1       337878.467775           28762256.0941           434669.438005    
     482     481       1       337778.700833           28910997.0319           434616.267285    
     483     482       1       338610.326953           29116048.0327           435917.640294    
     484     483       1       337946.213393           29193410.9574           434873.829181    
     485     484       1       336094.066360           29267003.8820           434024.051454    
     486     485       1       336185.279258           29477559.7149           436850.005967    
     487     486       1       336707.791657           29747701.1863           437916.021809    
     488     487       1       338084.281856           29996599.7520           439080.966195    
     489     488       1       339310.285403           30276105.4880           443106.226504    
     490     489       1       284833.776772           25659282.5454           372706.677961    
     491     490       1       282658.779207           25633968.3365           369813.884352    
     492     491       1       280954.905382           25684527.9170           369083.177629    
     493     492       1       281629.424535           25829717.4280           369357.147424    
     494     493       1       279289.025699           25814963.7628           368237.211500    
     495     494       1       277918.636552           25811528.2409           366149.122607    
     496     495       1       275841.354145           25772738.4275           363329.218515    
     497     496       1       273990.054858           25818740.1893           362141.755621    
     498     497       1       272506.135921           25834735.7443           361545.119673    
     499     498       1       272075.828161           25884343.2656           360258.906398    
     500     499       1       270082.744527           25921844.1277           360137.127672    
     501     500       1       268527.799636           25897107.1534           357540.046999    
     502     501       1       266904.764642           25887985.0730           354914.162198    
     503     502       1       265649.612211           25924043.7065           354284.681224    
     504     503       1       263393.981414           25900487.1143           353042.904260    
     505     504       1       264696.945676           26067604.6173           353319.437012    
     506     505       1       264363.823871           26229714.1685           354258.007623    
     507     506       1       264406.005272           26400020.6562           354371.338464    
     508     507       1       262570.100408           26453605.9787           353539.920868    
     509     508       1       262724.071768           26594502.3080           353708.620367    
     510     509       1       263147.993897           26741376.1774           353131.828772    
     511     510       1       264695.348262           27053899.6380           356954.013913    
     512     511       1       265274.943897           27329818.9374           357876.118796    
     513     512       1       266654.912814           27744454.1292           362743.957684    
     514     513       1       210684.810595           21984514.1607           286078.028743    
     515     514       1       209245.435952           22006060.9069           285106.656943    
     516     515       1       206744.122945           21942660.3197           283700.557352    
     517     516       1       206010.072395           21980174.8896           281699.038045    
     518     517       1       204527.324424           21925154.2289           279430.446784    
     519     518       1       203385.963606           21961246.2472           278714.789367    
     520     519       1       202024.142183           22008119.4913           277365.366585    
     521     520       1       200325.263097           21938525.4940           275085.243022    
     522     521       1       199262.366744           22025765.9562           275998.677091    
     523     522       1       199872.434002           22138800.8674           275037.698492    
     524     523       1       198017.672900           22099702.3796           274232.947508    
     525     524       1       197501.139463           22171478.9045           273212.955890    
     526     525       1       196606.619965           22255749.4741           272708.905795    
     527     526       1       196310.158522           22435961.2717           272738.569792    
     528     527       1       195525.999321           22522960.6565           273901.344311    
     529     528       1       194825.061309           22544152.0543           271509.884390    
     530     529       1       193817.625204           22566406.7500           271483.624824    
     531     530       1       192975.792689           22645056.3597           270226.847678    
     532     531       1       191903.543237           22636935.3845           268801.072335    
     533     532       1       191035.111236           22733483.4640           269465.424644    
     534     533       1       190398.944580           22808174.3384           268477.717018    
     535     534       1       188753.127287           22867468.1856           267810.687006    
     536     535       1       188173.560670           22950729.7997           266369.639632    
     537     536       1       188386.761143           23150198.7475           268369.491447    
     538     537       1       163183.424699           20210037.0800           232686.495289    
     539     538       1       161340.286832           20196846.9450           231011.768218    
     540     539       1       160077.236874           20240508.0060           229977.757256    
     541     540       1       158321.626613           20234449.5570           228762.816426    
     542     541       1       157119.552812           20302201.7504           227671.696881    
     543     542       1       156195.834826           20304639.7455           226594.419647    
     544     543       1       155559.423346           20374905.3669           225787.209760    
     545     544       1       154254.910226           20424079.2399           225755.849933    
     546     545       1       153462.100887           20514404.1872           225180.711922    
     547     546       1       153173.972793           20696184.6399           225397.387510    
     548     547       1       153192.235374           20933283.9033           226359.861311    
     549     548       1       151821.136424           20926520.2739           224659.589641    
     550     549       1       150203.835728           20918517.6122           222659.552226    
     551     550       1       148200.539826           20834031.8477           220677.612398    
     552     551       1       145687.573234           20804700.4802           218221.946584    
     553     552       1       143746.047608           20599996.2622           214807.690105    
     554     553       1       140992.144158           20564884.7604           213548.095288    
     555     554       1       140175.970007           20587755.3962           212354.633775    
     556     555       1       139427.432239           20741318.9839           212031.583772    
     557     556       1       139089.935371           20893452.9608           211524.103893    
     558     557       1       139523.072854           21200530.3747           213287.552499    
     559     558       1       140626.999276           21534269.0130           214171.987684    
     560     559       1       140815.486212           21865009.9338           216036.580086    
     561     560       1       142450.669869           22379299.7090           218964.620965    
     562     561       1       122033.578402           19303745.3091           187410.112452    
     563     562       1       121098.301765           19358316.9535           186320.744731    
     564     563       1       120972.721275           19587096.6831           187285.595405    
     565     564       1       117934.468270           19243991.8720           182789.659625    
     566     565       1       116225.525925           19190851.9285           180654.545483    
     567     566       1       114918.008516           19277323.6185           179749.372971    
     568     567       1       114162.600839           19347193.5919           178790.807291    
     569     568       1       112886.332730           19344285.9540           177957.713278    
     570     569       1       111540.419425           19394142.7281           177075.852590    
     571     570       1       111256.071217           19558420.0134           175953.915516    
     572     571       1       110669.498197           19665203.3400           175147.161752    
     573     572       1       109413.065200           19707039.6157           174113.319274    
     574     573       1       108177.079154           19780125.3385           172785.582219    
     575     574       1       107265.686644           19759466.5793           172015.733866    
     576     575       1       105394.054420           19736682.5348           169736.410735    
     577     576       1       104026.837338           19634205.5485           168190.614088    
     578     577       1       102267.561570           19541249.3689           165010.069652    
     579     578       1       100584.325510           19492498.0334           162766.641175    
     580     579       1       99084.3859876           19444011.4313           160066.182654    
     581     580       1       98460.4778933           19515479.1725           160146.349562    
     582     581       1       97029.0186764           19549368.3423           158809.639186    
     583     582       1       96031.2441410           19621677.9581           157072.797946    
     584     583       1       94455.8115821           19619198.9857           155662.202801    
     585     584       1       93570.8639826           19712619.7315           154331.404349    
     586     585       1       88098.6514220           18797402.4466           145710.901992    
     587     586       1       86737.9393844           18739328.5323           143978.528189    
     588     587       1       84894.6420993           18651855.0045           141647.353497    
     589     588       1       83593.6331976           18659925.6596           140115.707182    
     590     589       1       82230.2143398           18656574.7409           138738.044712    
     591     590       1       80660.6187135           18549626.5980           136262.783271    
     592     591       1       78789.0454145           18401377.7748           133981.179755    
     593     592       1       77417.6268023           18380615.1402           131926.232953    
     594     593       1       76689.6455368           18444081.3786           131200.975911    
     595     594       1       75445.9721354           18519097.9656           129812.062142    
     596     595       1       74550.3438725           18564361.6358           128013.020371    
     597     596       1       73910.2708152           18741614.6260           127305.103217    
     598     597       1       72495.1854989           18790405.2650           126125.549555    
     599     598       1       70778.8566124           18679369.7331           123754.410450    
     600     599       1       69860.6810059           18748911.2868           122207.032118    
     601     600       1       67960.7140827           18759528.4071           120049.878790    
     602     601       1       67250.1724423           18863909.2319           118254.595782    
     603     602       1       65141.5231488           18735503.4586           116405.018168    
     604     603       1       63761.3274902           18751888.9893           114413.683231    
     605     604       1       62569.6773511           18826271.0154           112527.307159    
     606     605       1       61398.5246910           18939195.7285           110708.746799    
     607     606       1       60165.9332490           18964257.6584           108670.408389    
     608     607       1       59531.5850178           19309281.3058           108563.109220    
     609     608       1       59863.4809571           19889328.5317           109084.987346    
     610     609       1       54747.6447267           18689400.5228           101632.832520    
     611     610       1       53906.0480731           18867760.5296           99729.4223214    
     612     611       1       52230.2076602           18957861.3277           97145.4647292    
     613     612       1       50756.6298464           19030445.1702           95296.1998709    
     614     613       1       49798.0686628           19310111.1302           93538.8011683    
     615     614       1       48097.9944327           19331191.7418           91686.2637160    
     616     615       1       46663.8105805           19454309.0520           88815.1373262    
     617     616       1       45334.6651624           19475340.8187           87273.5161023    
     618     617       1       44062.3052886           19524271.8544           84857.8403185    
     619     618       1       42581.6993294           19637353.5322           81949.7685939    
     620     619       1       40938.7504308           19494116.6803           79227.5693528    
     621     620       1       39549.1835825           19686328.9836           77025.8328884    
     622     621       1       38844.1965213           20049918.1321           76249.6714233    
     623     622       1       38212.5556317           20486426.6148           75017.8295950    
     624     623       1       36008.4421505           19771177.7133           70576.8445186    
     625     624       1       34466.7086551           19643697.0322           68094.2591082    
     626     625       1       33461.9007922           19701130.3196           65909.7795043    
     627     626       1       32125.1681670           19612801.7987           62838.0332125    
     628     627       1       30661.7317522           19289967.2611           61035.0072206    
     629     628       1       29234.1840244           19240921.6884           57889.1275922    
     630     629       1       29020.4827207           19563409.2877           57576.2296382    
     631     630       1       28274.2183027           19714510.9378           55641.8439132    
     632     631       1       28126.0569014           20157813.1555           55440.7875913    
     633     632       1       28058.7620992           20724268.2414           55769.9965632    
     634     633       1       23229.5831371           18209160.1470           46423.2698939    
     635     634       1       22505.9405972           18146770.7854           44674.2739931    
     636     635       1       21844.7702496           18179331.5484           43334.6812414    
     637     636       1       21150.3655000           18039575.8682           41475.7664104    
     638     637       1       20388.1454428           18018899.3682           39772.4863128    
     639     638       1       19770.9154695           17899531.9371           38910.1474696    
     640     639       1       19289.8716087           18031642.8048           37813.3236347    
     641     640       1       19149.2128323           18426934.6307           37067.1563365    
     642     641       1       18263.1176792           18071804.9428           35158.9394250    
     643     642       1       17754.3413470           18053945.1004           34207.5582991    
     644     643       1       17107.9002989           17995687.2422           32692.8573465    
     645     644       1       16353.7160665           17742519.1264           31257.1575424    
     646     645       1       15885.9964870           17794630.5467           30387.4567458    
     647     646       1       15264.4674788           17691210.9679           28919.5646267    
     648     647       1       14985.1546953           17880404.1156           28133.7297104    
     649     648       1       14630.9206230           17942890.1855           27462.8938817    
     650     649       1       14089.6769103           17822899.0597           26341.2634761    
     651     650       1       13701.5799713           17736687.2090           25149.2110299    
     652     651       1       13153.1168172           17501237.9574           24005.9256778    
     653     652       1       12675.9811563           17294335.2767           23096.7421720    
     654     653       1       12303.0436747           17342405.0502           22464.9060036    
     655     654       1       12138.7644748           17535520.8940           21733.3413993    
     656     655       1       11877.5950006           17629299.1339           21167.2710771    
     657     656       1       11799.4588190           17999958.5057           20541.0355498    
     658     657       1       7998.44070607           12449361.5833           14418.9760543    
     659     658       1       7989.56362859           12726811.4109           13917.0254981    
     660     659       1       7949.00963334           12959238.8143           13784.1760619    
     661     660       1       7951.57290186           13345324.3429           13618.0842230    
     662     661       1       7867.46938370           13582599.0877           13698.4429064    
     663     662       1       7654.76626347           13578616.8218           13004.4119798    
     664     663       1       7313.83373906           13218078.4121           12350.7541546    
     665     664       1       7099.03833674           13130618.7674           11693.1942245    
     666     665       1       6914.39973354           13257684.7225           11317.8778337    
     667     666       1       6810.80177274           13382165.7687           11118.4294787    
     668     667       1       6697.14226684           13549753.2641           10809.5935658    
     669     668       1       6499.86684464           13610251.0142           10314.1188877    
     670     669       1       6386.88220221           13644874.8699           10167.2478896    
     671     670       1       6331.31104502           13817932.4295           9933.25955984    
     672     671       1       6432.00287390           14433228.5245           10024.4726057    
     673     672       1       6380.53738241           14637067.2242           9824.23851208    
     674     673       1       6083.12327422           14232058.9783           9281.89832568    
     675     674       1       5777.45604582           13984393.9429           8769.60109258    
     676     675       1       5527.66369493           13760985.9659           8224.37045719    
     677     676       1       5355.00954433           13676993.5006           7889.48980953    
     678     677       1       5249.79518081           13663909.3758           7780.82894891    
     679     678       1       5304.85150496           14123873.2657           7604.88278261    
     680     679       1       5311.70860500           14503885.3314           7429.95994231    
     681     680       1       5350.99735922           15035330.2353           7520.76747308    
     682     681       1       4522.22355627           13143832.5419           6370.23447289    
     683     682       1       4432.99774840           13187473.5729           6037.42926828    
     684     683       1       4491.92514761           13490609.7102           6185.36466375    
     685     684       1       4474.32328968           13673217.8516           5993.82511587    
     686     685       1       4191.46618018           13237959.9746           5715.55929752    
     687     686       1       4273.46505968           13684246.2788           5571.25620489    
     688     687       1       4234.64862101           13850911.1079           5336.24350294    
     689     688       1       4185.77994744           13905426.7056           5248.51452301    
     690     689       1       4181.47263593           14263411.1963           5298.33105717    
     691     690       1       4044.14892500           14225109.4942           4951.35682854    
     692     691       1       3858.93155075           13907875.3951           4768.67344927    
     693     692       1       3692.19630948           13630481.1512           4370.65247154    
     694     693       1       3675.73170736           13957719.4256           4330.84268822    
     695     694       1       3621.49109444           13997472.3428           4082.16612338    
     696     695       1       3518.96283623           13837207.2222           4028.81494436    
     697     696       1       3509.28866441           14220927.7721           3851.93924510    
     698     697       1       3522.00673211           14462686.8365           3884.15681339    
     699     698       1       3379.82543814           14180722.2380           3542.93655770    
     700     699       1       3321.66889123           14291261.5208           3637.81028754    
     701     700       1       3200.45956246           14092521.1359           3372.40456582    
     702     701       1       3206.71914297           14327946.4730           3333.80797903    
     703     702       1       3210.43978886           14708951.7533           3294.80682970    
     704     703       1       3335.95509664           15638586.0448           3288.00000000    
     705     704       1       3085.09144985           14693171.5063           3177.40227041    
     706     705       1       2486.61698480           12052569.0540           2415.32897234    
     707     706       1       2557.71158235           12650381.9613           2510.32709261    
     708     707       1       2556.27357113           12950976.3258           2414.40056587    
     709     708       1       2605.73665965           13380611.8634           2411.40000090    
     710     709       1       2824.91006864           14840063.0900           2600.00000000    
     711     710       1       2676.50021569           14518763.7021           2364.79775144    
     712     711       1       2584.57574823           14275075.9031           2265.52114213    
     713     712       1       2423.71608676           13634029.4885           2188.79551371    
     714     713       1       2264.45376797           13037853.5462           1944.00000000    
     715     714       1       2237.36062179           13095608.6393           1888.00000000    
     716     715       1       2253.82058626           13376697.6611           1776.51823072    
     717     716       1       2213.37342223           13333340.2310           1721.39553785    
     718     717       1       2106.29822750           12976396.7018           1672.00000000    
     719     718       1       1959.10226990           12361294.7143           1539.18331281    
     720     719       1       1926.03832372           12419901.5677           1491.39388977    
     721     720       1       1810.55881398           12101401.4412           1280.00000000    
     722     721       1       1805.10119764           12150690.8988           1314.00000000    
     723     722       1       1748.04093420           11974402.9591           1236.00000000    
     724     723       1       1574.42190709           11054064.5781           1115.00000000    
     725     724       1       1508.64398994           10887342.9649           1073.39117329    
     726     725       1       1483.49296202           10786523.5070           955.000000000    
     727     726       1       1282.94197646           9476445.05801           783.000000000    
     728     727       1       1281.78312374           9524005.21679           766.000000000    
     729     728       1       1254.20759839           9588569.79236           696.000000000    
     730     729       1       1428.48662268           11275001.5133           828.000000000    
     731     730       1       1337.70116588           10818490.2989           772.000000000    
     732     731       1       1358.85194734           11208285.1481           769.000000000    
     733     732       1       1289.02772883           10712318.9723           726.000000000    
     734     733       1       1359.00307075           11463373.6105           791.386376891    
     735     734       1       1603.31846866           13785403.2956           936.385851208    
     736     735       1       1599.93806863           13946504.0620           817.000000000    
     737     736       1       1447.35702077           12910367.6429           714.000000000    
     738     737       1       1487.77985786           13501659.2202           776.000000000    
     739     738       1       1440.92982646           13344625.0702           771.000000000    
     740     739       1       1227.65838544           11552143.3416           592.000000000    
     741     740       1       1139.54037961           10875385.4596           537.000000000    
     742     741       1       1100.72624448           10553860.2738           513.000000000    
     743     742       1       1104.56361497           10954226.4363           523.000000000    
     744     743       1       1089.86924560           10959035.1309           457.000000000    
     745     744       1       1152.41798687           11761880.5818           470.000000000    
     746     745       1       1149.49007459           12013003.5100           491.000000000    
     747     746       1       1120.35200177           11858967.6481           503.000000000    
     748     747       1       1034.79892251           11109031.2010           458.000000000    
     749     748       1       977.957051112           10789312.0432           405.000000000    
     750     749       1       996.683389382           11053993.3165           404.000000000    
     751     750       1       941.389696386           10671506.6103           369.000000000    
     752     751       1       958.821518858           11081658.1784           355.000000000    
     753     752       1       983.350230723           11533832.6500           408.000000000    
     754     753       1       1643.62461041           19585624.3756           563.000000000    
     755     754       1       1596.61272902           19412438.3871           549.000000000    
     756     755       1       1369.07512713           16864451.9246           494.000000000    
     757     756       1       1310.56996988           16305018.4302           414.000000000    
     758     757       1       1465.50584195           18721754.4948           501.000000000    
     759     758       1       1206.08716916           15520227.9130           374.000000000    
     760     759       1       1230.18447694           16343968.8157           310.000000000    
     761     760       1       1523.60984084           20585183.3901           468.000000000    
     762     761       1       1547.55886628           21077652.4403           421.000000000    
     763     762       1       1528.08792188           21230652.9125           409.000000000    
     764     763       1       1504.33661642           21085533.6628           402.000000000    
     765     764       1       1480.11869358           21016615.8812           419.000000000    
     766     765       1       1328.82845755           19221114.1715           318.000000000    
     767     766       1       1061.49030386           15700229.5100           203.000000000    
     768     767       1       1001.33152587           15117833.6686           207.000000000    
     769     768       1       1336.35066000           20539526.6491           259.000000000    
     770     769       1       1504.96948905           23342768.0303           343.000000000    
     771     770       1       1345.29470320           21169652.7054           289.000000000    
     772     771       1       1470.05214803           23139250.9487           328.000000000    
     773     772       1       1355.62924355           21658741.3718           308.000000000    
     774     773       1       1104.34124037           17826624.6583           186.000000000    
     775     774       1       1114.53369210           18570601.4652           237.000000000    
     776     775       1       1206.45203690           20110139.5480           237.000000000    
     777     776       1       996.460383939           16995059.5397           203.000000000    
     778     777       1       215.052698882           3669817.94730           39.0000000000    
     779     778       1       207.794290973           3638627.20569           23.0000000000    
     780     779       1       401.656659576           7141552.34335           70.0000000000    
     781     780       1       308.571564133           5551814.42836           56.0000000000    
     782     781       1       263.642915965           4884183.35707           28.0000000000    
     783     782       1       194.731858029           3634124.26818           38.0000000000    
     784     783       1       196.666673865           3619496.33332           37.0000000000    
     785     784       1       122.057111077           2292584.94291           18.0000000000    
     786     785       1       134.223597345           2488796.77641           22.0000000000    
     787     786       1       326.473185213           6508377.52683           46.0000000000    
     788     787       1       244.251704406           5009288.74832           40.0000000000    
     789     788       1       227.520729892           4664739.47923           16.0000000000    
     790     789       1       313.634494941           6492952.36562           51.0000000000    
     791     790       1       320.985896669           6527859.01408           37.0000000000    
     792     791       1       247.245112144           5190402.75500           33.0000000000    
     793     792       1       277.826683610           5848574.17329           26.0000000000    
     794     793       1       391.230036969           8468042.76984           34.0000000000    
     795     794       1       760.263746480           16518343.7370           71.0000000000    
     796     795       1       748.955198768           16849663.0436           90.0000000000    
     797     796       1       518.149093596           11656221.8513           58.0000000000    
     798     797       1       732.109813834           17181804.8913           66.0000000000    
     799     798       1       640.426280610           15045322.5740           40.0000000000    
     800     799       1       755.574045387           17975945.4252           71.0000000000    
     801     800       1       690.130913879           16574743.8682           0.00000000000    
