       0     -0.144243449281E-05     -0.144212631695E-05      0.295565060732E-10       0.00000000000    
       1      0.350700322207          0.350700322516           4.15120270280           39.8894918839    
       2      0.337206988916          0.350289125851           4.74726506894           79.7789837814    
       3      0.324034810750          0.350287824701           5.35373460217           119.668475862    
       4      0.310771350779          0.350297911412           5.97318324614           159.557967875    
       5      0.297291587295          0.350195881585           6.60071077023           199.447458602    
       6      0.283844586375          0.350184096239           7.23712375832           239.336949739    
       7      0.270297773236          0.350189431854           7.88328010270           279.226441117    
       8      0.256633497947          0.350159364686           8.53749634076           319.115936153    
       9      0.242891478386          0.350174900316           9.20360138827           359.005430443    
      10      0.229060367279          0.350196455984           9.87951077581           398.894922045    
      11      0.215104687888          0.350221894484           10.5658638462           438.784416394    
      12      0.201003640136          0.350227343100           11.2654225929           478.673897500    
      13      0.186740001421          0.350190202124           11.9725783857           518.563392558    
      14      0.172380299988          0.350178588208           12.6954776213           558.452883329    
      15      0.157927964336          0.350194996505           13.4362480784           598.342376944    
      16      0.143339103266          0.350215259710           14.1921751844           638.231871461    
      17      0.128639034937          0.350281898343           14.9717601872           678.121361159    
      18      0.113723183518          0.350206938765           15.7550400539           718.010854203    
      19      0.986343193388E-01      0.350179789583           16.5869211163           757.900345137    
      20      0.833175480970E-01      0.350152979379           17.4335324947           797.789837328    
      21      0.679141119944E-01      0.350211444001           18.2716764886           837.679329524    
      22      0.522255620312E-01      0.350033377966           19.1092310457           877.568821280    
      23      0.365015937561E-01      0.350145061353           20.0755129137           917.458313313    
      24      0.174136189555E-01      0.347603033985           21.1115211065           957.347832131    
      25      0.106034260417E-02      0.347586485122           22.1121712930           997.237303092    
      26     -0.155038751894E-01      0.347578887043           23.1490520495           1037.12678240    
      27     -0.323773382091E-01      0.347545596583           24.2326165439           1077.01627373    
      28     -0.495687590596E-01      0.347501450796           25.3671281310           1116.90577401    
      29     -0.670738897753E-01      0.347452188826           26.5582140088           1156.79526510    
      30     -0.849950872133E-01      0.347325770648           27.7546667325           1196.68475699    
      31     -0.103214972839          0.347200141086           29.0626316984           1236.57424788    
      32     -0.121385020828          0.347412512443           30.3418221109           1276.46374028    
      33     -0.139846840468          0.347481155408           31.6684281812           1316.35323202    
      34     -0.159247122602          0.347967223194           33.2174493188           1356.24272394    
      35     -0.178997133944          0.347339490552           34.6329775216           1396.13221581    
      36     -0.198799540222          0.348107856084           36.4257180649           1436.02170768    
      37     -0.217846309480          0.350106557404           38.5644338953           1475.91119956    
      38     -0.238335174090          0.351268511695           39.1391831327           1515.80069144    
      39     -0.254496057832          0.354854016990           39.9801737924           1555.69018332    
      40     -0.275256936480          0.346379086596           40.4184351225           1595.57967520    
      41     -0.298604554785          0.343342386578           41.1389388996           1635.46916708    
      42     -0.329986112076          0.336980533769           37.4576650565           1675.35865896    
      43     -0.358177364216          0.327073612896           49.8651622702           1715.24815084    
      44     -0.448248142289          0.309629524500           54.5718588529           1755.13764272    
      45     -0.442270875388          0.289893400907           54.8228049574           1795.02713460    
      46     -0.307546986971          0.264978626598           20.9468969162           1834.91662648    
      47     -0.375300655298          0.254465047210           14.7684567084           1874.80611836    
      48       0.00000000000           0.00000000000           0.00000000000           0.00000000000    
      49     -0.535496758784          0.344632840549           76.1822694726           1954.58510609    
      50     -0.568302587362          0.344565237915           80.7831664497           1994.47460433    
      51     -0.602358368176          0.344502017401           85.5610017651           2034.36407834    
      52     -0.637457808640          0.344484039787           90.4158550005           2074.25357266    
      53     -0.673995327185          0.344504654282           95.4286070505           2114.14306753    
      54     -0.711533734291          0.344415968341           100.548200255           2154.03256210    
      55     -0.750184475248          0.344317444309           105.218648562           2193.92205394    
      56     -0.789326576200          0.344392600325           109.805263805           2233.81154519    
      57     -0.828389785427          0.344894548916           113.156568193           2273.70103709    
      58     -0.867828972832          0.345214932602           116.746123598           2313.59052901    
      59     -0.909182106938          0.345380914892           120.298575283           2353.48002090    
      60     -0.946074680002          0.345081072771           121.703564705           2393.36951280    
      61     -0.984778251420          0.345337774321           118.978121896           2433.25900468    
      62      -1.02657034055          0.342586291465           115.362352580           2473.14849656    
      63      -1.06312178082          0.343882657326           112.161355812           2513.03798844    
      64      -1.08627444920          0.349820955878           105.500746216           2552.92748032    
      65      -1.10494751295          0.349011158339           103.473669198           2592.81697220    
      66      -1.11285977922          0.334602022446           93.3553563404           2632.70646408    
      67      -1.09016994398          0.315052905775           72.9938447919           2672.59595596    
      68      -1.05816191582          0.324891187745           74.5278331751           2712.48544784    
      69      -1.10628723271          0.305479162274           70.7604784288           2752.37493972    
      70      -1.29128892903          0.342528357492           64.1275104534           2792.26443160    
      71      -1.20955830487          0.368252335466           87.2779433922           2832.15392348    
      72      -1.37924154402          0.360257489127          0.390129355720           2872.04341536    
      73      -1.40779820756          0.342079482443           119.064730243           2911.93291934    
      74      -1.43634401364          0.341988825551           117.728889418           2951.82241746    
      75      -1.46386065622          0.341948591313           116.286098918           2991.71190376    
      76      -1.49050843931          0.341808058886           114.766048566           3031.60137971    
      77      -1.51624610519          0.341727111055           113.552647403           3071.49087522    
      78      -1.54120968929          0.341498090416           112.243636899           3111.38036772    
      79      -1.56518591239          0.341403014045           110.865326938           3151.26985919    
      80      -1.58908776333          0.341429614397           109.588198440           3191.15935103    
      81      -1.61172601535          0.341302773736           108.287947564           3231.04884209    
      82      -1.63195109424          0.341553554912           107.236819311           3270.93833413    
      83      -1.65376707576          0.340951260673           106.634312600           3310.82782616    
      84      -1.67797605359          0.340613380757           106.359608873           3350.71731794    
      85      -1.69810210411          0.340195827821           105.178360274           3390.60680984    
      86      -1.71890522622          0.339494539260           105.600729324           3430.49630166    
      87      -1.73441340262          0.338030024554           107.472295824           3470.38579357    
      88      -1.75208556942          0.336725076280           104.131878175           3510.27528544    
      89      -1.77773325146          0.332006252334           104.126093245           3550.16477732    
      90      -1.79242256000          0.333091983559           99.0583121683           3590.05426920    
      91      -1.79683711855          0.337880841570           91.5369894140           3629.94376108    
      92      -1.81093672902          0.341234702316           87.7532407164           3669.83325296    
      93      -1.85037653283          0.340375019397           79.5255506211           3709.72274484    
      94      -1.88199423374          0.348951578785           75.5422517399           3749.61223672    
      95      -1.88552018348          0.341418699187           57.9462864359           3789.50172860    
      96      -1.90599213217          0.354325074144           53.0952435544           3829.39122048    
      97      -1.92776683023          0.336904837121           48.1466563847           3869.28071236    
      98      -1.91813291579          0.339564180981           94.3254726923           3909.17021047    
      99      -1.93255088586          0.339467383834           93.8330433249           3949.05972486    
     100      -1.94663242107          0.339381775699           93.3717308045           3988.94919014    
     101      -1.96056774509          0.339296427921           93.0262571532           4028.83868332    
     102      -1.97412293187          0.339309726083           92.6392624566           4068.72817163    
     103      -1.98736207704          0.339448744855           92.1670676434           4108.61766493    
     104      -2.00037502199          0.339598076455           91.8923938684           4148.50715630    
     105      -2.01329130831          0.339812792780           91.8028727919           4188.39664624    
     106      -2.02648396520          0.339555877007           91.7189740626           4228.28613979    
     107      -2.04000866587          0.338811970902           91.8015569482           4268.17563133    
     108      -2.05191960245          0.338706687559           91.4297083468           4308.06512275    
     109      -2.06479988463          0.338230924914           91.2893701016           4347.95461482    
     110      -2.07673472027          0.337445021629           90.9952760769           4387.84410675    
     111      -2.08660199844          0.338151652245           91.0726694791           4427.73359871    
     112      -2.10114280803          0.337203902963           91.5139881533           4467.62309052    
     113      -2.11389733744          0.336135415342           89.1573572482           4507.51258244    
     114      -2.12530561597          0.334390144982           87.0312016755           4547.40207433    
     115      -2.13183783480          0.333661973159           86.1835638570           4587.29156619    
     116      -2.13844344685          0.336669916100           84.7960929133           4627.18105808    
     117      -2.15265090226          0.335087224109           87.3941428780           4667.07054996    
     118      -2.15631120395          0.339035678037           88.0194681514           4706.96004184    
     119      -2.17859911270          0.333512760263           84.1755030537           4746.84953372    
     120      -2.20251260882          0.327461955563           78.8385355075           4786.73902560    
     121      -2.21257496611          0.327398068091           76.0903005295           4826.62851748    
     122      -2.20660528830          0.337726316105           85.2493317437           4866.51805228    
     123      -2.21665448995          0.337831237066           85.0680424210           4906.40748769    
     124      -2.22667754409          0.337938616919           84.8911130563           4946.29699665    
     125      -2.23656134867          0.338045609834           84.7315262325           4986.18647857    
     126      -2.24641625491          0.338190091847           84.7460265697           5026.07598359    
     127      -2.25616436464          0.338245725342           84.4670264103           5065.96546271    
     128      -2.26618088784          0.338293035330           84.3940928989           5105.85496082    
     129      -2.27611732880          0.338415078558           84.1636205896           5145.74445093    
     130      -2.28601172023          0.338563047915           83.9923493060           5185.63394328    
     131      -2.29554751112          0.338617244276           84.0279441639           5225.52343688    
     132      -2.30448337320          0.339018464414           84.0425316684           5265.41292857    
     133      -2.31424553326          0.339457371201           83.8252407318           5305.30241987    
     134      -2.32462980540          0.339453159512           84.4709676520           5345.19191174    
     135      -2.33429668562          0.339075171194           84.1933851341           5385.08140374    
     136      -2.34452114036          0.338864869669           84.2177275549           5424.97089575    
     137      -2.35459836875          0.339792718654           84.0552788242           5464.86038747    
     138      -2.36254744368          0.339867170081           84.5671984630           5504.74987940    
     139      -2.36904155341          0.341672693125           85.1595333480           5544.63937133    
     140      -2.37940138934          0.342861817776           87.3315524233           5584.52886319    
     141      -2.39153076134          0.344054773510           87.7003194916           5624.41835510    
     142      -2.40805208897          0.341310519744           86.9391249777           5664.30784696    
     143      -2.41785634544          0.342282879311           86.2583929991           5704.19733884    
     144      -2.43213690902          0.341372719437           87.0588690620           5744.08683071    
     145      -2.45482146201          0.339535599446           89.8802850124           5783.97632260    
     146      -2.45947204697          0.338811568113           92.3065417035           5823.86581448    
     147      -2.44246767372          0.343322744424           78.1198983745           5863.75534595    
     148      -2.45135935335          0.343318268107           78.0870382491           5903.64482745    
     149      -2.46022921750          0.343291664021           78.0353460710           5943.53424907    
     150      -2.46887396873          0.343328355950           78.0165553399           5983.42380427    
     151      -2.47738626941          0.343337285097           77.9318267690           6023.31326174    
     152      -2.48580138517          0.343451953422           77.9377532438           6063.20275960    
     153      -2.49426283763          0.343506963087           77.9091769759           6103.09226663    
     154      -2.50246957326          0.343590795457           77.8377417496           6142.98175041    
     155      -2.51032376154          0.343636644768           77.8570695073           6182.87124443    
     156      -2.51829081035          0.343607713686           77.8351923571           6222.76073183    
     157      -2.52579943677          0.343982498171           77.5364039966           6262.65022370    
     158      -2.53346750008          0.344066689876           77.4226046561           6302.53971822    
     159      -2.54110190733          0.344006753214           77.2435267571           6342.42920866    
     160      -2.54824834754          0.344050878233           77.2850972613           6382.31870185    
     161      -2.55569004320          0.343836611783           77.0845105362           6422.20819209    
     162      -2.56299012141          0.343848686111           77.2391369738           6462.09768454    
     163      -2.56949158916          0.344228807751           76.8780392093           6501.98717675    
     164      -2.57578675061          0.344764526699           77.0402138562           6541.87666828    
     165      -2.58283830937          0.344782652596           76.2492533033           6581.76616008    
     166      -2.58894315846          0.344464085079           75.1878897135           6621.65565205    
     167      -2.59531131548          0.342710130977           75.6646913114           6661.54514398    
     168      -2.60306326794          0.344330268927           74.9793042378           6701.43463582    
     169      -2.60841859784          0.346260464679           73.7734172737           6741.32412769    
     170      -2.61282718124          0.346973841157           70.5438715129           6781.21361962    
     171      -2.62887036308          0.341891833623           73.9135724526           6821.10305764    
     172      -2.63519438883          0.341910500217           73.9648922423           6860.99263644    
     173      -2.64144295336          0.341918933919           73.9955678557           6900.88208119    
     174      -2.64760735753          0.341872217397           74.0895245880           6940.77157678    
     175      -2.65371787390          0.341857240921           74.1647364409           6980.66110001    
     176      -2.65975507826          0.341812155737           74.2082286109           7020.55057145    
     177      -2.66582506843          0.341779541349           74.2189447665           7060.44006346    
     178      -2.67183339514          0.341809153746           74.4964489949           7100.32954906    
     179      -2.67777587695          0.341821664768           74.5083513984           7140.21904966    
     180      -2.68332001822          0.342173405484           74.5070669596           7180.10854168    
     181      -2.68934299839          0.342015151324           74.7551528898           7219.99802954    
     182      -2.69499450713          0.342008358962           74.5876919692           7259.88752382    
     183      -2.70086863361          0.341935480005           74.5263092725           7299.77701379    
     184      -2.70587952192          0.342149158248           74.1662993455           7339.66650545    
     185      -2.71099764558          0.342140145710           74.1841975526           7379.55599768    
     186      -2.71625895580          0.342155485416           74.1776013334           7419.44548889    
     187      -2.72125837644          0.342164593653           73.6123733883           7459.33498118    
     188      -2.72554869985          0.342688699171           73.3658771067           7499.22447340    
     189      -2.72972931633          0.343263314563           73.5859822685           7539.11396553    
     190      -2.73491460209          0.343347622482           74.3091920729           7579.00345731    
     191      -2.73978402004          0.343241155387           74.4481284148           7618.89294910    
     192      -2.74518869372          0.343897300338           75.2948738752           7658.78244106    
     193      -2.75070564372          0.342863371481           76.9811508584           7698.67193282    
     194      -2.75833562040          0.341660263808           75.8137783696           7738.56142473    
     195      -2.76762445100          0.341127371403           77.5560827837           7778.45091661    
     196      -2.76818992976          0.340564933365           73.6724069482           7818.34036544    
     197      -2.77313866048          0.340546978173           73.6708602285           7858.22993613    
     198      -2.77802138495          0.340453954213           73.7371567786           7898.11938506    
     199      -2.78280260107          0.340395022982           73.7581003887           7938.00887969    
     200      -2.78756261208          0.340373336312           73.7782996793           7977.89834723    
     201      -2.79241986216          0.340188064220           73.8396561441           8017.78785174    
     202      -2.79708552999          0.340208205494           73.8070980237           8057.67736558    
     203      -2.80141670909          0.340318045557           73.8852798084           8097.56684718    
     204      -2.80625048341          0.340134824946           73.9973067101           8137.45634226    
     205      -2.81061559710          0.340108022449           73.9968026109           8177.34583129    
     206      -2.81496976763          0.339988032163           74.0393650940           8217.23532340    
     207      -2.81956243884          0.339878141068           74.0766947854           8257.12481751    
     208      -2.82369326141          0.339846444122           74.3151401539           8297.01431249    
     209      -2.82756744108          0.340102493397           74.3742157735           8336.90380421    
     210      -2.83137832203          0.340376784932           74.2350301819           8376.79329485    
     211      -2.83577550648          0.340305388766           74.3989763087           8416.68278557    
     212      -2.84026444546          0.339837565877           74.5567972598           8456.57227867    
     213      -2.84481214607          0.340138219011           74.7472088079           8496.46176985    
     214      -2.84926289883          0.340005500561           74.3239209736           8536.35126204    
     215      -2.85387961604          0.339873222454           74.9514368304           8576.24075431    
     216      -2.85872220459          0.338954858914           74.2202207296           8616.13024568    
     217      -2.86230008293          0.338250104812           74.5459234452           8656.01973781    
     218      -2.86586918637          0.338112021308           75.3380557997           8695.90922987    
     219      -2.87007090739          0.337709319649           74.8672130073           8735.79872154    
     220      -2.87830938348          0.336870707680           74.4212189197           8775.68819434    
     221      -2.88251080698          0.336743060876           74.4555839906           8815.57768663    
     222      -2.88674657535          0.336656386142           74.4968526459           8855.46721862    
     223      -2.89088181899          0.336599301891           74.5090351141           8895.35668945    
     224      -2.89502106951          0.336604208911           74.4734092498           8935.24619152    
     225      -2.89916480721          0.336678232970           74.4127055591           8975.13565787    
     226      -2.90344688538          0.336589065166           74.4973429566           9015.02515589    
     227      -2.90738583714          0.336659669954           74.4928869039           9054.91466146    
     228      -2.91134656540          0.336762546357           74.4092301385           9094.80414193    
     229      -2.91550000577          0.336799415218           74.6711510927           9134.69364304    
     230      -2.91998467272          0.336620406846           74.8514319324           9174.58313024    
     231      -2.92432755050          0.336446697536           74.9064074573           9214.47262560    
     232      -2.92802506415          0.336733673992           74.8053099085           9254.36211948    
     233      -2.93236378832          0.336815342607           74.7719165054           9294.25160787    
     234      -2.93656594106          0.336714447257           74.7124724510           9334.14109840    
     235      -2.94071116164          0.336746421726           74.6519322104           9374.03059302    
     236      -2.94481976894          0.337018957669           74.4293928707           9413.92008462    
     237      -2.94893799604          0.337417849001           74.1740496097           9453.80957557    
     238      -2.95229706046          0.337777089050           73.4757999439           9493.69906655    
     239      -2.95725425350          0.337372325847           73.6483427027           9533.58856015    
     240      -2.96155510420          0.337290098457           74.2919495551           9573.47805074    
     241      -2.96439180729          0.338190748394           73.0348247932           9613.36754306    
     242      -2.96842543373          0.338138861931           73.2310345783           9653.25703449    
     243      -2.97326252497          0.338498666983           74.3689434950           9693.14652655    
     244      -2.97658217766          0.339144126386           74.2856961892           9733.03601844    
     245      -2.98349179583          0.337719160650           72.3757392659           9772.92553153    
     246      -2.98796670634          0.337898961994           72.2090421405           9812.81501797    
     247      -2.99230660178          0.338139406865           72.0797225275           9852.70447920    
     248      -2.99682923339          0.338370154603           71.8567444710           9892.59399247    
     249      -3.00119625560          0.338673583899           71.5689477117           9932.48348915    
     250      -3.00581929437          0.338884326156           71.5413743776           9972.37296058    
     251      -3.01042272556          0.339092202387           71.3606039017           10012.2624538    
     252      -3.01505622231          0.339221558135           71.1747654299           10052.1519642    
     253      -3.01997121461          0.339248478345           70.9758682888           10092.0414431    
     254      -3.02483154889          0.339352738027           70.7648434645           10131.9309259    
     255      -3.02950980429          0.339696886509           70.3234676810           10171.8204335    
     256      -3.03414585044          0.340111322913           70.0539020221           10211.7099176    
     257      -3.03885141177          0.340557517474           69.9360517612           10251.5994204    
     258      -3.04405325043          0.340747150285           69.8164208751           10291.4888982    
     259      -3.04888184447          0.340864952353           70.1353543295           10331.3783946    
     260      -3.05408580885          0.340938978773           70.2412011599           10371.2678850    
     261      -3.05934963076          0.340901994537           70.2329839522           10411.1573793    
     262      -3.06436963981          0.340907497865           70.2977085423           10451.0468745    
     263      -3.06973020812          0.341120015506           70.2777439597           10490.9363684    
     264      -3.07516620661          0.341183949992           70.5401349970           10530.8258581    
     265      -3.08079953728          0.341182468827           70.9499232405           10570.7153511    
     266      -3.08651007438          0.341052444937           71.1160329686           10610.6048393    
     267      -3.09186248111          0.340817858262           71.3425334227           10650.4943335    
     268      -3.09662141371          0.341211521972           71.5177199044           10690.3838222    
     269      -3.10325712180          0.340398168424           71.6937372626           10730.2733154    
     270      -3.10883118645          0.340207051145           71.9360437958           10770.1628009    
     271      -3.11413466504          0.340293754829           71.8164310644           10810.0523019    
     272      -3.11950958452          0.340146708792           71.9070266102           10849.9417876    
     273      -3.12469048340          0.340099823670           72.0113896074           10889.8312838    
     274      -3.13015134519          0.339857723444           72.5163693307           10929.7207701    
     275      -3.13548710630          0.339900987703           72.7245040353           10969.6102691    
     276      -3.14067109746          0.339788865177           72.5178063835           11009.4997564    
     277      -3.14619417130          0.339428446140           72.9809847070           11049.3892458    
     278      -3.15135164485          0.339460014028           73.1233434927           11089.2787457    
     279      -3.15657999176          0.339385936811           73.1686122377           11129.1682326    
     280      -3.16174895540          0.339023944461           73.3226610225           11169.0577315    
     281      -3.16691574175          0.338945407782           73.2941989772           11208.9472128    
     282      -3.17171858235          0.339029104379           73.0637442671           11248.8367105    
     283      -3.17669943379          0.338770340555           73.6819728099           11288.7261987    
     284      -3.18158500159          0.338740609049           73.5574856191           11328.6156952    
     285      -3.18606933044          0.338841906625           73.3763109552           11368.5051875    
     286      -3.19103924995          0.338798185113           73.3772101783           11408.3946791    
     287      -3.19587674964          0.338720998989           73.2437614115           11448.2841730    
     288      -3.20033885697          0.338843468324           73.1337543977           11488.1736650    
     289      -3.20487580094          0.338696526847           73.1934640583           11528.0631507    
     290      -3.20970645164          0.338534712233           73.4560495265           11567.9526430    
     291      -3.21419177266          0.338413187471           73.6929419023           11607.8421356    
     292      -3.21876571942          0.338259464282           73.9191313454           11647.7316285    
     293      -3.22310533694          0.338190604691           74.4346604560           11687.6211231    
     294      -3.22848166425          0.335849071126           76.3483203319           11727.5106184    
     295      -3.23320756281          0.335700413275           76.4255572745           11767.4001076    
     296      -3.23758926111          0.335696654096           76.5196983173           11807.2895909    
     297      -3.24166342201          0.335716131294           76.3287487092           11847.1790828    
     298      -3.24566130285          0.335766185649           76.1026987682           11887.0685772    
     299      -3.24955392391          0.335680531664           75.8842562183           11926.9580693    
     300      -3.25367744637          0.335599092105           75.9971878109           11966.8475624    
     301      -3.25745064717          0.335691352078           75.9898161938           12006.7370592    
     302      -3.26138123674          0.335689013665           76.1595382281           12046.6265488    
     303      -3.26532982670          0.335717161959           76.1916791156           12086.5160454    
     304      -3.26919802968          0.335881027398           75.7639356654           12126.4055247    
     305      -3.27330615250          0.335721708085           75.8673475549           12166.2950212    
     306      -3.27717957969          0.335523335795           75.9931662592           12206.1845110    
     307      -3.28066841900          0.335642326576           76.1000817604           12246.0740074    
     308      -3.28445238514          0.335512659255           76.3896159851           12285.9635006    
     309      -3.28828651136          0.335357579507           76.4252543765           12325.8529933    
     310      -3.29213163884          0.335363001502           76.2154309044           12365.7424868    
     311      -3.29541814691          0.335512751375           76.2096999952           12405.6319795    
     312      -3.29921537359          0.335379100366           76.4870813161           12445.5214626    
     313      -3.30300127431          0.335200431851           76.7575846773           12485.4109553    
     314      -3.30634395890          0.335300777876           76.8719900719           12525.3004486    
     315      -3.30994544415          0.335370955908           77.0942455661           12565.1899414    
     316      -3.31348081681          0.335222615623           77.5261405161           12605.0794352    
     317      -3.31700030330          0.335271055333           77.8439769755           12644.9689313    
     318      -3.32312196168          0.333473826273           77.1238313210           12684.8584208    
     319      -3.32651514660          0.333633400051           76.6766117124           12724.7479178    
     320      -3.33001812360          0.333678458604           76.3782150615           12764.6373967    
     321      -3.33354382999          0.333572452718           76.5558260748           12804.5268902    
     322      -3.33685487248          0.333622470849           76.6858081558           12844.4163823    
     323      -3.33999658450          0.333650845203           76.5067776663           12884.3058751    
     324      -3.34302709138          0.333848463455           76.1976638024           12924.1953722    
     325      -3.34656168223          0.333802165888           76.1775419184           12964.0848614    
     326      -3.34973293286          0.333811648292           76.5607329580           13003.9743587    
     327      -3.35265836764          0.334091994344           76.5825656630           13043.8638374    
     328      -3.35600586310          0.334093505153           76.6378933692           13083.7533347    
     329      -3.35887965611          0.334069650598           76.6993203241           13123.6428239    
     330      -3.36191165620          0.334083936636           76.5624763146           13163.5323214    
     331      -3.36497840264          0.333994330817           76.5660409187           13203.4218139    
     332      -3.36803328431          0.334045967046           76.7076413100           13243.3113054    
     333      -3.37092307302          0.334164515605           76.6056142952           13283.2008002    
     334      -3.37416143916          0.334171758811           76.6944570394           13323.0902917    
     335      -3.37710589247          0.334182270211           76.6298213741           13362.9797765    
     336      -3.38010555978          0.334192190689           76.7847431147           13402.8692679    
     337      -3.38321981904          0.334247123363           76.9500058833           13442.7587631    
     338      -3.38591203333          0.334406985304           76.8147684300           13482.6482545    
     339      -3.38865729632          0.334471476433           76.5439881843           13522.5377466    
     340      -3.39169846992          0.334339126865           76.5806469427           13562.4272444    
     341      -3.39467085630          0.334264845812           76.5769186357           13602.3167331    
     342      -3.39771348114          0.334314462873           76.6329363582           13642.2062310    
     343      -3.40052011763          0.333691725958           79.1484802868           13682.0957098    
     344      -3.40361663578          0.333537189337           79.3754214121           13721.9852064    
     345      -3.40681506967          0.333387343167           79.3590083378           13761.8746953    
     346      -3.40972991826          0.333313403627           79.3430855575           13801.7641885    
     347      -3.41251713527          0.333368330186           78.7231670188           13841.6536852    
     348      -3.41528382905          0.333416709143           78.7400400958           13881.5431748    
     349      -3.41809012352          0.333446522355           78.9454896679           13921.4326716    
     350      -3.42074444829          0.333518542883           78.9566751033           13961.3221505    
     351      -3.42335580391          0.333594532974           78.8799437336           14001.2116475    
     352      -3.42593924574          0.333796268445           78.8632351879           14041.1011369    
     353      -3.42864864371          0.333875220735           79.0146286754           14080.9906341    
     354      -3.43138466992          0.333825657869           79.1737081333           14120.8801269    
     355      -3.43418543890          0.333639183613           79.4198044920           14160.7696184    
     356      -3.43675228229          0.333839018408           79.3478446629           14200.6591134    
     357      -3.43941387715          0.333872741248           79.5753752814           14240.5486048    
     358      -3.44200479596          0.333901011798           79.4416773222           14280.4380896    
     359      -3.44445649972          0.333925045594           79.6896072047           14320.3275809    
     360      -3.44695221694          0.334011355382           79.8480066336           14360.2170765    
     361      -3.44928419887          0.334264146162           79.6431497349           14400.1065675    
     362      -3.45155644083          0.334451381530           79.8489990748           14439.9960591    
     363      -3.45428701653          0.334288525837           80.4744684832           14479.8855575    
     364      -3.45655786582          0.334573833535           80.6211197182           14519.7750455    
     365      -3.45884133784          0.334724090508           80.7357594796           14559.6645442    
     366      -3.46129528738          0.334757043773           80.6974165832           14599.5540223    
     367      -3.46689057811          0.332310887407           81.9494030287           14639.4435194    
     368      -3.46968481788          0.332084061270           82.4311174586           14679.3330093    
     369      -3.47173088047          0.332348772460           82.3760457745           14719.2225054    
     370      -3.47410585543          0.332242979392           82.6127662858           14759.1119981    
     371      -3.47626958588          0.332564318537           82.4342021222           14799.0014877    
     372      -3.47874820882          0.332535681987           82.4268623642           14838.8909840    
     373      -3.48099249673          0.332712304556           82.4168491266           14878.7804641    
     374      -3.48337663727          0.332546138609           82.3899465263           14918.6699606    
     375      -3.48517706785          0.332859641154           82.1638077894           14958.5594501    
     376      -3.48726888945          0.332899508516           82.4465714136           14998.4489467    
     377      -3.48910675625          0.333215217700           82.2111258130           15038.3384399    
     378      -3.49140591571          0.333257937196           82.3114159153           15078.2279318    
     379      -3.49401729103          0.333159734924           83.2045776860           15118.1174261    
     380      -3.49611258400          0.333199522762           83.1627158204           15158.0069179    
     381      -3.49850014531          0.333073695158           83.6959511947           15197.8964027    
     382      -3.50066825914          0.333044297832           84.0587869596           15237.7858941    
     383      -3.50272694494          0.333034787210           84.0342400712           15277.6753891    
     384      -3.50506767307          0.332713199522           84.8145741810           15317.5648805    
     385      -3.50720573548          0.332602385624           84.8133738590           15357.4543725    
     386      -3.50929547759          0.332738111708           84.9245075007           15397.3438704    
     387      -3.51149123764          0.332630917477           85.3814475764           15437.2333588    
     388      -3.51369684350          0.332522026365           85.3978371055           15477.1228571    
     389      -3.51586377207          0.332379250654           85.3444209021           15517.0123354    
     390      -3.51776704045          0.332430871455           85.1603451613           15556.9018341    
     391      -3.51973199779          0.332516633475           85.5127675032           15596.7913220    
     392      -3.52303826209          0.331356745585           86.2809477443           15636.6808175    
     393      -3.52491818195          0.331397582642           86.0565684312           15676.5703118    
     394      -3.52675784409          0.331544341504           85.6485274134           15716.4598003    
     395      -3.52828715259          0.331964370094           84.8193994954           15756.3492958    
     396      -3.52976324723          0.332219454678           84.6647063769           15796.2387785    
     397      -3.53190072103          0.332142082432           85.1472710787           15836.1282751    
     398      -3.53329400535          0.332280579313           84.8660454803           15876.0177637    
     399      -3.53503375211          0.332159189183           85.4889823457           15915.9072611    
     400      -3.53694362048          0.332076558333           85.6890330498           15955.7967529    
     401      -3.53856779680          0.332077882241           85.9165936619           15995.6862428    
     402      -3.54026563047          0.331948114616           86.7271500100           16035.5757384    
     403      -3.54184591734          0.331902165393           86.9632824179           16075.4652278    
     404      -3.54348447658          0.331623946914           88.0119183232           16115.3547191    
     405      -3.54458673611          0.331743253925           88.2324831952           16155.2442081    
     406      -3.54570227426          0.331704969307           88.5051891788           16195.1337055    
     407      -3.54695078664          0.331654714636           88.8625673783           16235.0231935    
     408      -3.54831202808          0.331616207645           89.2274882678           16274.9126819    
     409      -3.54990946864          0.331289189663           90.6247539612           16314.8021832    
     410      -3.55147106839          0.330820080336           91.6778292236           16354.6916670    
     411      -3.55266849154          0.330683195393           92.2640105445           16394.5811696    
     412      -3.55410289115          0.330241824700           93.2365297649           16434.4706487    
     413      -3.55520228486          0.329985412606           94.1509697377           16474.3601525    
     414      -3.55660927901          0.329531130338           95.1526277440           16514.2496350    
     415      -3.55807139006          0.329035708960           96.2695973919           16554.1391402    
     416      -3.55524574664          0.330729324400           93.7966840041           16594.0286247    
     417      -3.55629859682          0.330438924574           92.9601315179           16633.9181184    
     418      -3.55774938798          0.330031211577           94.0335445377           16673.8076082    
     419      -3.55900768272          0.329805171159           94.9927111776           16713.6970931    
     420      -3.55992545898          0.329717351369           95.4059553388           16753.5865865    
     421      -3.56079072318          0.329343201794           95.8346020007           16793.4760767    
     422      -3.56132769760          0.328804967061           96.9533373226           16833.3655707    
     423      -3.56159385289          0.328750979741           97.2354700085           16873.2550659    
     424      -3.56190782525          0.328713117235           97.7447981078           16913.1445602    
     425      -3.56224684864          0.328309604576           98.8408908224           16953.0340520    
     426      -3.56272088083          0.328399677306           98.9284960251           16992.9235436    
     427      -3.56328428524          0.328120934561           99.3766713251           17032.8130305    
     428      -3.56360972023          0.327969517938           99.2666318606           17072.7025194    
     429      -3.56380205546          0.327937765677           99.0951851175           17112.5920209    
     430      -3.56434590679          0.327669947278           99.9007528103           17152.4815066    
     431      -3.56441624016          0.327562297927           100.622635759           17192.3709896    
     432      -3.56518464515          0.327291458527           100.854946248           17232.2604970    
     433      -3.56549483542          0.327576323037           100.041721974           17272.1499776    
     434      -3.56597198168          0.327517920821           100.137448510           17312.0394784    
     435      -3.56635039953          0.327520089811           100.205181346           17351.9289582    
     436      -3.56678894116          0.327691591061           99.8231421234           17391.8184725    
     437      -3.56749324977          0.327518903061           100.282864839           17431.7079701    
     438      -3.56808982564          0.327497453562           100.769614167           17471.5974372    
     439      -3.56922500941          0.327028736843           101.322874417           17511.4869333    
     440      -3.56997138050          0.327170983974           101.123840410           17551.3764447    
     441      -3.57092577895          0.326592369803           103.579891202           17591.2659194    
     442      -3.57139718294          0.326954240546           103.334895910           17631.1554108    
     443      -3.57372836327          0.325714626656           103.756691954           17671.0449042    
     444      -3.57521931502          0.325330769074           105.098191441           17710.9343948    
     445      -3.57648359893          0.325534012261           104.524716736           17750.8238848    
     446      -3.57638090467          0.326654604159           103.021210108           17790.7133789    
     447      -3.57848288183          0.326236426533           104.137400342           17830.6028709    
     448      -3.58039162350          0.325877544757           106.619427919           17870.4923596    
     449      -3.58166245883          0.326063601349           106.211413545           17910.3818528    
     450      -3.58298458351          0.325980579834           106.969238286           17950.2713438    
     451      -3.58522617285          0.325531280017           107.039961569           17990.1608358    
     452      -3.58588357166          0.325983857059           106.634299253           18030.0503255    
     453      -3.58690299595          0.326245134798           106.422266019           18069.9398197    
     454      -3.58897166572          0.325920061347           106.701915119           18109.8293080    
     455      -3.59037695551          0.326186935776           106.408898694           18149.7188100    
     456      -3.59191618617          0.326223973920           105.984277129           18189.6082892    
     457      -3.59320692696          0.326533514185           105.551906336           18229.4977995    
     458      -3.59487133292          0.326539294376           105.627535756           18269.3872889    
     459      -3.59682665750          0.326238118417           106.256681122           18309.2767612    
     460      -3.59840599358          0.326378488344           106.103435753           18349.1662601    
     461      -3.59983986260          0.326719756726           105.653952553           18389.0557504    
     462      -3.60134317100          0.327111608429           105.056075273           18428.9452567    
     463      -3.60309941750          0.327269500458           104.678471744           18468.8347250    
     464      -3.60496122528          0.327409984477           104.171467398           18508.7241689    
     465      -3.60974667585          0.321016311980           122.229468207           18548.6137239    
     466      -3.61507691691          0.321705093230           112.100375219           18588.5032159    
     467      -3.61612493977          0.321701303759           112.604457697           18628.3927078    
     468      -3.61828751873          0.322483311752           108.305789545           18668.2821999    
     469      -3.62003187425          0.323331891373           108.088313776           18708.1716919    
     470      -3.62140999272          0.323912594876           107.438916886           18748.0611838    
     471      -3.62247964540          0.324498214286           105.516966733           18787.9506758    
     472      -3.62347105261          0.325496304038           103.860786539           18827.8401663    
     473      -3.62501457567          0.325716897066           103.165975882           18867.7296599    
     474      -3.62772622340          0.324948880732           104.709780209           18907.6191516    
     475      -3.62897530727          0.325145586399           103.953929642           18947.5086406    
     476      -3.63109257239          0.325547261328           102.641688610           18987.3981330    
     477      -3.63415167289          0.324931980314           105.337540783           19027.2876280    
     478      -3.63658083684          0.324774436733           106.716675876           19067.1771223    
     479      -3.63892545169          0.324770128526           106.286203853           19107.0666102    
     480      -3.64066388506          0.325292141624           106.284122399           19146.9561109    
     481      -3.64232425565          0.325675289498           105.951868226           19186.8455847    
     482      -3.64469254051          0.325636734181           106.255956999           19226.7350978    
     483      -3.64673256091          0.325770369802           105.497029319           19266.6245975    
     484      -3.64910685978          0.325727080792           105.493085000           19306.5140687    
     485      -3.65127870942          0.325875655761           105.007638745           19346.4035644    
     486      -3.65356731016          0.325930316017           105.035977095           19386.2930223    
     487      -3.65591704692          0.325818987080           105.282399317           19426.1825786    
     488      -3.65828369432          0.325802204288           105.648891649           19466.0721125    
     489      -3.63634135083          0.319961278546           157.952108793           19505.9615293    
     490      -3.65119273843          0.322903334100           130.389978105           19545.8510211    
     491      -3.65815661402          0.322237219237           123.919444268           19585.7405129    
     492      -3.66307621594          0.321614263920           121.116488275           19625.6300049    
     493      -3.67047826454          0.320189772152           125.452170238           19665.5194969    
     494      -3.67160566604          0.321616849563           119.285000754           19705.4089889    
     495      -3.67458289373          0.322611363791           117.186271633           19745.2984809    
     496      -3.67782601781          0.322289737992           116.170860809           19785.1879728    
     497      -3.67890718076          0.323407110152           110.639362720           19825.0774640    
     498      -3.68055317766          0.324126250732           109.802567998           19864.9669570    
     499      -3.68423132442          0.323629644205           110.311401094           19904.8564466    
     500      -3.68650460848          0.324201921635           109.155941640           19944.7459409    
     501      -3.68883922739          0.324173747862           109.051410575           19984.6354341    
     502      -3.69111953534          0.324489785031           108.671126704           20024.5249245    
     503      -3.69297689234          0.325100217357           108.125061969           20064.4144209    
     504      -3.69505405165          0.325290735836           107.460649076           20104.3039000    
     505      -3.69684011270          0.325530198269           107.174171876           20144.1934059    
     506      -3.69888179401          0.325787397587           107.243413274           20184.0828864    
     507      -3.70111187787          0.325923939142           107.307668862           20223.9724023    
     508      -3.70324729851          0.325758206484           108.120254646           20263.8618454    
     509      -3.70544449105          0.325710364720           108.154576683           20303.7513840    
     510      -3.70775428147          0.325518318375           108.640203559           20343.6408683    
     511      -3.70981683298          0.325445523291           109.059664861           20383.5303105    
     512      -3.71184098314          0.325457604361           109.184073647           20423.4198947    
     513      -3.68433253067          0.321177339008           151.286754715           20463.3093345    
     514      -3.69875638715          0.325080355131           115.450069206           20503.1988263    
     515      -3.70426130360          0.328120313972           108.343514348           20543.0883182    
     516      -3.70911684822          0.327035297958           106.287652302           20582.9778100    
     517      -3.71706636661          0.325048836395           107.344847661           20622.8673019    
     518      -3.72363887615          0.324801179669           104.553739338           20662.7567939    
     519      -3.72775556909          0.324032270222           108.956766925           20702.6462859    
     520      -3.72985675488          0.323701441511           113.667636936           20742.5357779    
     521      -3.73375823518          0.320851802681           120.743701823           20782.4252698    
     522      -3.73568254887          0.320868423753           120.697745577           20822.3147618    
     523      -3.73742673645          0.321424797529           118.720994911           20862.2042540    
     524      -3.74077778172          0.320690831948           119.029133446           20902.0937439    
     525      -3.74216051937          0.321400679518           118.130617329           20941.9832358    
     526      -3.74417183655          0.320853215452           120.608220442           20981.8727272    
     527      -3.74683391225          0.320095395185           122.543636871           21021.7622180    
     528      -3.74827969887          0.320050549439           121.742389385           21061.6517092    
     529      -3.74947205186          0.320589041098           120.770799045           21101.5412000    
     530      -3.75108736561          0.320388203936           121.014549973           21141.4307093    
     531      -3.75285111665          0.320291573714           121.640497853           21181.3201903    
     532      -3.75453884761          0.320138073147           122.283890466           21221.2096928    
     533      -3.75601762835          0.320043460906           122.373134433           21261.0991420    
     534      -3.75733625325          0.320272757719           121.632249611           21300.9887110    
     535      -3.75884877011          0.320308683633           121.174864347           21340.8780990    
     536      -3.76014406002          0.320504674326           120.571118616           21380.7676008    
     537      -3.69433027441          0.266707918171           260.828176464           21420.6571396    
     538      -3.74203197018          0.297551145079           192.653470680           21460.5466314    
     539      -3.74739470944          0.314903060157           131.213704882           21500.4361233    
     540      -3.75831282119          0.313208148774           134.024338888           21540.3256152    
     541      -3.75863879701          0.315407618003           137.609523345           21580.2151070    
     542      -3.76277756000          0.318992954137           131.140118835           21620.1045990    
     543      -3.77271685779          0.312747739232           142.494817107           21659.9940909    
     544      -3.77406028881          0.313476063561           139.250004335           21699.8835828    
     545      -3.77379495583          0.315095209301           129.626171220           21739.7730744    
     546      -3.77613338329          0.315646805708           129.769672927           21779.6625667    
     547      -3.77724221576          0.318197069755           125.488814929           21819.5520588    
     548      -3.77946380491          0.316848656551           131.010089375           21859.4415504    
     549      -3.78308389891          0.315803417058           137.273811499           21899.3310419    
     550      -3.78477406820          0.315486597779           138.397728627           21939.2205349    
     551      -3.78518772531          0.315959521198           136.861189333           21979.1100268    
     552      -3.78709691228          0.316198421843           136.817505250           22018.9995151    
     553      -3.78790522523          0.317039838996           136.338999496           22058.8890080    
     554      -3.78984477009          0.316678325519           137.358712793           22098.7785033    
     555      -3.79149234051          0.316757432197           137.127728962           22138.6679840    
     556      -3.79288061090          0.317198595829           136.643713378           22178.5574930    
     557      -3.79443545253          0.317147618463           137.110305751           22218.4469993    
     558      -3.79618661455          0.317038666610           137.558111767           22258.3364401    
     559      -3.79816146977          0.316885736005           138.159310676           22298.2260293    
     560      -3.80012841160          0.316724054343           138.936979728           22338.1153499    
     561      -3.68047930734          0.156124773408           96.8427072520           22378.0049447    
     562      -3.70819412345          0.184001493956           112.150321308           22417.8944366    
     563      -3.75635016039          0.244462092988           168.001157448           22457.7839284    
     564      -3.79579445877          0.252589318029           210.418895755           22497.6734203    
     565      -3.80886270817          0.255610318911           203.608542928           22537.5629122    
     566      -3.81139287832          0.284741363582           174.513287363           22577.4524041    
     567      -3.82067075645          0.297863513619           169.892335508           22617.3418960    
     568      -3.82246356624          0.300023396753           171.995642238           22657.2313879    
     569      -3.82009238469          0.309175761082           173.975731675           22697.1208797    
     570      -3.81746913123          0.317805374841           153.537557419           22737.0103716    
     571      -3.81924482786          0.318766083492           145.918119349           22776.8998633    
     572      -3.81970766612          0.318814475905           144.005010771           22816.7893556    
     573      -3.82364900090          0.317380896314           152.576209906           22856.6788471    
     574      -3.82611445004          0.317017626648           150.666951231           22896.5683394    
     575      -3.82889200949          0.316211601572           154.385982280           22936.4578319    
     576      -3.83022652345          0.316658054292           149.959041298           22976.3473216    
     577      -3.83178301851          0.316369414655           151.314128136           23016.2368162    
     578      -3.83461890842          0.315569012393           151.786900001           23056.1263106    
     579      -3.83613423183          0.315890481152           151.119855485           23096.0158041    
     580      -3.83727049634          0.316545315201           149.334356330           23135.9052827    
     581      -3.83862994922          0.317080083758           148.066176197           23175.7947902    
     582      -3.83994926584          0.317418472060           146.668870630           23215.6843092    
     583      -3.84127119017          0.317793389034           145.778218653           23255.5737386    
     584      -3.84315389156          0.317675056909           145.912572200           23295.4632732    
     585      -3.76529736309          0.352372243755E-01       27.6338450099           23335.3527498    
     586      -3.78541291854          0.832328757492E-01       21.6055629989           23375.2422417    
     587      -3.79342935845          0.173986148633           46.8758423718           23415.1317336    
     588      -3.80017553385          0.189745057688           63.6117945465           23455.0212254    
     589      -3.82552942535          0.219172612219           119.595463183           23494.9107173    
     590      -3.82986268194          0.234390855633           116.964919993           23534.8002092    
     591      -3.85224717126          0.230137247373           155.486038920           23574.6897011    
     592      -3.88398662399          0.252026426468           257.089800093           23614.5791930    
     593      -3.87497894471          0.277307571314           219.366302966           23654.4686848    
     594      -3.86916739231          0.283905908129           162.087631009           23694.3581767    
     595      -3.86457266742          0.302878678381           134.420962190           23734.2476686    
     596      -3.86780381256          0.308263116510           139.289075030           23774.1371604    
     597      -3.86358367344          0.314408069825           130.882473375           23814.0266523    
     598      -3.87262649734          0.311313862174           145.201531288           23853.9161440    
     599      -3.87756643816          0.308594532301           154.664083143           23893.8056363    
     600      -3.87773761620          0.310135805657           152.150215376           23933.6951288    
     601      -3.87801796347          0.310879967314           157.774676921           23973.5846201    
     602      -3.87710824557          0.312378977235           154.515073752           24013.4741103    
     603      -3.87659022813          0.313437206207           153.794944840           24053.3636097    
     604      -3.87886558756          0.311970604236           156.422038479           24093.2531001    
     605      -3.87912953838          0.312190634629           155.417282284           24133.1425798    
     606      -3.88015821547          0.312335074463           154.620532740           24173.0320554    
     607      -3.88076200586          0.312483485234           153.595628437           24212.9215422    
     608      -3.88202317224          0.312239619105           153.885762472           24252.8111733    
     609      -3.95562979655         -0.891561076443E-24       6.37020641349           24292.7005549    
     610      -3.96828808128         -0.991602769308E-24       3.43316659590           24332.5900468    
     611      -3.97452491298         -0.127935719390E-23       5.23585431213           24372.4795387    
     612      -3.96912802229          0.679199047690E-02       9.13589401040           24412.3690306    
     613      -3.98089660050          0.606893626336E-01       45.6141353910           24452.2585224    
     614      -3.99407741670          0.680047562215E-01       60.0163333800           24492.1480143    
     615      -4.00145454019          0.547359164575E-01       45.1362420816           24532.0375062    
     616      -4.01658180227          0.421117319077E-01       30.7830409535           24571.9269981    
     617      -4.01497479945          0.678704650199E-01       40.1053285862           24611.8164900    
     618      -3.98067693871          0.147875328711           89.9815010489           24651.7059818    
     619      -3.93916849005          0.241219317341           126.135992359           24691.5954737    
     620      -3.90955201576          0.298319896624           131.344386764           24731.4849656    
     621      -3.90588048178          0.311524329255           124.975209021           24771.3744575    
     622      -3.90330506722          0.318052692354           118.155355823           24811.2639494    
     623      -3.90259874704          0.320135095892           124.838571025           24851.1534412    
     624      -3.91640460196          0.309721624307           153.194585422           24891.0429332    
     625      -3.91844827150          0.311034866463           146.549042914           24930.9324258    
     626      -3.92031031295          0.313713085012           140.396527399           24970.8219158    
     627      -3.92529650370          0.312779237575           145.523756610           25010.7114066    
     628      -3.92966874629          0.312166744554           144.649389100           25050.6008954    
     629      -3.93476222511          0.311415988343           144.973089668           25090.4903896    
     630      -3.93932525093          0.311097326454           145.705543813           25130.3798828    
     631      -3.94363803727          0.311092234298           145.990031553           25170.2694004    
     632      -3.94815495851          0.311168898943           145.874532974           25210.1589245    
     633      -4.18129335771          0.675632295141E-08       7.16921274284           25250.0483600    
     634      -4.18963771978          0.641705443074E-08       8.79723263344           25289.9378519    
     635      -4.17497036400          0.342668254819E-01       72.0969404910           25329.8273438    
     636      -4.13139277527          0.947668396304E-01       161.902753502           25369.7168357    
     637      -4.08269783067          0.155087151702           208.507314904           25409.6063276    
     638      -4.12590772384          0.117933170204           181.241596866           25449.4958194    
     639      -4.03845190781          0.226845260519           227.181178720           25489.3853113    
     640      -3.98897225460          0.278539989843           188.664864278           25529.2748032    
     641      -4.02082899060          0.253719733135           224.308995976           25569.1642951    
     642      -4.00913217934          0.283052936183           160.755362127           25609.0537870    
     643      -3.98770155583          0.319801103780           108.898402614           25648.9432788    
     644      -3.98490995493          0.330755740911           86.5648283336           25688.8327708    
     645      -4.01244215921          0.311748906837           145.075008751           25728.7222625    
     646      -4.00992419108          0.317951367497           135.016767789           25768.6117546    
     647      -4.01873772054          0.317525469070           143.707616042           25808.5012463    
     648      -4.02105051561          0.319183271503           134.461192251           25848.3907388    
     649      -4.02727404604          0.318582293350           130.237863869           25888.2802291    
     650      -4.03804353676          0.313962901791           143.143087257           25928.1697225    
     651      -4.04205404105          0.316416890426           138.870357839           25968.0592102    
     652      -4.05211472467          0.312057274267           149.481746657           26007.9487149    
     653      -4.05888539518          0.310806170167           152.519383276           26047.8382217    
     654      -4.06487735657          0.310639720401           152.931841139           26087.7277125    
     655      -4.07117182126          0.309899753574           154.237974471           26127.6171873    
     656      -4.07688935213          0.309888259216           153.882076752           26167.5067638    
     657      -4.30633704981          0.363811281286E-01       102.377541399           26207.3961652    
     658      -4.31696661787          0.246727319028E-01       60.3252239929           26247.2856570    
     659      -4.27611397107          0.849509812780E-01       180.899291716           26287.1751489    
     660      -4.23039175275          0.147889394348           256.226034703           26327.0646408    
     661      -4.20425251164          0.182227462052           298.954253922           26366.9541327    
     662      -4.25099580158          0.153076726260           342.929114601           26406.8436246    
     663      -4.22354745814          0.200780144627           356.568774401           26446.7331164    
     664      -4.22744079491          0.203646323832           324.060552114           26486.6226083    
     665      -4.19630344724          0.237373782668           292.097045747           26526.5121002    
     666      -4.17682787778          0.265259813480           248.723108742           26566.4015922    
     667      -4.20142154767          0.244732882975           276.845509762           26606.2910841    
     668      -4.20530169886          0.248772376130           260.620859440           26646.1805759    
     669      -4.20640649863          0.253119334067           257.825459340           26686.0700681    
     670      -4.21322930880          0.252682186332           258.908841586           26725.9595602    
     671      -4.21299919649          0.258188774605           249.865219651           26765.8490523    
     672      -4.21440957548          0.262677668813           248.485215326           26805.7385420    
     673      -4.22468924103          0.259143762007           257.377968734           26845.6280363    
     674      -4.23149437161          0.258740050966           255.238755467           26885.5175263    
     675      -4.23857469121          0.258234637364           261.939324121           26925.4070159    
     676      -4.24341626248          0.259519061631           264.287178003           26965.2965090    
     677      -4.24910460913          0.260001852846           262.783682945           27005.1859966    
     678      -4.25584944876          0.259881766793           261.074699401           27045.0754729    
     679      -4.26049655904          0.261433124906           260.011703096           27084.9650010    
     680      -4.26602612917          0.261715765465           258.249664680           27124.8544912    
     681      -4.29229064376          0.238020388175           297.155198814           27164.7439703    
     682      -4.28603268016          0.250232934687           282.249243091           27204.6334622    
     683      -4.28302609615          0.261984531786           260.234101384           27244.5229543    
     684      -4.30909562253          0.243015093047           296.382837583           27284.4124455    
     685      -4.31522099333          0.242642109773           297.045066461           27324.3019374    
     686      -4.32485840182          0.237650539515           306.799814487           27364.1914293    
     687      -4.33986274631          0.230075660354           318.305696555           27404.0809220    
     688      -4.34055164494          0.236095935021           305.506207251           27443.9704132    
     689      -4.34456725923          0.236963679394           305.446266094           27483.8599072    
     690      -4.34167700354          0.245619837214           299.790702877           27523.7493952    
     691      -4.34201164890          0.250619772941           296.736902087           27563.6388866    
     692      -4.34735077283          0.250841750317           292.479004946           27603.5283813    
     693      -4.34741824654          0.255996717247           279.236078022           27643.4178749    
     694      -4.35266569585          0.256948244561           279.792080757           27683.3073657    
     695      -4.35370885538          0.261834238970           270.009874651           27723.1968580    
     696      -4.35501232992          0.266515892178           265.209827417           27763.0863464    
     697      -4.36517327855          0.261974731538           273.799532583           27802.9758355    
     698      -4.37322160145          0.259678893853           278.879955057           27842.8653357    
     699      -4.37941106961          0.258733368674           283.826122884           27882.7548220    
     700      -4.38599369194          0.257660436553           283.719473398           27922.6443071    
     701      -4.39131185560          0.258109146714           282.846267403           27962.5338125    
     702      -4.39880852226          0.256594148759           283.736489150           28002.4232983    
     703      -4.40327855806          0.257987852743           284.198920889           28042.3127948    
     704      -4.40920390090          0.257777575590           286.856029201           28082.2022746    
     705      -4.42961800823          0.243637984124           298.136392750           28122.0917828    
     706      -4.43511812741          0.243693564690           295.059703626           28161.9812673    
     707      -4.44197846017          0.242536457753           295.651968937           28201.8707677    
     708      -4.44498183781          0.244901112643           297.382654308           28241.7602537    
     709      -4.44051541834          0.253951698798           285.727364209           28281.6497392    
     710      -4.44267174965          0.256736198119           278.880577689           28321.5392415    
     711      -4.44425751044          0.260637303007           276.194378062           28361.4287264    
     712      -4.44309291862          0.267724531439           260.361090830           28401.3182207    
     713      -4.44473082515          0.271119164184           250.988139447           28441.2077085    
     714      -4.45372272221          0.267584555652           264.392909213           28481.0972025    
     715      -4.45969121778          0.268416611949           265.649589877           28520.9866943    
     716      -4.47203230779          0.261456627333           286.360671986           28560.8761876    
     717      -4.48306932552          0.255379400623           284.132316558           28600.7656771    
     718      -4.48571229614          0.257350438722           277.275397190           28640.6551680    
     719      -4.49559314570          0.251994526380           293.343326930           28680.5446624    
     720      -4.50170007941          0.251438558421           300.880683481           28720.4341541    
     721      -4.49860230507          0.261723931032           282.918981145           28760.3236450    
     722      -4.49408960047          0.270707851864           277.140558843           28800.2131365    
     723      -4.49108021014          0.276935196748           251.604087371           28840.1026299    
     724      -4.48495967744          0.286996818888           203.228435048           28879.9921214    
     725      -4.47949690741          0.300606801942           161.810591166           28919.8816128    
     726      -4.47583362477          0.308095585931           153.984482834           28959.7711048    
     727      -4.45429203847          0.343041913300           73.5714114287           28999.6605968    
     728      -4.44328883031          0.352945851382           7.56069873055           29039.5500886    
     729      -4.55604261865          0.249959380666           316.210998530           29079.4396130    
     730      -4.56556614729          0.245665487957           321.339410587           29119.3290963    
     731      -4.56396217543          0.252610418257           314.736612317           29159.2185389    
     732      -4.56125369487          0.260887590139           301.078423995           29199.1080447    
     733      -4.56440619100          0.264326036448           292.701929423           29238.9975539    
     734      -4.56926874599          0.264199168632           281.691041272           29278.8870435    
     735      -4.58830150512          0.251359842149           291.267720140           29318.7765337    
     736      -4.60725040686          0.236576115966           296.262983583           29358.6660233    
     737      -4.62686938883          0.227896566558           338.746361744           29398.5555154    
     738      -4.60794140570          0.255626509898           312.017359758           29438.4450073    
     739      -4.65093586240          0.220823101986           447.273460014           29478.3344993    
     740       0.00000000000           0.00000000000           0.00000000000           0.00000000000    
     741       0.00000000000           0.00000000000           0.00000000000           0.00000000000    
     742       0.00000000000           0.00000000000           0.00000000000           0.00000000000    
     743       0.00000000000           0.00000000000           0.00000000000           0.00000000000    
     744       0.00000000000           0.00000000000           0.00000000000           0.00000000000    
     745       0.00000000000           0.00000000000           0.00000000000           0.00000000000    
     746       0.00000000000           0.00000000000           0.00000000000           0.00000000000    
     747       0.00000000000           0.00000000000           0.00000000000           0.00000000000    
     748       0.00000000000           0.00000000000           0.00000000000           0.00000000000    
     749       0.00000000000           0.00000000000           0.00000000000           0.00000000000    
     750       0.00000000000           0.00000000000           0.00000000000           0.00000000000    
     751       0.00000000000           0.00000000000           0.00000000000           0.00000000000    
     752       0.00000000000           0.00000000000           0.00000000000           0.00000000000    
     753      -4.71568394513          0.216390181422           253.130493429           30036.7874764    
     754      -4.72774812804          0.209885931209           259.410980294           30076.6768487    
     755      -4.73951377671          0.202158701464           256.408112974           30116.5663603    
     756      -4.73162496274          0.214045912654           259.387218822           30156.4558618    
     757      -4.73836715094          0.213365388553           223.135316785           30196.3453528    
     758      -4.75997762558          0.203535201931           193.723183479           30236.2348447    
     759      -4.80735168299          0.162562251454           191.508568540           30276.1243370    
     760      -4.79130239424          0.184305638278           144.039197036           30316.0138288    
     761      -4.81611463630          0.158613124524           104.994348408           30355.9033207    
     762       0.00000000000           0.00000000000           0.00000000000           0.00000000000    
     763       0.00000000000           0.00000000000           0.00000000000           0.00000000000    
     764       0.00000000000           0.00000000000           0.00000000000           0.00000000000    
     765       0.00000000000           0.00000000000           0.00000000000           0.00000000000    
     766       0.00000000000           0.00000000000           0.00000000000           0.00000000000    
     767       0.00000000000           0.00000000000           0.00000000000           0.00000000000    
     768       0.00000000000           0.00000000000           0.00000000000           0.00000000000    
     769       0.00000000000           0.00000000000           0.00000000000           0.00000000000    
     770       0.00000000000           0.00000000000           0.00000000000           0.00000000000    
     771       0.00000000000           0.00000000000           0.00000000000           0.00000000000    
     772       0.00000000000           0.00000000000           0.00000000000           0.00000000000    
     773       0.00000000000           0.00000000000           0.00000000000           0.00000000000    
     774       0.00000000000           0.00000000000           0.00000000000           0.00000000000    
     775       0.00000000000           0.00000000000           0.00000000000           0.00000000000    
     776       0.00000000000           0.00000000000           0.00000000000           0.00000000000    
     777       0.00000000000           0.00000000000           0.00000000000           0.00000000000    
     778       0.00000000000           0.00000000000           0.00000000000           0.00000000000    
     779       0.00000000000           0.00000000000           0.00000000000           0.00000000000    
     780       0.00000000000           0.00000000000           0.00000000000           0.00000000000    
     781       0.00000000000           0.00000000000           0.00000000000           0.00000000000    
     782       0.00000000000           0.00000000000           0.00000000000           0.00000000000    
     783       0.00000000000           0.00000000000           0.00000000000           0.00000000000    
     784       0.00000000000           0.00000000000           0.00000000000           0.00000000000    
     785       0.00000000000           0.00000000000           0.00000000000           0.00000000000    
     786       0.00000000000           0.00000000000           0.00000000000           0.00000000000    
     787       0.00000000000           0.00000000000           0.00000000000           0.00000000000    
     788       0.00000000000           0.00000000000           0.00000000000           0.00000000000    
     789       0.00000000000           0.00000000000           0.00000000000           0.00000000000    
     790       0.00000000000           0.00000000000           0.00000000000           0.00000000000    
     791       0.00000000000           0.00000000000           0.00000000000           0.00000000000    
     792       0.00000000000           0.00000000000           0.00000000000           0.00000000000    
     793       0.00000000000           0.00000000000           0.00000000000           0.00000000000    
     794       0.00000000000           0.00000000000           0.00000000000           0.00000000000    
     795       0.00000000000           0.00000000000           0.00000000000           0.00000000000    
     796       0.00000000000           0.00000000000           0.00000000000           0.00000000000    
     797       0.00000000000           0.00000000000           0.00000000000           0.00000000000    
     798       0.00000000000           0.00000000000           0.00000000000           0.00000000000    
     799       0.00000000000           0.00000000000           0.00000000000           0.00000000000    
     800       0.00000000000           0.00000000000           0.00000000000           0.00000000000    
