       1       0       1       0.00000000000           0.00000000000    
       2       1       1       2.11738030805           2.11738030805    
       3       2       1       3.55997094550           3.55997094550    
       4       3       1       4.61535910026           4.61535910026    
       5       4       1       5.40064769384           5.40064769384    
       6       5       1       5.98051439918           5.98051439918    
       7       6       1       6.39599464426           6.39599464426    
       8       7       1       6.67520600714           6.67520600714    
       9       8       1       6.83878037969           6.83878037969    
      10       9       1       6.90261488651           6.90261488651    
      11      10       1       6.87901471121           6.87901471121    
      12      11       1       6.77830003670           6.77830003670    
      13      12       1       6.60871931901           6.60871931901    
      14      13       1       6.37700744474           6.37700744474    
      15      14       1       6.08944530608           6.08944530608    
      16      15       1       5.75086198650           5.75086198650    
      17      16       1       5.36602323501           5.36602323501    
      18      17       1       4.93869368845           4.93869368845    
      19      18       1       4.47257015959           4.47257015959    
      20      19       1       3.97125965900           3.97125965900    
      21      20       1       3.43619926058           3.43619926058    
      22      21       1       2.87141520190           2.87141520190    
      23      22       1       2.27821552414           2.27821552414    
      24      23       1       1.65725423727           1.65725423727    
      25      24       1       1.01421910443           1.01421910443    
      26      25       1      0.350004046362          0.350004046362    
      27      26       1     -0.334553599837         -0.334553599837    
      28      27       1      -1.03812834833          -1.03812834833    
      29      28       1      -1.75873205445          -1.75873205445    
      30      29       1      -2.49530438409          -2.49530438409    
      31      30       1      -3.24645671212          -3.24645671212    
      32      31       1      -4.01077855105          -4.01077855105    
      33      32       1      -4.78786713757          -4.78786713757    
      34      33       1      -5.57546505597          -5.57546505597    
      35      34       1      -6.37625031329          -6.37625031329    
      36      35       1      -7.18561105241          -7.18561105241    
      37      36       1      -8.00643375757          -8.00643375757    
      38      37       1      -8.83423060125          -8.83423060125    
      39      38       1      -9.64973466615          -9.64973466615    
      40      39       1      -10.4918982152          -10.4918982152    
      41      40       1      -11.3420319419          -11.3420319419    
      42      41       1      -12.1483374625          -12.1483374625    
      43      42       1      -13.0109731728          -13.0109731728    
      44      43       1      -14.0071942651          -14.0071942651    
      45      44       1      -14.7815074541          -14.7815074541    
      46      45       1      -15.7561197089          -15.7561197089    
      47      46       1      -16.9036611343          -16.9036611343    
      48      47       1      -17.4010796414          -17.4010796414    
      49      48       1      -17.4010796414          -17.4010796414    
      50      49       1      -17.4010796414          -17.4010796414    
      51      50       1      -18.2363020407          -18.2363020407    
      52      51       1      -19.0668815613          -19.0668815613    
      53      52       1      -19.8919236436          -19.8919236436    
      54      53       1      -20.7113093556          -20.7113093556    
      55      54       1      -21.5231569427          -21.5231569427    
      56      55       1      -22.3286164518          -22.3286164518    
      57      56       1      -23.1271752923          -23.1271752923    
      58      57       1      -23.9156643796          -23.9156643796    
      59      58       1      -24.6927927360          -24.6927927360    
      60      59       1      -25.4589228229          -25.4589228229    
      61      60       1      -26.2203442436          -26.2203442436    
      62      61       1      -26.9705356354          -26.9705356354    
      63      62       1      -27.7013711414          -27.7013711414    
      64      63       1      -28.4487377404          -28.4487377404    
      65      64       1      -29.2288077086          -29.2288077086    
      66      65       1      -30.0411594429          -30.0411594429    
      67      66       1      -30.9257305416          -30.9257305416    
      68      67       1      -31.6419916820          -31.6419916820    
      69      68       1      -32.1849431512          -32.1849431512    
      70      69       1      -32.8815433650          -32.8815433650    
      71      70       1      -33.6643640988          -33.6643640988    
      72      71       1      -34.3660537503          -34.3660537503    
      73      72       1      -35.7703989059          -35.7703989059    
      74      73       1      -36.5866108352          -36.5866108352    
      75      74       1      -37.2375697219          -37.2375697219    
      76      75       1      -37.8826243919          -37.8826243919    
      77      76       1      -38.5220294074          -38.5220294074    
      78      77       1      -39.1557264739          -39.1557264739    
      79      78       1      -39.7833915102          -39.7833915102    
      80      79       1      -40.4070017210          -40.4070017210    
      81      80       1      -41.0251847255          -41.0251847255    
      82      81       1      -41.6374389639          -41.6374389639    
      83      82       1      -42.2423643686          -42.2423643686    
      84      83       1      -42.8407100332          -42.8407100332    
      85      84       1      -43.4320310583          -43.4320310583    
      86      85       1      -44.0236680463          -44.0236680463    
      87      86       1      -44.6094993503          -44.6094993503    
      88      87       1      -45.2048623089          -45.2048623089    
      89      88       1      -45.7745041204          -45.7745041204    
      90      89       1      -46.3468776394          -46.3468776394    
      91      90       1      -46.9264522531          -46.9264522531    
      92      91       1      -47.5075932539          -47.5075932539    
      93      92       1      -48.0904857873          -48.0904857873    
      94      93       1      -48.6131346287          -48.6131346287    
      95      94       1      -49.0737609264          -49.0737609264    
      96      95       1      -49.7071364387          -49.7071364387    
      97      96       1      -50.2586302425          -50.2586302425    
      98      97       1      -51.0018670551          -51.0018670551    
      99      98       1      -51.6416049269          -51.6416049269    
     100      99       1      -52.1866773848          -52.1866773848    
     101     100       1      -52.7286196129          -52.7286196129    
     102     101       1      -53.2667378281          -53.2667378281    
     103     102       1      -53.8027332342          -53.8027332342    
     104     103       1      -54.3350544323          -54.3350544323    
     105     104       1      -54.8632490511          -54.8632490511    
     106     105       1      -55.3888013999          -55.3888013999    
     107     106       1      -55.9122474355          -55.9122474355    
     108     107       1      -56.4326539042          -56.4326539042    
     109     108       1      -56.9441083153          -56.9441083153    
     110     109       1      -57.4529166845          -57.4529166845    
     111     110       1      -57.9614042613          -57.9614042613    
     112     111       1      -58.4698228132          -58.4698228132    
     113     112       1      -58.9736177173          -58.9736177173    
     114     113       1      -59.4663306997          -59.4663306997    
     115     114       1      -59.9512640652          -59.9512640652    
     116     115       1      -60.4435877701          -60.4435877701    
     117     116       1      -60.9148115814          -60.9148115814    
     118     117       1      -61.4009694076          -61.4009694076    
     119     118       1      -61.8728654018          -61.8728654018    
     120     119       1      -62.3448262688          -62.3448262688    
     121     120       1      -62.7826009783          -62.7826009783    
     122     121       1      -63.3201777535          -63.3201777535    
     123     122       1      -63.7838237339          -63.7838237339    
     124     123       1      -64.2526224217          -64.2526224217    
     125     124       1      -64.7178478564          -64.7178478564    
     126     125       1      -65.1796853034          -65.1796853034    
     127     126       1      -65.6381729394          -65.6381729394    
     128     127       1      -66.0932183966          -66.0932183966    
     129     128       1      -66.5433788984          -66.5433788984    
     130     129       1      -66.9903049024          -66.9903049024    
     131     130       1      -67.4334250302          -67.4334250302    
     132     131       1      -67.8716868912          -67.8716868912    
     133     132       1      -68.3078939832          -68.3078939832    
     134     133       1      -68.7379318862          -68.7379318862    
     135     134       1      -69.1615936559          -69.1615936559    
     136     135       1      -69.5885441440          -69.5885441440    
     137     136       1      -70.0104226515          -70.0104226515    
     138     137       1      -70.4219088528          -70.4219088528    
     139     138       1      -70.8379681954          -70.8379681954    
     140     139       1      -71.2519235547          -71.2519235547    
     141     140       1      -71.6541151816          -71.6541151816    
     142     141       1      -72.0487794916          -72.0487794916    
     143     142       1      -72.4526420783          -72.4526420783    
     144     143       1      -72.8153026826          -72.8153026826    
     145     144       1      -73.1867342499          -73.1867342499    
     146     145       1      -73.5537313012          -73.5537313012    
     147     146       1      -73.9215545396          -73.9215545396    
     148     147       1      -74.2888159933          -74.2888159933    
     149     148       1      -74.6688749461          -74.6688749461    
     150     149       1      -75.0458046435          -75.0458046435    
     151     150       1      -75.4209201084          -75.4209201084    
     152     151       1      -75.7923038625          -75.7923038625    
     153     152       1      -76.1601724127          -76.1601724127    
     154     153       1      -76.5253482130          -76.5253482130    
     155     154       1      -76.8879439640          -76.8879439640    
     156     155       1      -77.2489808151          -77.2489808151    
     157     156       1      -77.6062109710          -77.6062109710    
     158     157       1      -77.9613718271          -77.9613718271    
     159     158       1      -78.3147364908          -78.3147364908    
     160     159       1      -78.6671623260          -78.6671623260    
     161     160       1      -79.0155545809          -79.0155545809    
     162     161       1      -79.3598912154          -79.3598912154    
     163     162       1      -79.7052786752          -79.7052786752    
     164     163       1      -80.0497373758          -80.0497373758    
     165     164       1      -80.3958073587          -80.3958073587    
     166     165       1      -80.7349636528          -80.7349636528    
     167     166       1      -81.0691383105          -81.0691383105    
     168     167       1      -81.3968765881          -81.3968765881    
     169     168       1      -81.7478888163          -81.7478888163    
     170     169       1      -82.0841442860          -82.0841442860    
     171     170       1      -82.4139691756          -82.4139691756    
     172     171       1      -82.7433320602          -82.7433320602    
     173     172       1      -83.0688543882          -83.0688543882    
     174     173       1      -83.3926575713          -83.3926575713    
     175     174       1      -83.7151173278          -83.7151173278    
     176     175       1      -84.0360028856          -84.0360028856    
     177     176       1      -84.3550282741          -84.3550282741    
     178     177       1      -84.6736996751          -84.6736996751    
     179     178       1      -84.9905986320          -84.9905986320    
     180     179       1      -85.3050760782          -85.3050760782    
     181     180       1      -85.6168545597          -85.6168545597    
     182     181       1      -85.9270367934          -85.9270367934    
     183     182       1      -86.2348411409          -86.2348411409    
     184     183       1      -86.5425616027          -86.5425616027    
     185     184       1      -86.8478519045          -86.8478519045    
     186     185       1      -87.1539295810          -87.1539295810    
     187     186       1      -87.4543902077          -87.4543902077    
     188     187       1      -87.7561377663          -87.7561377663    
     189     188       1      -88.0579607726          -88.0579607726    
     190     189       1      -88.3589779362          -88.3589779362    
     191     190       1      -88.6549392233          -88.6549392233    
     192     191       1      -88.9608033507          -88.9608033507    
     193     192       1      -89.2575960454          -89.2575960454    
     194     193       1      -89.5480598081          -89.5480598081    
     195     194       1      -89.8386287539          -89.8386287539    
     196     195       1      -90.1262236772          -90.1262236772    
     197     196       1      -90.4219579772          -90.4219579772    
     198     197       1      -90.7067753926          -90.7067753926    
     199     198       1      -90.9905202048          -90.9905202048    
     200     199       1      -91.2724793243          -91.2724793243    
     201     200       1      -91.5521707116          -91.5521707116    
     202     201       1      -91.8290290631          -91.8290290631    
     203     202       1      -92.1050563012          -92.1050563012    
     204     203       1      -92.3793426823          -92.3793426823    
     205     204       1      -92.6517386521          -92.6517386521    
     206     205       1      -92.9225772397          -92.9225772397    
     207     206       1      -93.1909889810          -93.1909889810    
     208     207       1      -93.4578588432          -93.4578588432    
     209     208       1      -93.7195012034          -93.7195012034    
     210     209       1      -93.9824830781          -93.9824830781    
     211     210       1      -94.2445173441          -94.2445173441    
     212     211       1      -94.5039064287          -94.5039064287    
     213     212       1      -94.7598111437          -94.7598111437    
     214     213       1      -95.0135351528          -95.0135351528    
     215     214       1      -95.2632427847          -95.2632427847    
     216     215       1      -95.5088973402          -95.5088973402    
     217     216       1      -95.7501494810          -95.7501494810    
     218     217       1      -96.0003029633          -96.0003029633    
     219     218       1      -96.2436087061          -96.2436087061    
     220     219       1      -96.4810158192          -96.4810158192    
     221     220       1      -96.7196107031          -96.7196107031    
     222     221       1      -96.9518509927          -96.9518509927    
     223     222       1      -97.1813375849          -97.1813375849    
     224     223       1      -97.4079391431          -97.4079391431    
     225     224       1      -97.6322636270          -97.6322636270    
     226     225       1      -97.8538092577          -97.8538092577    
     227     226       1      -98.0732215701          -98.0732215701    
     228     227       1      -98.2877113403          -98.2877113403    
     229     228       1      -98.4994984374          -98.4994984374    
     230     229       1      -98.7080929967          -98.7080929967    
     231     230       1      -98.9139072401          -98.9139072401    
     232     231       1      -99.1151753529          -99.1151753529    
     233     232       1      -99.3145942832          -99.3145942832    
     234     233       1      -99.5064536542          -99.5064536542    
     235     234       1      -99.6986591947          -99.6986591947    
     236     235       1      -99.8840339492          -99.8840339492    
     237     236       1      -100.068385369          -100.068385369    
     238     237       1      -100.252173706          -100.252173706    
     239     238       1      -100.431606144          -100.431606144    
     240     239       1      -100.606661848          -100.606661848    
     241     240       1      -100.778147191          -100.778147191    
     242     241       1      -100.948543565          -100.948543565    
     243     242       1      -101.107730172          -101.107730172    
     244     243       1      -101.265875191          -101.265875191    
     245     244       1      -101.422741026          -101.422741026    
     246     245       1      -101.576232334          -101.576232334    
     247     246       1      -101.725541278          -101.725541278    
     248     247       1      -101.871264322          -101.871264322    
     249     248       1      -102.012342477          -102.012342477    
     250     249       1      -102.148589873          -102.148589873    
     251     250       1      -102.281857674          -102.281857674    
     252     251       1      -102.411258491          -102.411258491    
     253     252       1      -102.535576857          -102.535576857    
     254     253       1      -102.655652729          -102.655652729    
     255     254       1      -102.771162229          -102.771162229    
     256     255       1      -102.883221762          -102.883221762    
     257     256       1      -102.993232640          -102.993232640    
     258     257       1      -103.094560788          -103.094560788    
     259     258       1      -103.192977715          -103.192977715    
     260     259       1      -103.288539612          -103.288539612    
     261     260       1      -103.379508485          -103.379508485    
     262     261       1      -103.463743382          -103.463743382    
     263     262       1      -103.547606274          -103.547606274    
     264     263       1      -103.624662870          -103.624662870    
     265     264       1      -103.698774532          -103.698774532    
     266     265       1      -103.767919492          -103.767919492    
     267     266       1      -103.833256156          -103.833256156    
     268     267       1      -103.898639232          -103.898639232    
     269     268       1      -103.960827906          -103.960827906    
     270     269       1      -104.018197075          -104.018197075    
     271     270       1      -104.069366821          -104.069366821    
     272     271       1      -104.117676507          -104.117676507    
     273     272       1      -104.164333990          -104.164333990    
     274     273       1      -104.206212062          -104.206212062    
     275     274       1      -104.247676297          -104.247676297    
     276     275       1      -104.287777547          -104.287777547    
     277     276       1      -104.325412468          -104.325412468    
     278     277       1      -104.357573921          -104.357573921    
     279     278       1      -104.390090480          -104.390090480    
     280     279       1      -104.419213775          -104.419213775    
     281     280       1      -104.444105282          -104.444105282    
     282     281       1      -104.470415238          -104.470415238    
     283     282       1      -104.495043917          -104.495043917    
     284     283       1      -104.516603231          -104.516603231    
     285     284       1      -104.538196326          -104.538196326    
     286     285       1      -104.557792674          -104.557792674    
     287     286       1      -104.573512479          -104.573512479    
     288     287       1      -104.590325449          -104.590325449    
     289     288       1      -104.607278196          -104.607278196    
     290     289       1      -104.621337157          -104.621337157    
     291     290       1      -104.635238966          -104.635238966    
     292     291       1      -104.648866489          -104.648866489    
     293     292       1      -104.661014961          -104.661014961    
     294     293       1      -104.674024052          -104.674024052    
     295     294       1      -104.688122883          -104.688122883    
     296     295       1      -104.698664783          -104.698664783    
     297     296       1      -104.706888486          -104.706888486    
     298     297       1      -104.715261530          -104.715261530    
     299     298       1      -104.723812154          -104.723812154    
     300     299       1      -104.733182949          -104.733182949    
     301     300       1      -104.740669672          -104.740669672    
     302     301       1      -104.747625883          -104.747625883    
     303     302       1      -104.754488409          -104.754488409    
     304     303       1      -104.760632335          -104.760632335    
     305     304       1      -104.765309661          -104.765309661    
     306     305       1      -104.772859197          -104.772859197    
     307     306       1      -104.779220256          -104.779220256    
     308     307       1      -104.785839267          -104.785839267    
     309     308       1      -104.793804948          -104.793804948    
     310     309       1      -104.798181884          -104.798181884    
     311     310       1      -104.804576764          -104.804576764    
     312     311       1      -104.810883488          -104.810883488    
     313     312       1      -104.816100560          -104.816100560    
     314     313       1      -104.820199391          -104.820199391    
     315     314       1      -104.823875393          -104.823875393    
     316     315       1      -104.830003160          -104.830003160    
     317     316       1      -104.834134906          -104.834134906    
     318     317       1      -104.840226921          -104.840226921    
     319     318       1      -104.843304860          -104.843304860    
     320     319       1      -104.845792897          -104.845792897    
     321     320       1      -104.848393055          -104.848393055    
     322     321       1      -104.849203399          -104.849203399    
     323     322       1      -104.849683214          -104.849683214    
     324     323       1      -104.851710157          -104.851710157    
     325     324       1      -104.852514168          -104.852514168    
     326     325       1      -104.854097998          -104.854097998    
     327     326       1      -104.856684326          -104.856684326    
     328     327       1      -104.858632842          -104.858632842    
     329     328       1      -104.859549469          -104.859549469    
     330     329       1      -104.860553696          -104.860553696    
     331     330       1      -104.860675047          -104.860675047    
     332     331       1      -104.863278617          -104.863278617    
     333     332       1      -104.864802152          -104.864802152    
     334     333       1      -104.869316305          -104.869316305    
     335     334       1      -104.869560694          -104.869560694    
     336     335       1      -104.870427224          -104.870427224    
     337     336       1      -104.870801865          -104.870801865    
     338     337       1      -104.872220853          -104.872220853    
     339     338       1      -104.873037870          -104.873037870    
     340     339       1      -104.873765470          -104.873765470    
     341     340       1      -104.874853108          -104.874853108    
     342     341       1      -104.875715410          -104.875715410    
     343     342       1      -104.876078352          -104.876078352    
     344     343       1      -104.877945566          -104.877945566    
     345     344       1      -104.878059547          -104.878059547    
     346     345       1      -104.878978999          -104.878978999    
     347     346       1      -104.881021578          -104.881021578    
     348     347       1      -104.881580986          -104.881580986    
     349     348       1      -104.880226262          -104.880226262    
     350     349       1      -104.879653523          -104.879653523    
     351     350       1      -104.879810974          -104.879810974    
     352     351       1      -104.880712288          -104.880712288    
     353     352       1      -104.881191426          -104.881191426    
     354     353       1      -104.881138296          -104.881138296    
     355     354       1      -104.880246322          -104.880246322    
     356     355       1      -104.877227140          -104.877227140    
     357     356       1      -104.875723040          -104.875723040    
     358     357       1      -104.874199376          -104.874199376    
     359     358       1      -104.872448079          -104.872448079    
     360     359       1      -104.869374215          -104.869374215    
     361     360       1      -104.866095352          -104.866095352    
     362     361       1      -104.864968833          -104.864968833    
     363     362       1      -104.864978623          -104.864978623    
     364     363       1      -104.861192327          -104.861192327    
     365     364       1      -104.860648151          -104.860648151    
     366     365       1      -104.858557840          -104.858557840    
     367     366       1      -104.855049438          -104.855049438    
     368     367       1      -104.854134958          -104.854134958    
     369     368       1      -104.850805141          -104.850805141    
     370     369       1      -104.848825082          -104.848825082    
     371     370       1      -104.843979043          -104.843979043    
     372     371       1      -104.839463494          -104.839463494    
     373     372       1      -104.837918662          -104.837918662    
     374     373       1      -104.832416578          -104.832416578    
     375     374       1      -104.827426863          -104.827426863    
     376     375       1      -104.823701422          -104.823701422    
     377     376       1      -104.820598775          -104.820598775    
     378     377       1      -104.817372464          -104.817372464    
     379     378       1      -104.810213185          -104.810213185    
     380     379       1      -104.805096615          -104.805096615    
     381     380       1      -104.799136194          -104.799136194    
     382     381       1      -104.794930484          -104.794930484    
     383     382       1      -104.787374553          -104.787374553    
     384     383       1      -104.781789578          -104.781789578    
     385     384       1      -104.776745769          -104.776745769    
     386     385       1      -104.769341888          -104.769341888    
     387     386       1      -104.763448557          -104.763448557    
     388     387       1      -104.756025440          -104.756025440    
     389     388       1      -104.749483514          -104.749483514    
     390     389       1      -104.741320258          -104.741320258    
     391     390       1      -104.734624044          -104.734624044    
     392     391       1      -104.727683639          -104.727683639    
     393     392       1      -104.717127242          -104.717127242    
     394     393       1      -104.706019813          -104.706019813    
     395     394       1      -104.691525288          -104.691525288    
     396     395       1      -104.677712140          -104.677712140    
     397     396       1      -104.663707058          -104.663707058    
     398     397       1      -104.648701046          -104.648701046    
     399     398       1      -104.635627063          -104.635627063    
     400     399       1      -104.620480339          -104.620480339    
     401     400       1      -104.604416537          -104.604416537    
     402     401       1      -104.590032772          -104.590032772    
     403     402       1      -104.571279805          -104.571279805    
     404     403       1      -104.552770263          -104.552770263    
     405     404       1      -104.532039224          -104.532039224    
     406     405       1      -104.511094213          -104.511094213    
     407     406       1      -104.491211329          -104.491211329    
     408     407       1      -104.466544372          -104.466544372    
     409     408       1      -104.442216046          -104.442216046    
     410     409       1      -104.415795336          -104.415795336    
     411     410       1      -104.385796661          -104.385796661    
     412     411       1      -104.354579317          -104.354579317    
     413     412       1      -104.322584527          -104.322584527    
     414     413       1      -104.285601173          -104.285601173    
     415     414       1      -104.247242516          -104.247242516    
     416     415       1      -104.209168105          -104.209168105    
     417     416       1      -104.168935430          -104.168935430    
     418     417       1      -104.124827804          -104.124827804    
     419     418       1      -104.079837926          -104.079837926    
     420     419       1      -104.032090997          -104.032090997    
     421     420       1      -103.980535471          -103.980535471    
     422     421       1      -103.927462815          -103.927462815    
     423     422       1      -103.873297875          -103.873297875    
     424     423       1      -103.816428906          -103.816428906    
     425     424       1      -103.753325441          -103.753325441    
     426     425       1      -103.686981755          -103.686981755    
     427     426       1      -103.613528799          -103.613528799    
     428     427       1      -103.537684947          -103.537684947    
     429     428       1      -103.460757545          -103.460757545    
     430     429       1      -103.376268856          -103.376268856    
     431     430       1      -103.292886559          -103.292886559    
     432     431       1      -103.200617515          -103.200617515    
     433     432       1      -103.109368849          -103.109368849    
     434     433       1      -103.014498678          -103.014498678    
     435     434       1      -102.913754817          -102.913754817    
     436     435       1      -102.807755739          -102.807755739    
     437     436       1      -102.695956334          -102.695956334    
     438     437       1      -102.579864181          -102.579864181    
     439     438       1      -102.460263032          -102.460263032    
     440     439       1      -102.334614108          -102.334614108    
     441     440       1      -102.206323010          -102.206323010    
     442     441       1      -102.066898062          -102.066898062    
     443     442       1      -101.930459598          -101.930459598    
     444     443       1      -101.781778157          -101.781778157    
     445     444       1      -101.633865260          -101.633865260    
     446     445       1      -101.489642859          -101.489642859    
     447     446       1      -101.330423898          -101.330423898    
     448     447       1      -101.172459076          -101.172459076    
     449     448       1      -101.009135691          -101.009135691    
     450     449       1      -100.840754148          -100.840754148    
     451     450       1      -100.667953769          -100.667953769    
     452     451       1      -100.492397570          -100.492397570    
     453     452       1      -100.311895144          -100.311895144    
     454     453       1      -100.128033426          -100.128033426    
     455     454       1      -99.9429636134          -99.9429636134    
     456     455       1      -99.7562533906          -99.7562533906    
     457     456       1      -99.5650932039          -99.5650932039    
     458     457       1      -99.3695371245          -99.3695371245    
     459     458       1      -99.1694032955          -99.1694032955    
     460     459       1      -98.9678304527          -98.9678304527    
     461     460       1      -98.7655079942          -98.7655079942    
     462     461       1      -98.5570069506          -98.5570069506    
     463     462       1      -98.3445330708          -98.3445330708    
     464     463       1      -98.1314929433          -98.1314929433    
     465     464       1      -97.9158800135          -97.9158800135    
     466     465       1      -97.7144836950          -97.7144836950    
     467     466       1      -97.4967649252          -97.4967649252    
     468     467       1      -97.2774783045          -97.2774783045    
     469     468       1      -97.0661509758          -97.0661509758    
     470     469       1      -96.8320577365          -96.8320577365    
     471     470       1      -96.6005628260          -96.6005628260    
     472     471       1      -96.3496508435          -96.3496508435    
     473     472       1      -96.1141139005          -96.1141139005    
     474     473       1      -95.8696836623          -95.8696836623    
     475     474       1      -95.6323681977          -95.6323681977    
     476     475       1      -95.3952719199          -95.3952719199    
     477     476       1      -95.1464780126          -95.1464780126    
     478     477       1      -94.8977059927          -94.8977059927    
     479     478       1      -94.6530961605          -94.6530961605    
     480     479       1      -94.4013371686          -94.4013371686    
     481     480       1      -94.1483135077          -94.1483135077    
     482     481       1      -93.8924887463          -93.8924887463    
     483     482       1      -93.6332227736          -93.6332227736    
     484     483       1      -93.3730082808          -93.3730082808    
     485     484       1      -93.1109572080          -93.1109572080    
     486     485       1      -92.8475707281          -92.8475707281    
     487     486       1      -92.5834386880          -92.5834386880    
     488     487       1      -92.3182258990          -92.3182258990    
     489     488       1      -92.0519791611          -92.0519791611    
     490     489       1      -91.7979305189          -91.7979305189    
     491     490       1      -91.5407499824          -91.5407499824    
     492     491       1      -91.2832355617          -91.2832355617    
     493     492       1      -91.0216463333          -91.0216463333    
     494     493       1      -90.7372443895          -90.7372443895    
     495     494       1      -90.4703613789          -90.4703613789    
     496     495       1      -90.1835606030          -90.1835606030    
     497     496       1      -89.9072960753          -89.9072960753    
     498     497       1      -89.6266221573          -89.6266221573    
     499     498       1      -89.3497986194          -89.3497986194    
     500     499       1      -89.0666826070          -89.0666826070    
     501     500       1      -88.7821591253          -88.7821591253    
     502     501       1      -88.4925793650          -88.4925793650    
     503     502       1      -88.1974805328          -88.1974805328    
     504     503       1      -87.9022258099          -87.9022258099    
     505     504       1      -87.6082712131          -87.6082712131    
     506     505       1      -87.3121376362          -87.3121376362    
     507     506       1      -87.0128601212          -87.0128601212    
     508     507       1      -86.7116712245          -86.7116712245    
     509     508       1      -86.4126237887          -86.4126237887    
     510     509       1      -86.1094682324          -86.1094682324    
     511     510       1      -85.8046355850          -85.8046355850    
     512     511       1      -85.4982163070          -85.4982163070    
     513     512       1      -85.1913003712          -85.1913003712    
     514     513       1      -84.9055632312          -84.9055632312    
     515     514       1      -84.6085807928          -84.6085807928    
     516     515       1      -84.3338267873          -84.3338267873    
     517     516       1      -84.0183118186          -84.0183118186    
     518     517       1      -83.7185368310          -83.7185368310    
     519     518       1      -83.3869752318          -83.3869752318    
     520     519       1      -83.0605562288          -83.0605562288    
     521     520       1      -82.7380304231          -82.7380304231    
     522     521       1      -82.4034670113          -82.4034670113    
     523     522       1      -82.0923188543          -82.0923188543    
     524     523       1      -81.7609575579          -81.7609575579    
     525     524       1      -81.4383621877          -81.4383621877    
     526     525       1      -81.1118597008          -81.1118597008    
     527     526       1      -80.7628211240          -80.7628211240    
     528     527       1      -80.4275318345          -80.4275318345    
     529     528       1      -80.0876867413          -80.0876867413    
     530     529       1      -79.7459399340          -79.7459399340    
     531     530       1      -79.4017975522          -79.4017975522    
     532     531       1      -79.0488135993          -79.0488135993    
     533     532       1      -78.7013791280          -78.7013791280    
     534     533       1      -78.3471297767          -78.3471297767    
     535     534       1      -77.9910352001          -77.9910352001    
     536     535       1      -77.6317598510          -77.6317598510    
     537     536       1      -77.2698950135          -77.2698950135    
     538     537       1      -76.9008728444          -76.9008728444    
     539     538       1      -76.6981844063          -76.6981844063    
     540     539       1      -76.2476184067          -76.2476184067    
     541     540       1      -75.8538592246          -75.8538592246    
     542     541       1      -75.5167368677          -75.5167368677    
     543     542       1      -75.1388314530          -75.1388314530    
     544     543       1      -74.8204981401          -74.8204981401    
     545     544       1      -74.3874273014          -74.3874273014    
     546     545       1      -73.9853671528          -73.9853671528    
     547     546       1      -73.5911294815          -73.5911294815    
     548     547       1      -73.1754802072          -73.1754802072    
     549     548       1      -72.7893347271          -72.7893347271    
     550     549       1      -72.4069702047          -72.4069702047    
     551     550       1      -72.0153937532          -72.0153937532    
     552     551       1      -71.6078071397          -71.6078071397    
     553     552       1      -71.1980094891          -71.1980094891    
     554     553       1      -70.7855827414          -70.7855827414    
     555     554       1      -70.3659241426          -70.3659241426    
     556     555       1      -69.9392365104          -69.9392365104    
     557     556       1      -69.5108784035          -69.5108784035    
     558     557       1      -69.0794427075          -69.0794427075    
     559     558       1      -68.6441166317          -68.6441166317    
     560     559       1      -68.2066523855          -68.2066523855    
     561     560       1      -67.7690119832          -67.7690119832    
     562     561       1      -67.2757843506          -67.2757843506    
     563     562       1      -67.1352612893          -67.1352612893    
     564     563       1      -66.9455578760          -66.9455578760    
     565     564       1      -66.5769919105          -66.5769919105    
     566     565       1      -66.2750991646          -66.2750991646    
     567     566       1      -65.9340130626          -65.9340130626    
     568     567       1      -65.6836315350          -65.6836315350    
     569     568       1      -65.1877509317          -65.1877509317    
     570     569       1      -64.7367477442          -64.7367477442    
     571     570       1      -64.2848653246          -64.2848653246    
     572     571       1      -63.8457984451          -63.8457984451    
     573     572       1      -63.3427348736          -63.3427348736    
     574     573       1      -62.8709995293          -62.8709995293    
     575     574       1      -62.3796604964          -62.3796604964    
     576     575       1      -61.8971000324          -61.8971000324    
     577     576       1      -61.4201742035          -61.4201742035    
     578     577       1      -60.9312064329          -60.9312064329    
     579     578       1      -60.4328372338          -60.4328372338    
     580     579       1      -59.9372166652          -59.9372166652    
     581     580       1      -59.4414773047          -59.4414773047    
     582     581       1      -58.9364540010          -58.9364540010    
     583     582       1      -58.4360183082          -58.4360183082    
     584     583       1      -57.9260450725          -57.9260450725    
     585     584       1      -57.4114410106          -57.4114410106    
     586     585       1      -56.4167894091          -56.4167894091    
     587     586       1      -56.4835359827          -56.4835359827    
     588     587       1      -55.8404799042          -55.8404799042    
     589     588       1      -55.5661109800          -55.5661109800    
     590     589       1      -55.4053512814          -55.4053512814    
     591     590       1      -55.0820314518          -55.0820314518    
     592     591       1      -54.7795145629          -54.7795145629    
     593     592       1      -54.3518414651          -54.3518414651    
     594     593       1      -53.8966392409          -53.8966392409    
     595     594       1      -53.3995085241          -53.3995085241    
     596     595       1      -52.7887504264          -52.7887504264    
     597     596       1      -52.2703805100          -52.2703805100    
     598     597       1      -51.7211756681          -51.7211756681    
     599     598       1      -51.2064504578          -51.2064504578    
     600     599       1      -50.6005711154          -50.6005711154    
     601     600       1      -50.0169220293          -50.0169220293    
     602     601       1      -49.4262198895          -49.4262198895    
     603     602       1      -48.8407734877          -48.8407734877    
     604     603       1      -48.2363804846          -48.2363804846    
     605     604       1      -47.6309637020          -47.6309637020    
     606     605       1      -47.0204888761          -47.0204888761    
     607     606       1      -46.4013606008          -46.4013606008    
     608     607       1      -45.7778152958          -45.7778152958    
     609     608       1      -45.1463215414          -45.1463215414    
     610     609       1      -43.9646673202          -43.9646673202    
     611     610       1      -44.0082261997          -44.0082261997    
     612     611       1      -43.4648855031          -43.4648855031    
     613     612       1      -43.8282188895          -43.8282188895    
     614     613       1      -43.5654425343          -43.5654425343    
     615     614       1      -42.9957222313          -42.9957222313    
     616     615       1      -42.2345038362          -42.2345038362    
     617     616       1      -42.1768208734          -42.1768208734    
     618     617       1      -42.0891803152          -42.0891803152    
     619     618       1      -41.6175080789          -41.6175080789    
     620     619       1      -41.1909872552          -41.1909872552    
     621     620       1      -40.5293382972          -40.5293382972    
     622     621       1      -40.0530493021          -40.0530493021    
     623     622       1      -39.2750066440          -39.2750066440    
     624     623       1      -38.5421266834          -38.5421266834    
     625     624       1      -37.8398564193          -37.8398564193    
     626     625       1      -37.1488746439          -37.1488746439    
     627     626       1      -36.4347984169          -36.4347984169    
     628     627       1      -35.7055224296          -35.7055224296    
     629     628       1      -34.9831638074          -34.9831638074    
     630     629       1      -34.2631275394          -34.2631275394    
     631     630       1      -33.5396288937          -33.5396288937    
     632     631       1      -32.8204017988          -32.8204017988    
     633     632       1      -32.1034837180          -32.1034837180    
     634     633       1      -31.0450234210          -31.0450234210    
     635     634       1      -30.8781807250          -30.8781807250    
     636     635       1      -31.1602935053          -31.1602935053    
     637     636       1      -31.3551582346          -31.3551582346    
     638     637       1      -30.9453145407          -30.9453145407    
     639     638       1      -30.2115860153          -30.2115860153    
     640     639       1      -30.1087804630          -30.1087804630    
     641     640       1      -29.4842551202          -29.4842551202    
     642     641       1      -28.9906653359          -28.9906653359    
     643     642       1      -28.3617435698          -28.3617435698    
     644     643       1      -27.7985300559          -27.7985300559    
     645     644       1      -27.2400544562          -27.2400544562    
     646     645       1      -26.6945292822          -26.6945292822    
     647     646       1      -25.9551037821          -25.9551037821    
     648     647       1      -25.3105208249          -25.3105208249    
     649     648       1      -24.6576661385          -24.6576661385    
     650     649       1      -24.0685251276          -24.0685251276    
     651     650       1      -23.3870887057          -23.3870887057    
     652     651       1      -22.7525881287          -22.7525881287    
     653     652       1      -22.1298155802          -22.1298155802    
     654     653       1      -21.5067241747          -21.5067241747    
     655     654       1      -20.8863512365          -20.8863512365    
     656     655       1      -20.2807340575          -20.2807340575    
     657     656       1      -19.6808124473          -19.6808124473    
     658     657       1      -18.9172207665          -18.9172207665    
     659     658       1      -18.7406344638          -18.7406344638    
     660     659       1      -18.7807938421          -18.7807938421    
     661     660       1      -18.6326799203          -18.6326799203    
     662     661       1      -18.4385655529          -18.4385655529    
     663     662       1      -18.1486948481          -18.1486948481    
     664     663       1      -17.7492116921          -17.7492116921    
     665     664       1      -17.3541658881          -17.3541658881    
     666     665       1      -17.0348998328          -17.0348998328    
     667     666       1      -16.7039381095          -16.7039381095    
     668     667       1      -16.2450847595          -16.2450847595    
     669     668       1      -15.8578495540          -15.8578495540    
     670     669       1      -15.3637054824          -15.3637054824    
     671     670       1      -15.0139314757          -15.0139314757    
     672     671       1      -14.5858914531          -14.5858914531    
     673     672       1      -14.1354339916          -14.1354339916    
     674     673       1      -13.7011960700          -13.7011960700    
     675     674       1      -13.2908491508          -13.2908491508    
     676     675       1      -12.8442680271          -12.8442680271    
     677     676       1      -12.4213467865          -12.4213467865    
     678     677       1      -12.0388225419          -12.0388225419    
     679     678       1      -11.6235436428          -11.6235436428    
     680     679       1      -11.2304599234          -11.2304599234    
     681     680       1      -10.8622519142          -10.8622519142    
     682     681       1      -10.5041667116          -10.5041667116    
     683     682       1      -10.1882916100          -10.1882916100    
     684     683       1      -9.93312115494          -9.93312115494    
     685     684       1      -9.66149896129          -9.66149896129    
     686     685       1      -9.32534127408          -9.32534127408    
     687     686       1      -9.06625498162          -9.06625498162    
     688     687       1      -8.86153988330          -8.86153988330    
     689     688       1      -8.59493907000          -8.59493907000    
     690     689       1      -8.32994459961          -8.32994459961    
     691     690       1      -8.10173997925          -8.10173997925    
     692     691       1      -7.84710985632          -7.84710985632    
     693     692       1      -7.64043261822          -7.64043261822    
     694     693       1      -7.45657070086          -7.45657070086    
     695     694       1      -7.23058489109          -7.23058489109    
     696     695       1      -7.06166955987          -7.06166955987    
     697     696       1      -6.92523317140          -6.92523317140    
     698     697       1      -6.82608417213          -6.82608417213    
     699     698       1      -6.70749779097          -6.70749779097    
     700     699       1      -6.62435546426          -6.62435546426    
     701     700       1      -6.55316620332          -6.55316620332    
     702     701       1      -6.49072133338          -6.49072133338    
     703     702       1      -6.44938072197          -6.44938072197    
     704     703       1      -6.42014386290          -6.42014386290    
     705     704       1      -6.39439413718          -6.39439413718    
     706     705       1      -6.37763021442          -6.37763021442    
     707     706       1      -6.37657598478          -6.37657598478    
     708     707       1      -6.37684590293          -6.37684590293    
     709     708       1      -6.37561561124          -6.37561561124    
     710     709       1      -6.45569993945          -6.45569993945    
     711     710       1      -6.55797495132          -6.55797495132    
     712     711       1      -6.66966055479          -6.66966055479    
     713     712       1      -6.81144282362          -6.81144282362    
     714     713       1      -6.99043630609          -6.99043630609    
     715     714       1      -7.14782201824          -7.14782201824    
     716     715       1      -7.34996134133          -7.34996134133    
     717     716       1      -7.55335375047          -7.55335375047    
     718     717       1      -7.75010785017          -7.75010785017    
     719     718       1      -8.01039030421          -8.01039030421    
     720     719       1      -8.30373308458          -8.30373308458    
     721     720       1      -8.53276507524          -8.53276507524    
     722     721       1      -8.72548093389          -8.72548093389    
     723     722       1      -8.93850348253          -8.93850348253    
     724     723       1      -9.25456393917          -9.25456393917    
     725     724       1      -9.72341905643          -9.72341905643    
     726     725       1      -10.1869027864          -10.1869027864    
     727     726       1      -10.3688863248          -10.3688863248    
     728     727       1      -10.9504558926          -10.9504558926    
     729     728       1      -11.6543985793          -11.6543985793    
     730     729       1      -13.4986254910          -13.4986254910    
     731     730       1      -13.9676675777          -13.9676675777    
     732     731       1      -14.4273909184          -14.4273909184    
     733     732       1      -14.9175865773          -14.9175865773    
     734     733       1      -15.4681841150          -15.4681841150    
     735     734       1      -16.0901233675          -16.0901233675    
     736     735       1      -16.6827736033          -16.6827736033    
     737     736       1      -17.3261538646          -17.3261538646    
     738     737       1      -18.3552489376          -18.3552489376    
     739     738       1      -19.4871507955          -19.4871507955    
     740     739       1      -20.7572851696          -20.7572851696    
     741     740       1      -20.7572851696          -20.7572851696    
     742     741       1      -20.7572851696          -20.7572851696    
     743     742       1      -20.7572851696          -20.7572851696    
     744     743       1      -20.7572851696          -20.7572851696    
     745     744       1      -20.7572851696          -20.7572851696    
     746     745       1      -20.7572851696          -20.7572851696    
     747     746       1      -20.7572851696          -20.7572851696    
     748     747       1      -20.7572851696          -20.7572851696    
     749     748       1      -20.7572851696          -20.7572851696    
     750     749       1      -20.7572851696          -20.7572851696    
     751     750       1      -20.7572851696          -20.7572851696    
     752     751       1      -20.7572851696          -20.7572851696    
     753     752       1      -20.7572851696          -20.7572851696    
     754     753       1      -20.7572851696          -20.7572851696    
     755     754       1      -21.7997182010          -21.7997182010    
     756     755       1      -22.8596949223          -22.8596949223    
     757     756       1      -23.9728420259          -23.9728420259    
     758     757       1      -25.2574917006          -25.2574917006    
     759     758       1      -26.2139494146          -26.2139494146    
     760     759       1      -27.0445997587          -27.0445997587    
     761     760       1      -27.5605522119          -27.5605522119    
     762     761       1      -28.8196902604          -28.8196902604    
     763     762       1      -28.8196902604          -28.8196902604    
     764     763       1      -28.8196902604          -28.8196902604    
     765     764       1      -28.8196902604          -28.8196902604    
     766     765       1      -28.8196902604          -28.8196902604    
     767     766       1      -28.8196902604          -28.8196902604    
     768     767       1      -28.8196902604          -28.8196902604    
     769     768       1      -28.8196902604          -28.8196902604    
     770     769       1      -28.8196902604          -28.8196902604    
     771     770       1      -28.8196902604          -28.8196902604    
     772     771       1      -28.8196902604          -28.8196902604    
     773     772       1      -28.8196902604          -28.8196902604    
     774     773       1      -28.8196902604          -28.8196902604    
     775     774       1      -28.8196902604          -28.8196902604    
     776     775       1      -28.8196902604          -28.8196902604    
     777     776       1      -28.8196902604          -28.8196902604    
     778     777       1      -28.8196902604          -28.8196902604    
     779     778       1      -28.8196902604          -28.8196902604    
     780     779       1      -28.8196902604          -28.8196902604    
     781     780       1      -28.8196902604          -28.8196902604    
     782     781       1      -28.8196902604          -28.8196902604    
     783     782       1      -28.8196902604          -28.8196902604    
     784     783       1      -28.8196902604          -28.8196902604    
     785     784       1      -28.8196902604          -28.8196902604    
     786     785       1      -28.8196902604          -28.8196902604    
     787     786       1      -28.8196902604          -28.8196902604    
     788     787       1      -28.8196902604          -28.8196902604    
     789     788       1      -28.8196902604          -28.8196902604    
     790     789       1      -28.8196902604          -28.8196902604    
     791     790       1      -28.8196902604          -28.8196902604    
     792     791       1      -28.8196902604          -28.8196902604    
     793     792       1      -28.8196902604          -28.8196902604    
     794     793       1      -28.8196902604          -28.8196902604    
     795     794       1      -28.8196902604          -28.8196902604    
     796     795       1      -28.8196902604          -28.8196902604    
     797     796       1      -28.8196902604          -28.8196902604    
     798     797       1      -28.8196902604          -28.8196902604    
     799     798       1      -28.8196902604          -28.8196902604    
     800     799       1      -28.8196902604          -28.8196902604    
     801     800       1      -28.8196902604          -28.8196902604    
