      1000     402       1      15       0    16035.58       -3.842785    
      2000     369       1      15       0    14719.22       -3.841704    
      3000     370       1      15       1    14759.11       -3.700989    
      4000     387       1      15       1    15437.23       -3.783328    
      5000     381       1      15       1    15197.90       -3.834181    
      6000     382       1      15       2    15237.79       -3.828498    
      7000     401       1      15       2    15995.69       -3.744547    
      8000     407       1      15       3    16235.02       -3.883407    
      9000     370       1      15       3    14759.11       -3.795360    
     10000     402       1      15       3    16035.58       -3.975143    
     11000     385       1      15       4    15357.45       -3.822415    
     12000     414       1      15       4    16514.25       -3.867953    
     13000     415       1      15       4    16554.14       -3.960813    
     14000     387       1      15       5    15437.23       -3.942295    
     15000     411       1      15       5    16394.58       -3.815251    
     16000     390       1      15       6    15556.90       -3.873587    
     17000     402       1      15       6    16035.58       -3.873775    
     18000     374       1      15       6    14918.67       -3.861451    
     19000     403       1      15       7    16075.47       -3.721796    
     20000     389       1      15       7    15517.01       -3.825760    
     21000     393       1      15       7    15676.57       -3.879797    
     22000     411       1      15       8    16394.58       -3.837031    
     23000     400       1      15       8    15955.80       -3.774019    
     24000     410       1      15       9    16354.69       -3.829906    
     25000     394       1      15       9    15716.46       -3.890573    
     26000     372       1      15       9    14838.89       -3.767534    
     27000     391       1      15      10    15596.79       -3.835082    
     28000     399       1      15      10    15915.91       -3.759934    
     29000     368       1      15      10    14679.33       -3.681048    
     30000     408       1      15      11    16274.91       -3.762437    
     31000     412       1      15      11    16434.47       -3.758102    
     32000     407       1      15      11    16235.02       -3.957033    
     33000     413       1      15      12    16474.36       -3.832058    
     34000     367       1      15      12    14639.44       -3.822139    
     35000     407       1      15      13    16235.02       -3.806421    
     36000     384       1      15      13    15317.56       -3.795449    
     37000     412       1      15      13    16434.47       -3.882648    
     38000     386       1      15      14    15397.34       -3.830044    
     39000     415       1      15      14    16554.14       -3.946257    
     40000     404       1      15      15    16115.35       -4.015077    
     41000     392       1      15      15    15636.68       -3.979569    
     42000     412       1      15      15    16434.47       -3.715645    
     43000     368       1      15      16    14679.33       -3.727117    
     44000     408       1      15      16    16274.91       -3.848148    
     45000     399       1      15      16    15915.91       -3.800223    
     46000     401       1      15      17    15995.69       -3.825543    
     47000     412       1      15      17    16434.47       -3.897393    
     48000     400       1      15      18    15955.80       -3.863939    
     49000     400       1      15      18    15955.80       -3.776359    
     50000     390       1      15      18    15556.90       -3.774964    
     51000     389       1      15      19    15517.01       -3.726588    
     52000     393       1      15      19    15676.57       -3.726200    
     53000     380       1      15      19    15158.01       -3.805748    
     54000     378       1      15      20    15078.23       -3.775359    
     55000     367       1      15      20    14639.44       -3.599657    
     56000     408       1      15      20    16274.91       -3.623669    
     57000     407       1      15      21    16235.02       -3.827694    
     58000     371       1      15      21    14799.00       -3.654105    
     59000     403       1      15      21    16075.47       -3.804322    
     60000     370       1      15      22    14759.11       -3.548239    
     61000     393       1      15      22    15676.57       -3.781558    
     62000     379       1      15      23    15118.12       -3.554533    
     63000     367       1      15      23    14639.44       -3.611256    
     64000     386       1      15      23    15397.34       -3.725363    
     65000     411       1      15      24    16394.58       -3.815473    
     66000     384       1      15      24    15317.56       -3.635071    
     67000     414       1      15      24    16514.25       -3.806149    
     68000     387       1      15      25    15437.23       -3.679729    
     69000     377       1      15      25    15038.34       -3.569197    
     70000     369       1      15      26    14719.22       -3.485694    
     71000     402       1      15      26    16035.58       -3.472429    
     72000     389       1      15      26    15517.01       -3.467280    
     73000     383       1      15      27    15277.68       -3.499560    
     74000     379       1      15      27    15118.12       -3.349612    
     75000     369       1      15      28    14719.22       -3.630773    
     76000     392       1      15      28    15636.68       -3.448886    
     77000     400       1      15      28    15955.80       -3.651648    
     78000     389       1      15      29    15517.01       -3.512049    
     79000     412       1      15      29    16434.47       -3.599494    
     80000     410       1      15      30    16354.69       -3.607268    
     81000     403       1      15      30    16075.47       -3.426057    
     82000     408       1      15      30    16274.91       -3.595596    
     83000     408       1      15      31    16274.91       -3.408677    
     84000     392       1      15      31    15636.68       -3.394317    
     85000     410       1      15      32    16354.69       -3.646303    
     86000     395       1      15      32    15756.35       -3.465701    
     87000     414       1      15      32    16514.25       -3.435338    
     88000     412       1      15      33    16434.47       -3.499128    
     89000     385       1      15      33    15357.45       -3.446448    
     90000     399       1      15      34    15915.91       -3.430847    
     91000     392       1      15      34    15636.68       -3.502004    
     92000     396       1      15      34    15796.24       -3.541870    
     93000     369       1      15      35    14719.22       -3.446106    
     94000     414       1      15      35    16514.25       -3.475339    
     95000     410       1      15      35    16354.69       -3.545970    
     96000     383       1      15      36    15277.68       -3.519436    
     97000     413       1      15      36    16474.36       -3.581728    
     98000     412       1      15      37    16434.47       -3.507661    
     99000     409       1      15      37    16314.80       -3.533984    
    100000     415       1      15      37    16554.14       -3.640580    
    101000     390       1      15      38    15556.90       -3.438879    
    102000     385       1      15      38    15357.45       -3.685379    
    103000     409       1      15      39    16314.80       -3.676255    
    104000     379       1      15      39    15118.12       -3.491288    
    105000     403       1      15      39    16075.47       -3.588271    
    106000     386       1      15      40    15397.34       -3.450837    
    107000     395       1      15      40    15756.35       -3.525748    
    108000     403       1      15      41    16075.47       -3.395565    
    109000     393       1      15      41    15676.57       -3.563211    
    110000     367       1      15      41    14639.44       -3.594640    
    111000     397       1      15      42    15836.13       -3.350294    
    112000     404       1      15      42    16115.35       -3.505669    
    113000     389       1      15      42    15517.01       -3.352029    
    114000     394       1      15      43    15716.46       -3.414442    
    115000     401       1      15      43    15995.69       -3.532386    
    116000     371       1      15      43    14799.00       -3.487692    
    117000     407       1      15      44    16235.02       -3.478291    
    118000     373       1      15      44    14878.78       -3.465672    
    119000     407       1      15      45    16235.02       -3.481777    
    120000     368       1      15      45    14679.33       -3.436414    
    121000     395       1      15      45    15756.35       -3.461031    
    122000     412       1      15      46    16434.47       -3.608934    
    123000     373       1      15      46    14878.78       -3.411531    
    124000     400       1      15      46    15955.80       -3.540963    
    125000     377       1      15      47    15038.34       -3.376198    
    126000     380       1      15      47    15158.01       -3.527652    
    127000     388       1      15      47    15477.12       -3.609700    
    128000     380       1      15      48    15158.01       -3.475568    
    129000     411       1      15      48    16394.58       -3.555277    
    130000     374       1      15      49    14918.67       -3.405140    
    131000     407       1      15      49    16235.02       -3.444773    
    132000     383       1      15      49    15277.68       -3.563915    
    133000     382       1      15      50    15237.79       -3.459752    
    134000     410       1      15      50    16354.69       -3.472270    
    135000     372       1      15      50    14838.89       -3.762203    
    136000     375       1      15      51    14958.56       -3.694662    
    137000     415       1      15      51    16554.14       -3.631313    
    138000     401       1      15      51    15995.69       -3.506946    
    139000     409       1      15      52    16314.80       -3.412303    
    140000     411       1      15      52    16394.58       -3.560879    
    141000     385       1      15      52    15357.45       -3.576424    
    142000     372       1      15      53    14838.89       -3.508695    
    143000     395       1      15      53    15756.35       -3.545444    
    144000     398       1      15      53    15876.02       -3.546513    
    145000     388       1      15      54    15477.12       -3.630687    
    146000     407       1      15      54    16235.02       -3.636785    
    147000     383       1      15      55    15277.68       -3.419717    
    148000     381       1      15      55    15197.90       -3.528432    
    149000     415       1      15      55    16554.14       -3.403880    
    150000     376       1      15      56    14998.45       -3.549747    
    151000     407       1      15      56    16235.02       -3.513989    
    152000     399       1      15      56    15915.91       -3.488741    
    153000     377       1      15      57    15038.34       -3.399804    
    154000     398       1      15      57    15876.02       -3.647682    
    155000     387       1      15      57    15437.23       -3.480943    
    156000     411       1      15      58    16394.58       -3.681030    
    157000     397       1      15      58    15836.13       -3.589937    
    158000     404       1      15      59    16115.35       -3.609998    
    159000     402       1      15      59    16035.58       -3.505740    
    160000     386       1      15      59    15397.34       -3.354850    
    161000     386       1      15      60    15397.34       -3.535229    
    162000     386       1      15      60    15397.34       -3.175699    
    163000     409       1      15      60    16314.80       -3.391992    
    164000     373       1      15      61    14878.78       -3.438350    
    165000     391       1      15      61    15596.79       -3.553025    
    166000     399       1      15      61    15915.91       -3.685230    
    167000     387       1      15      62    15437.23       -3.549761    
    168000     404       1      15      62    16115.35       -3.577892    
    169000     367       1      15      63    14639.44       -3.545273    
    170000     415       1      15      63    16554.14       -3.631385    
    171000     414       1      15      63    16514.25       -3.559706    
    172000     411       1      15      64    16394.58       -3.538443    
    173000     409       1      15      64    16314.80       -3.524787    
    174000     391       1      15      64    15596.79       -3.485710    
    175000     403       1      15      65    16075.47       -3.544745    
    176000     390       1      15      65    15556.90       -3.461815    
    177000     415       1      15      65    16554.14       -3.456432    
    178000     415       1      15      66    16554.14       -3.396985    
    179000     395       1      15      66    15756.35       -3.453061    
    180000     408       1      15      67    16274.91       -3.554502    
    181000     411       1      15      67    16394.58       -3.604605    
    182000     407       1      15      67    16235.02       -3.485899    
    183000     410       1      15      68    16354.69       -3.561734    
    184000     406       1      15      68    16195.13       -3.590003    
    185000     381       1      15      69    15197.90       -3.460384    
    186000     383       1      15      69    15277.68       -3.591236    
    187000     410       1      15      69    16354.69       -3.518486    
    188000     408       1      15      70    16274.91       -3.609065    
    189000     381       1      15      70    15197.90       -3.482021    
    190000     370       1      15      70    14759.11       -3.310752    
    191000     408       1      15      71    16274.91       -3.546196    
    192000     382       1      15      71    15237.79       -3.433614    
    193000     399       1      15      72    15915.91       -3.424169    
    194000     403       1      15      72    16075.47       -3.580471    
    195000     404       1      15      73    16115.35       -3.468162    
    196000     415       1      15      73    16554.14       -3.463079    
    197000     381       1      15      73    15197.90       -3.388562    
    198000     377       1      15      74    15038.34       -3.622140    
    199000     387       1      15      74    15437.23       -3.506683    
    200000     383       1      15      75    15277.68       -3.427674    
    201000     396       1      15      75    15796.24       -3.556684    
    202000     375       1      15      75    14958.56       -3.577109    
    203000     410       1      15      76    16354.69       -3.647196    
    204000     369       1      15      76    14719.22       -3.473118    
    205000     410       1      15      77    16354.69       -3.536629    
    206000     408       1      15      77    16274.91       -3.503947    
    207000     396       1      15      77    15796.24       -3.527326    
    208000     380       1      15      78    15158.01       -3.511192    
    209000     401       1      15      78    15995.69       -3.577305    
    210000     387       1      15      79    15437.23       -3.507680    
    211000     383       1      15      79    15277.68       -3.469852    
    212000     405       1      15      79    16155.24       -3.464919    
    213000     410       1      15      80    16354.69       -3.611515    
    214000     382       1      15      80    15237.79       -3.501568    
    215000     400       1      15      81    15955.80       -3.518816    
    216000     388       1      15      81    15477.12       -3.539217    
    217000     388       1      15      81    15477.12       -3.403098    
    218000     397       1      15      82    15836.13       -3.632125    
    219000     410       1      15      82    16354.69       -3.593518    
    220000     400       1      15      83    15955.80       -3.615836    
    221000     384       1      15      83    15317.56       -3.313656    
    222000     387       1      15      83    15437.23       -3.455148    
    223000     415       1      15      84    16554.14       -3.415329    
    224000     368       1      15      84    14679.33       -3.436173    
    225000     371       1      15      84    14799.00       -3.460982    
    226000     373       1      15      85    14878.78       -3.584372    
    227000     367       1      15      85    14639.44       -3.496213    
    228000     375       1      15      86    14958.56       -3.641588    
    229000     385       1      15      86    15357.45       -3.451730    
    230000     382       1      15      86    15237.79       -3.639982    
    231000     384       1      15      87    15317.56       -3.362075    
    232000     412       1      15      87    16434.47       -3.409424    
    233000     415       1      15      87    16554.14       -3.448187    
    234000     411       1      15      88    16394.58       -3.514867    
    235000     398       1      15      88    15876.02       -3.622714    
    236000     368       1      15      88    14679.33       -3.492843    
    237000     377       1      15      89    15038.34       -3.632336    
    238000     386       1      15      89    15397.34       -3.446581    
    239000     370       1      15      89    14759.11       -3.594475    
    240000     404       1      15      90    16115.35       -3.579368    
    241000     405       1      15      90    16155.24       -3.566153    
    242000     395       1      15      90    15756.35       -3.637667    
    243000     388       1      15      91    15477.12       -3.404085    
    244000     401       1      15      91    15995.69       -3.543052    
    245000     406       1      15      92    16195.13       -3.433216    
    246000     403       1      15      92    16075.47       -3.696180    
    247000     395       1      15      92    15756.35       -3.593340    
    248000     372       1      15      93    14838.89       -3.472035    
    249000     404       1      15      93    16115.35       -3.601070    
    250000     388       1      15      93    15477.12       -3.489798    
    251000     399       1      15      94    15915.91       -3.394881    
    252000     388       1      15      94    15477.12       -3.416465    
    253000     387       1      15      95    15437.23       -3.586231    
    254000     371       1      15      95    14799.00       -3.455364    
    255000     390       1      15      95    15556.90       -3.541300    
    256000     395       1      15      96    15756.35       -3.576224    
    257000     394       1      15      96    15716.46       -3.416728    
    258000     412       1      15      96    16434.47       -3.287745    
    259000     393       1      15      97    15676.57       -3.461246    
    260000     408       1      15      97    16274.91       -3.455747    
    261000     393       1      15      98    15676.57       -3.529657    
    262000     414       1      15      98    16514.25       -3.460259    
    263000     367       1      15      98    14639.44       -3.403051    
    264000     370       1      15      99    14759.11       -3.572934    
    265000     377       1      15      99    15038.34       -3.421238    
    266000     385       1      15      99    15357.45       -3.403896    
    267000     400       1      15     100    15955.80       -3.419554    
    268000     396       1      15     100    15796.24       -3.442058    
    269000     382       1      15     100    15237.79       -3.551797    
    270000     395       1      15     101    15756.35       -3.358167    
    271000     368       1      15     101    14679.33       -3.418986    
    272000     406       1      15     101    16195.13       -3.553415    
    273000     393       1      15     102    15676.57       -3.532784    
    274000     391       1      15     102    15596.79       -3.465096    
    275000     413       1      15     102    16474.36       -3.542247    
    276000     384       1      15     103    15317.56       -3.483014    
    277000     370       1      15     103    14759.11       -3.444100    
    278000     368       1      15     104    14679.33       -3.447826    
    279000     409       1      15     104    16314.80       -3.621515    
    280000     379       1      15     104    15118.12       -3.574910    
    281000     367       1      15     105    14639.44       -3.520543    
    282000     371       1      15     105    14799.00       -3.576510    
    283000     396       1      15     105    15796.24       -3.537272    
    284000     388       1      15     106    15477.12       -3.426605    
    285000     406       1      15     106    16195.13       -3.410786    
    286000     414       1      15     107    16514.25       -3.537152    
    287000     369       1      15     107    14719.22       -3.503946    
    288000     375       1      15     107    14958.56       -3.382745    
    289000     397       1      15     108    15836.13       -3.511392    
    290000     388       1      15     108    15477.12       -3.589458    
    291000     375       1      15     109    14958.56       -3.380311    
    292000     402       1      15     109    16035.58       -3.446113    
    293000     374       1      15     109    14918.67       -3.531962    
    294000     415       1      15     110    16554.14       -3.587247    
    295000     388       1      15     110    15477.12       -3.390308    
    296000     414       1      15     110    16514.25       -3.623267    
    297000     405       1      15     111    16155.24       -3.714756    
    298000     414       1      15     111    16514.25       -3.607905    
    299000     402       1      15     112    16035.58       -3.563956    
    300000     388       1      15     112    15477.12       -3.565044    
    301000     389       1      15     112    15517.01       -3.593848    
    302000     411       1      15     113    16394.58       -3.610417    
    303000     367       1      15     113    14639.44       -3.400735    
    304000     387       1      15     114    15437.23       -3.514581    
    305000     393       1      15     114    15676.57       -3.598241    
    306000     383       1      15     114    15277.68       -3.447019    
    307000     404       1      15     115    16115.35       -3.489707    
    308000     390       1      15     115    15556.90       -3.484616    
    309000     393       1      15     116    15676.57       -3.605879    
    310000     408       1      15     116    16274.91       -3.595590    
    311000     409       1      15     116    16314.80       -3.349188    
    312000     411       1      15     117    16394.58       -3.521919    
    313000     398       1      15     117    15876.02       -3.523885    
    314000     380       1      15     117    15158.01       -3.338892    
    315000     389       1      15     118    15517.01       -3.482097    
    316000     384       1      15     118    15317.56       -3.524518    
    317000     401       1      15     119    15995.69       -3.402543    
    318000     408       1      15     119    16274.91       -3.494121    
    319000     404       1      15     119    16115.35       -3.472223    
    320000     382       1      15     120    15237.79       -3.523479    
    321000     372       1      15     120    14838.89       -3.588627    
    322000     406       1      15     120    16195.13       -3.397656    
    323000     414       1      15     121    16514.25       -3.550296    
    324000     400       1      15     121    15955.80       -3.543642    
    325000     411       1      15     122    16394.58       -3.471473    
    326000     372       1      15     122    14838.89       -3.438726    
    327000     408       1      15     122    16274.91       -3.529092    
    328000     408       1      15     123    16274.91       -3.531586    
    329000     402       1      15     123    16035.58       -3.518644    
    330000     414       1      15     123    16514.25       -3.495094    
    331000     397       1      15     124    15836.13       -3.644680    
    332000     370       1      15     124    14759.11       -3.378636    
    333000     404       1      15     124    16115.35       -3.493877    
    334000     392       1      15     125    15636.68       -3.519722    
    335000     397       1      15     125    15836.13       -3.367473    
    336000     405       1      15     125    16155.24       -3.450082    
    337000     407       1      15     126    16235.02       -3.444331    
    338000     385       1      15     126    15357.45       -3.482695    
    339000     405       1      15     126    16155.24       -3.523738    
    340000     372       1      15     127    14838.89       -3.341138    
    341000     414       1      15     127    16514.25       -3.414883    
    342000     382       1      15     127    15237.79       -3.494938    
    343000     406       1      15     128    16195.13       -3.454428    
    344000     368       1      15     128    14679.33       -3.409219    
    345000     390       1      15     129    15556.90       -3.427616    
    346000     399       1      15     129    15915.91       -3.568516    
    347000     381       1      15     129    15197.90       -3.428162    
    348000     412       1      15     130    16434.47       -3.518976    
    349000     386       1      15     130    15397.34       -3.518206    
    350000     371       1      15     130    14799.00       -3.526378    
    351000     378       1      15     131    15078.23       -3.494386    
    352000     390       1      15     131    15556.90       -3.411668    
    353000     404       1      15     131    16115.35       -3.574511    
    354000     413       1      15     132    16474.36       -3.434369    
    355000     411       1      15     132    16394.58       -3.610701    
    356000     390       1      15     133    15556.90       -3.479935    
    357000     379       1      15     133    15118.12       -3.518325    
    358000     414       1      15     133    16514.25       -3.374799    
    359000     376       1      15     134    14998.45       -3.632852    
    360000     404       1      15     134    16115.35       -3.609524    
    361000     411       1      15     134    16394.58       -3.521062    
    362000     408       1      15     135    16274.91       -3.573324    
    363000     376       1      15     135    14998.45       -3.429563    
    364000     388       1      15     135    15477.12       -3.539564    
    365000     412       1      15     136    16434.47       -3.668307    
    366000     373       1      15     136    14878.78       -3.540247    
    367000     398       1      15     137    15876.02       -3.560132    
    368000     402       1      15     137    16035.58       -3.475458    
    369000     413       1      15     137    16474.36       -3.543293    
    370000     397       1      15     138    15836.13       -3.556102    
    371000     391       1      15     138    15596.79       -3.508906    
    372000     367       1      15     139    14639.44       -3.519424    
    373000     410       1      15     139    16354.69       -3.527204    
    374000     373       1      15     139    14878.78       -3.361097    
    375000     398       1      15     140    15876.02       -3.717397    
    376000     400       1      15     140    15955.80       -3.432259    
    377000     399       1      15     141    15915.91       -3.635667    
    378000     414       1      15     141    16514.25       -3.453994    
    379000     378       1      15     141    15078.23       -3.590398    
    380000     384       1      15     142    15317.56       -3.526177    
    381000     375       1      15     142    14958.56       -3.451822    
    382000     411       1      15     142    16394.58       -3.584354    
    383000     371       1      15     143    14799.00       -3.600161    
    384000     381       1      15     143    15197.90       -3.567859    
    385000     392       1      15     144    15636.68       -3.446624    
    386000     402       1      15     144    16035.58       -3.344651    
    387000     370       1      15     144    14759.11       -3.344260    
    388000     414       1      15     145    16514.25       -3.573508    
    389000     409       1      15     145    16314.80       -3.584377    
    390000     381       1      15     146    15197.90       -3.508000    
    391000     414       1      15     146    16514.25       -3.616546    
    392000     393       1      15     146    15676.57       -3.578530    
    393000     377       1      15     147    15038.34       -3.425006    
    394000     395       1      15     147    15756.35       -3.531490    
    395000     403       1      15     148    16075.47       -3.561414    
    396000     397       1      15     148    15836.13       -3.470588    
    397000     406       1      15     149    16195.13       -3.480965    
    398000     403       1      15     149    16075.47       -3.528183    
    399000     376       1      15     149    14998.45       -3.515773    
    400000     412       1      15     150    16434.47       -3.485242    
    401000     368       1      15     150    14679.33       -3.624831    
    402000     415       1      15     150    16554.14       -3.514596    
    403000     388       1      15     151    15477.12       -3.442745    
    404000     393       1      15     151    15676.57       -3.397441    
    405000     383       1      15     152    15277.68       -3.429551    
    406000     386       1      15     152    15397.34       -3.362664    
    407000     398       1      15     152    15876.02       -3.600695    
    408000     380       1      15     153    15158.01       -3.603968    
    409000     372       1      15     153    14838.89       -3.449936    
    410000     412       1      15     153    16434.47       -3.590737    
    411000     399       1      15     154    15915.91       -3.486238    
    412000     377       1      15     154    15038.34       -3.529917    
    413000     405       1      15     155    16155.24       -3.498498    
    414000     411       1      15     155    16394.58       -3.512261    
    415000     368       1      15     155    14679.33       -3.519241    
    416000     415       1      15     156    16554.14       -3.659394    
    417000     414       1      15     156    16514.25       -3.631975    
    418000     411       1      15     156    16394.58       -3.596107    
    419000     368       1      15     157    14679.33       -3.475372    
    420000     407       1      15     157    16235.02       -3.265865    
    421000     394       1      15     158    15716.46       -3.607837    
    422000     373       1      15     158    14878.78       -3.556098    
    423000     411       1      15     158    16394.58       -3.489691    
    424000     375       1      15     159    14958.56       -3.522993    
    425000     413       1      15     159    16474.36       -3.481943    
    426000     397       1      15     159    15836.13       -3.450320    
    427000     400       1      15     160    15955.80       -3.470765    
    428000     385       1      15     160    15357.45       -3.401040    
    429000     401       1      15     161    15995.69       -3.530967    
    430000     399       1      15     161    15915.91       -3.505392    
    431000     393       1      15     161    15676.57       -3.482717    
    432000     370       1      15     162    14759.11       -3.441846    
    433000     404       1      15     162    16115.35       -3.605942    
    434000     374       1      15     163    14918.67       -3.483443    
    435000     404       1      15     163    16115.35       -3.487664    
    436000     389       1      15     163    15517.01       -3.552577    
    437000     384       1      15     164    15317.56       -3.497628    
    438000     367       1      15     164    14639.44       -3.123661    
    439000     392       1      15     164    15636.68       -3.587656    
    440000     384       1      15     165    15317.56       -3.520537    
    441000     414       1      15     165    16514.25       -3.458031    
    442000     372       1      15     166    14838.89       -3.414331    
    443000     413       1      15     166    16474.36       -3.649503    
    444000     387       1      15     167    15437.23       -3.512628    
    445000     411       1      15     167    16394.58       -3.483078    
    446000     407       1      15     167    16235.02       -3.466239    
    447000     367       1      15     168    14639.44       -3.278118    
    448000     389       1      15     168    15517.01       -3.389899    
    449000     408       1      15     169    16274.91       -3.702729    
    450000     369       1      15     169    14719.22       -3.434673    
    451000     414       1      15     169    16514.25       -3.488171    
    452000     377       1      15     170    15038.34       -3.425254    
    453000     390       1      15     170    15556.90       -3.409045    
    454000     396       1      15     171    15796.24       -3.378972    
    455000     369       1      15     171    14719.22       -3.408402    
    456000     404       1      15     171    16115.35       -3.442708    
    457000     370       1      15     172    14759.11       -3.451240    
    458000     396       1      15     172    15796.24       -3.495070    
    459000     414       1      15     173    16514.25       -3.480061    
    460000     378       1      15     173    15078.23       -3.559639    
    461000     389       1      15     173    15517.01       -3.537342    
    462000     399       1      15     174    15915.91       -3.425422    
    463000     414       1      15     174    16514.25       -3.412837    
    464000     414       1      15     175    16514.25       -3.611397    
    465000     391       1      15     175    15596.79       -3.521581    
    466000     389       1      15     175    15517.01       -3.483070    
    467000     408       1      15     176    16274.91       -3.592019    
    468000     370       1      15     176    14759.11       -3.576690    
    469000     414       1      15     177    16514.25       -3.582286    
    470000     379       1      15     177    15118.12       -3.484965    
    471000     386       1      15     177    15397.34       -3.483815    
    472000     414       1      15     178    16514.25       -3.499981    
    473000     398       1      15     178    15876.02       -3.581715    
    474000     391       1      15     179    15596.79       -3.623286    
    475000     376       1      15     179    14998.45       -3.477715    
    476000     409       1      15     179    16314.80       -3.648053    
    477000     390       1      15     180    15556.90       -3.444605    
    478000     386       1      15     180    15397.34       -3.562095    
    479000     391       1      15     181    15596.79       -3.512425    
    480000     386       1      15     181    15397.34       -3.504176    
    481000     384       1      15     181    15317.56       -3.464465    
    482000     395       1      15     182    15756.35       -3.402945    
    483000     402       1      15     182    16035.58       -3.558516    
    484000     410       1      15     182    16354.69       -3.451367    
    485000     409       1      15     183    16314.80       -3.410105    
    486000     415       1      15     183    16554.14       -3.652771    
    487000     373       1      15     184    14878.78       -3.299604    
    488000     410       1      15     184    16354.69       -3.427509    
    489000     373       1      15     184    14878.78       -3.277231    
    490000     407       1      15     185    16235.02       -3.532159    
    491000     409       1      15     185    16314.80       -3.613424    
    492000     374       1      15     185    14918.67       -3.411027    
    493000     382       1      15     186    15237.79       -3.490582    
    494000     386       1      15     186    15397.34       -3.389029    
    495000     376       1      15     187    14998.45       -3.491042    
    496000     399       1      15     187    15915.91       -3.574782    
    497000     377       1      15     187    15038.34       -3.520704    
    498000     388       1      15     188    15477.12       -3.592710    
    499000     378       1      15     188    15078.23       -3.532492    
    500000     415       1      15     188    16554.14       -3.502227    
    501000     389       1      15     189    15517.01       -3.667612    
    502000     396       1      15     189    15796.24       -3.405067    
    503000     405       1      15     190    16155.24       -3.387628    
    504000     415       1      15     190    16554.14       -3.432463    
    505000     396       1      15     190    15796.24       -3.502891    
    506000     373       1      15     191    14878.78       -3.493189    
    507000     401       1      15     191    15995.69       -3.627210    
    508000     370       1      15     191    14759.11       -3.493141    
    509000     403       1      15     192    16075.47       -3.575593    
    510000     372       1      15     192    14838.89       -3.524342    
    511000     385       1      15     192    15357.45       -3.597038    
    512000     388       1      15     193    15477.12       -3.412169    
    513000     410       1      15     193    16354.69       -3.437503    
    514000     395       1      15     194    15756.35       -3.491183    
    515000     397       1      15     194    15836.13       -3.451268    
    516000     413       1      15     194    16474.36       -3.495366    
    517000     394       1      15     195    15716.46       -3.494805    
    518000     378       1      15     195    15078.23       -3.589985    
    519000     400       1      15     195    15955.80       -3.322658    
    520000     395       1      15     196    15756.35       -3.461301    
    521000     403       1      15     196    16075.47       -3.436608    
    522000     387       1      15     197    15437.23       -3.562421    
    523000     410       1      15     197    16354.69       -3.571373    
    524000     375       1      15     197    14958.56       -3.508525    
    525000     378       1      15     198    15078.23       -3.588580    
    526000     415       1      15     198    16554.14       -3.631504    
    527000     376       1      15     199    14998.45       -3.489350    
    528000     401       1      15     199    15995.69       -3.537263    
    529000     408       1      15     199    16274.91       -3.441958    
    530000     403       1      15     200    16075.47       -3.611934    
    531000     394       1      15     200    15716.46       -3.546472    
    532000     375       1      15     201    14958.56       -3.573657    
    533000     373       1      15     201    14878.78       -3.588984    
    534000     385       1      15     201    15357.45       -3.601393    
    535000     382       1      15     202    15237.79       -3.475659    
    536000     410       1      15     202    16354.69       -3.534834    
    537000     412       1      15     203    16434.47       -3.551710    
    538000     375       1      15     203    14958.56       -3.438461    
    539000     399       1      15     203    15915.91       -3.496663    
    540000     413       1      15     204    16474.36       -3.580754    
    541000     372       1      15     204    14838.89       -3.530957    
    542000     400       1      15     204    15955.80       -3.427868    
    543000     380       1      15     205    15158.01       -3.568087    
    544000     376       1      15     205    14998.45       -3.397096    
    545000     380       1      15     206    15158.01       -3.529074    
    546000     414       1      15     206    16514.25       -3.616995    
    547000     402       1      15     206    16035.58       -3.508094    
    548000     375       1      15     207    14958.56       -3.409698    
    549000     386       1      15     207    15397.34       -3.520754    
    550000     407       1      15     207    16235.02       -3.444694    
    551000     380       1      15     208    15158.01       -3.613955    
    552000     411       1      15     208    16394.58       -3.536639    
    553000     381       1      15     208    15197.90       -3.468425    
    554000     412       1      15     209    16434.47       -3.556253    
    555000     413       1      15     209    16474.36       -3.435967    
    556000     409       1      15     210    16314.80       -3.603409    
    557000     384       1      15     210    15317.56       -3.551274    
    558000     403       1      15     210    16075.47       -3.463210    
    559000     407       1      15     211    16235.02       -3.620106    
    560000     372       1      15     211    14838.89       -3.411607    
    561000     374       1      15     211    14918.67       -3.401976    
    562000     368       1      15     212    14679.33       -3.315287    
    563000     390       1      15     212    15556.90       -3.504847    
    564000     372       1      15     212    14838.89       -3.507368    
    565000     406       1      15     213    16195.13       -3.689413    
    566000     396       1      15     213    15796.24       -3.580829    
    567000     413       1      15     214    16474.36       -3.437278    
    568000     397       1      15     214    15836.13       -3.411732    
    569000     386       1      15     214    15397.34       -3.421329    
    570000     382       1      15     215    15237.79       -3.577132    
    571000     390       1      15     215    15556.90       -3.434151    
    572000     414       1      15     215    16514.25       -3.382571    
    573000     389       1      15     216    15517.01       -3.486811    
    574000     383       1      15     216    15277.68       -3.474921    
    575000     385       1      15     217    15357.45       -3.396326    
    576000     395       1      15     217    15756.35       -3.485353    
    577000     406       1      15     217    16195.13       -3.595219    
    578000     385       1      15     218    15357.45       -3.514106    
    579000     383       1      15     218    15277.68       -3.565504    
    580000     401       1      15     218    15995.69       -3.595004    
    581000     384       1      15     219    15317.56       -3.306420    
    582000     385       1      15     219    15357.45       -3.446846    
    583000     391       1      15     219    15596.79       -3.500254    
    584000     367       1      15     220    14639.44       -3.319165    
    585000     397       1      15     220    15836.13       -3.440184    
    586000     415       1      15     220    16554.14       -3.631787    
    587000     414       1      15     221    16514.25       -3.544558    
    588000     377       1      15     221    15038.34       -3.505765    
    589000     405       1      15     221    16155.24       -3.477357    
    590000     395       1      15     222    15756.35       -3.428672    
    591000     375       1      15     222    14958.56       -3.396654    
    592000     409       1      15     223    16314.80       -3.499021    
    593000     411       1      15     223    16394.58       -3.592235    
    594000     397       1      15     223    15836.13       -3.588285    
    595000     412       1      15     224    16434.47       -3.676411    
    596000     386       1      15     224    15397.34       -3.449566    
    597000     380       1      15     224    15158.01       -3.498467    
    598000     412       1      15     225    16434.47       -3.626045    
    599000     368       1      15     225    14679.33       -3.509422    
    600000     387       1      15     225    15437.23       -3.626761    
    601000     415       1      15     226    16554.14       -3.624563    
    602000     411       1      15     226    16394.58       -3.633859    
    603000     415       1      15     227    16554.14       -3.425663    
    604000     401       1      15     227    15995.69       -3.563622    
    605000     383       1      15     227    15277.68       -3.577090    
    606000     407       1      15     228    16235.02       -3.555383    
    607000     396       1      15     228    15796.24       -3.444288    
    608000     407       1      15     228    16235.02       -3.476872    
    609000     389       1      15     229    15517.01       -3.336508    
    610000     410       1      15     229    16354.69       -3.477003    
    611000     415       1      15     229    16554.14       -3.721956    
    612000     406       1      15     230    16195.13       -3.711448    
    613000     382       1      15     230    15237.79       -3.457632    
    614000     373       1      15     230    14878.78       -3.442608    
    615000     413       1      15     231    16474.36       -3.544909    
    616000     374       1      15     231    14918.67       -3.412657    
    617000     414       1      15     231    16514.25       -3.463953    
    618000     415       1      15     232    16554.14       -3.392590    
    619000     403       1      15     232    16075.47       -3.511713    
    620000     406       1      15     233    16195.13       -3.582709    
    621000     386       1      15     233    15397.34       -3.583472    
    622000     377       1      15     233    15038.34       -3.478259    
    623000     412       1      15     234    16434.47       -3.430125    
    624000     401       1      15     234    15995.69       -3.601385    
    625000     401       1      15     234    15995.69       -3.559805    
    626000     414       1      15     235    16514.25       -3.504740    
    627000     369       1      15     235    14719.22       -3.421740    
    628000     411       1      15     235    16394.58       -3.593447    
    629000     388       1      15     236    15477.12       -3.580594    
    630000     408       1      15     236    16274.91       -3.411445    
    631000     405       1      15     237    16155.24       -3.524434    
    632000     382       1      15     237    15237.79       -3.529003    
    633000     406       1      15     237    16195.13       -3.429780    
    634000     368       1      15     238    14679.33       -3.403912    
    635000     398       1      15     238    15876.02       -3.437470    
    636000     411       1      15     238    16394.58       -3.541041    
    637000     396       1      15     239    15796.24       -3.545703    
    638000     398       1      15     239    15876.02       -3.625869    
    639000     406       1      15     239    16195.13       -3.448496    
    640000     411       1      15     240    16394.58       -3.480386    
    641000     391       1      15     240    15596.79       -3.528948    
    642000     386       1      15     241    15397.34       -3.448812    
    643000     412       1      15     241    16434.47       -3.401556    
    644000     382       1      15     241    15237.79       -3.482793    
    645000     389       1      15     242    15517.01       -3.271065    
    646000     386       1      15     242    15397.34       -3.514273    
    647000     379       1      15     243    15118.12       -3.485570    
    648000     405       1      15     243    16155.24       -3.534590    
    649000     378       1      15     244    15078.23       -3.673182    
    650000     397       1      15     244    15836.13       -3.580260    
    651000     409       1      15     244    16314.80       -3.601715    
    652000     387       1      15     245    15437.23       -3.576701    
    653000     393       1      15     245    15676.57       -3.562452    
    654000     397       1      15     246    15836.13       -3.621967    
    655000     415       1      15     246    16554.14       -3.480483    
    656000     380       1      15     246    15158.01       -3.439368    
    657000     400       1      15     247    15955.80       -3.548267    
    658000     386       1      15     247    15397.34       -3.492443    
    659000     391       1      15     248    15596.79       -3.639077    
    660000     401       1      15     248    15995.69       -3.548313    
    661000     399       1      15     248    15915.91       -3.550264    
    662000     367       1      15     249    14639.44       -3.398639    
    663000     380       1      15     249    15158.01       -3.535188    
    664000     407       1      15     249    16235.02       -3.420449    
    665000     408       1      15     250    16274.91       -3.352497    
    666000     384       1      15     250    15317.56       -3.444094    
    667000     380       1      15     250    15158.01       -3.558877    
    668000     377       1      15     251    15038.34       -3.508673    
    669000     388       1      15     251    15477.12       -3.529165    
    670000     385       1      15     251    15357.45       -3.588903    
    671000     379       1      15     252    15118.12       -3.511184    
    672000     371       1      15     252    14799.00       -3.458980    
    673000     375       1      15     252    14958.56       -3.482332    
    674000     391       1      15     253    15596.79       -3.557575    
    675000     413       1      15     253    16474.36       -3.628918    
    676000     380       1      15     254    15158.01       -3.580748    
    677000     377       1      15     254    15038.34       -3.382138    
    678000     377       1      15     254    15038.34       -3.333329    
    679000     415       1      15     255    16554.14       -3.613604    
    680000     413       1      15     255    16474.36       -3.576466    
    681000     377       1      15     255    15038.34       -3.424751    
    682000     397       1      15     256    15836.13       -3.479950    
    683000     413       1      15     256    16474.36       -3.485103    
    684000     404       1      15     256    16115.35       -3.580685    
    685000     385       1      15     257    15357.45       -3.488187    
    686000     408       1      15     257    16274.91       -3.533224    
    687000     411       1      15     257    16394.58       -3.507698    
    688000     407       1      15     258    16235.02       -3.479851    
    689000     383       1      15     258    15277.68       -3.536864    
    690000     399       1      15     259    15915.91       -3.532417    
    691000     386       1      15     259    15397.34       -3.624498    
    692000     397       1      15     259    15836.13       -3.439592    
    693000     412       1      15     260    16434.47       -3.694576    
    694000     408       1      15     260    16274.91       -3.641884    
    695000     370       1      15     260    14759.11       -3.494198    
    696000     394       1      15     261    15716.46       -3.387173    
    697000     402       1      15     261    16035.58       -3.516126    
    698000     401       1      15     261    15995.69       -3.438157    
    699000     379       1      15     262    15118.12       -3.451946    
    700000     377       1      15     262    15038.34       -3.554698    
    701000     374       1      15     262    14918.67       -3.470521    
    702000     384       1      15     263    15317.56       -3.437483    
    703000     415       1      15     263    16554.14       -3.615819    
    704000     409       1      15     263    16314.80       -3.515946    
    705000     409       1      15     264    16314.80       -3.465153    
    706000     409       1      15     264    16314.80       -3.381653    
    707000     412       1      15     265    16434.47       -3.558064    
    708000     399       1      15     265    15915.91       -3.366646    
    709000     373       1      15     265    14878.78       -3.570408    
    710000     392       1      15     266    15636.68       -3.532905    
    711000     373       1      15     266    14878.78       -3.443139    
    712000     393       1      15     266    15676.57       -3.498420    
    713000     387       1      15     267    15437.23       -3.469011    
    714000     369       1      15     267    14719.22       -3.320946    
    715000     380       1      15     267    15158.01       -3.512789    
    716000     390       1      15     268    15556.90       -3.477357    
    717000     387       1      15     268    15437.23       -3.480605    
    718000     392       1      15     268    15636.68       -3.531477    
    719000     392       1      15     269    15636.68       -3.624802    
    720000     412       1      15     269    16434.47       -3.549551    
    721000     400       1      15     269    15955.80       -3.501140    
    722000     378       1      15     270    15078.23       -3.408660    
    723000     414       1      15     270    16514.25       -3.505226    
    724000     413       1      15     271    16474.36       -3.538495    
    725000     397       1      15     271    15836.13       -3.509561    
    726000     377       1      15     271    15038.34       -3.333555    
    727000     393       1      15     272    15676.57       -3.605593    
    728000     401       1      15     272    15995.69       -3.355691    
    729000     414       1      15     272    16514.25       -3.601351    
    730000     380       1      15     273    15158.01       -3.596927    
    731000     378       1      15     273    15078.23       -3.448732    
    732000     409       1      15     273    16314.80       -3.519554    
    733000     397       1      15     274    15836.13       -3.590768    
    734000     412       1      15     274    16434.47       -3.645049    
    735000     390       1      15     274    15556.90       -3.626610    
    736000     388       1      15     275    15477.12       -3.483476    
    737000     390       1      15     275    15556.90       -3.585200    
    738000     388       1      15     276    15477.12       -3.409525    
    739000     410       1      15     276    16354.69       -3.502208    
    740000     378       1      15     276    15078.23       -3.421894    
    741000     404       1      15     277    16115.35       -3.384693    
    742000     385       1      15     277    15357.45       -3.440122    
    743000     410       1      15     277    16354.69       -3.611560    
    744000     400       1      15     278    15955.80       -3.277609    
    745000     398       1      15     278    15876.02       -3.489977    
    746000     414       1      15     278    16514.25       -3.463998    
    747000     409       1      15     279    16314.80       -3.594662    
    748000     396       1      15     279    15796.24       -3.730506    
    749000     380       1      15     280    15158.01       -3.530847    
    750000     389       1      15     280    15517.01       -3.531793    
    751000     376       1      15     280    14998.45       -3.471079    
    752000     406       1      15     281    16195.13       -3.510293    
    753000     375       1      15     281    14958.56       -3.456450    
    754000     414       1      15     281    16514.25       -3.388758    
    755000     397       1      15     282    15836.13       -3.423717    
    756000     370       1      15     282    14759.11       -3.398986    
    757000     388       1      15     282    15477.12       -3.506621    
    758000     368       1      15     283    14679.33       -3.474255    
    759000     392       1      15     283    15636.68       -3.625890    
    760000     412       1      15     283    16434.47       -3.522065    
    761000     391       1      15     284    15596.79       -3.456541    
    762000     389       1      15     284    15517.01       -3.533493    
    763000     388       1      15     284    15477.12       -3.495799    
    764000     404       1      15     285    16115.35       -3.602053    
    765000     401       1      15     285    15995.69       -3.489969    
    766000     395       1      15     286    15756.35       -3.653369    
    767000     409       1      15     286    16314.80       -3.484566    
    768000     383       1      15     286    15277.68       -3.396583    
    769000     414       1      15     287    16514.25       -3.337567    
    770000     393       1      15     287    15676.57       -3.485741    
    771000     396       1      15     288    15796.24       -3.588313    
    772000     411       1      15     288    16394.58       -3.520105    
    773000     404       1      15     288    16115.35       -3.598581    
    774000     415       1      15     289    16554.14       -3.453837    
    775000     383       1      15     289    15277.68       -3.379845    
    776000     389       1      15     289    15517.01       -3.443837    
    777000     398       1      15     290    15876.02       -3.547061    
    778000     412       1      15     290    16434.47       -3.359619    
    779000     383       1      15     291    15277.68       -3.355874    
    780000     415       1      15     291    16554.14       -3.423684    
    781000     384       1      15     291    15317.56       -3.552906    
    782000     382       1      15     292    15237.79       -3.449518    
    783000     410       1      15     292    16354.69       -3.540242    
    784000     410       1      15     293    16354.69       -3.445798    
    785000     412       1      15     293    16434.47       -3.605958    
    786000     375       1      15     293    14958.56       -3.244709    
    787000     376       1      15     294    14998.45       -3.345955    
    788000     400       1      15     294    15955.80       -3.651428    
    789000     383       1      15     295    15277.68       -3.656525    
    790000     392       1      15     295    15636.68       -3.519520    
    791000     400       1      15     295    15955.80       -3.522461    
    792000     386       1      15     296    15397.34       -3.371060    
    793000     411       1      15     296    16394.58       -3.678528    
    794000     374       1      15     296    14918.67       -3.563922    
    795000     406       1      15     297    16195.13       -3.526798    
    796000     383       1      15     297    15277.68       -3.347003    
    797000     409       1      15     297    16314.80       -3.576099    
    798000     391       1      15     298    15596.79       -3.497863    
    799000     389       1      15     298    15517.01       -3.516722    
    800000     413       1      15     298    16474.36       -3.516939    
    801000     404       1      15     299    16115.35       -3.475892    
    802000     382       1      15     299    15237.79       -3.497621    
    803000     390       1      15     300    15556.90       -3.499921    
    804000     414       1      15     300    16514.25       -3.371517    
    805000     414       1      15     300    16514.25       -3.389535    
    806000     413       1      15     301    16474.36       -3.620357    
    807000     391       1      15     301    15596.79       -3.502407    
    808000     415       1      15     301    16554.14       -3.610741    
    809000     409       1      15     302    16314.80       -3.493070    
    810000     389       1      15     302    15517.01       -3.501885    
    811000     370       1      15     302    14759.11       -3.411315    
    812000     376       1      15     303    14998.45       -3.475931    
    813000     401       1      15     303    15995.69       -3.555217    
    814000     409       1      15     304    16314.80       -3.385024    
    815000     414       1      15     304    16514.25       -3.535036    
    816000     388       1      15     304    15477.12       -3.426062    
    817000     377       1      15     305    15038.34       -3.419581    
    818000     410       1      15     305    16354.69       -3.623615    
    819000     396       1      15     305    15796.24       -3.516103    
    820000     382       1      15     306    15237.79       -3.548744    
    821000     407       1      15     306    16235.02       -3.488911    
    822000     406       1      15     307    16195.13       -3.493408    
    823000     399       1      15     307    15915.91       -3.425604    
    824000     367       1      15     307    14639.44       -3.518406    
    825000     395       1      15     308    15756.35       -3.507143    
    826000     382       1      15     308    15237.79       -3.615797    
    827000     389       1      15     308    15517.01       -3.469365    
    828000     381       1      15     309    15197.90       -3.373013    
    829000     410       1      15     309    16354.69       -3.405080    
    830000     410       1      15     309    16354.69       -3.401045    
    831000     400       1      15     310    15955.80       -3.512538    
    832000     372       1      15     310    14838.89       -3.472170    
    833000     399       1      15     310    15915.91       -3.540128    
    834000     398       1      15     311    15876.02       -3.444713    
    835000     380       1      15     311    15158.01       -3.459536    
    836000     379       1      15     312    15118.12       -3.363792    
    837000     414       1      15     312    16514.25       -3.686664    
    838000     377       1      15     312    15038.34       -3.561550    
    839000     408       1      15     313    16274.91       -3.409402    
    840000     370       1      15     313    14759.11       -3.445353    
    841000     384       1      15     313    15317.56       -3.551616    
    842000     378       1      15     314    15078.23       -3.243481    
    843000     403       1      15     314    16075.47       -3.528254    
    844000     399       1      15     314    15915.91       -3.367670    
    845000     412       1      15     315    16434.47       -3.512975    
    846000     404       1      15     315    16115.35       -3.397824    
    847000     392       1      15     315    15636.68       -3.424503    
    848000     407       1      15     316    16235.02       -3.496039    
    849000     405       1      15     316    16155.24       -3.537595    
    850000     377       1      15     316    15038.34       -3.427545    
    851000     413       1      15     317    16474.36       -3.503545    
    852000     368       1      15     317    14679.33       -3.450140    
    853000     376       1      15     318    14998.45       -3.418579    
    854000     399       1      15     318    15915.91       -3.453414    
    855000     415       1      15     318    16554.14       -3.551961    
    856000     375       1      15     319    14958.56       -3.585358    
    857000     405       1      15     319    16155.24       -3.556421    
    858000     398       1      15     319    15876.02       -3.481942    
    859000     405       1      15     320    16155.24       -3.546279    
    860000     385       1      15     320    15357.45       -3.475175    
    861000     395       1      15     320    15756.35       -3.490588    
    862000     395       1      15     321    15756.35       -3.574670    
    863000     374       1      15     321    14918.67       -3.486817    
    864000     396       1      15     322    15796.24       -3.513725    
    865000     377       1      15     322    15038.34       -3.459242    
    866000     415       1      15     322    16554.14       -3.348051    
    867000     411       1      15     323    16394.58       -3.541298    
    868000     373       1      15     323    14878.78       -3.493714    
    869000     396       1      15     324    15796.24       -3.518032    
    870000     394       1      15     324    15716.46       -3.647222    
    871000     409       1      15     324    16314.80       -3.550489    
    872000     410       1      15     325    16354.69       -3.604143    
    873000     415       1      15     325    16554.14       -3.487588    
    874000     409       1      15     326    16314.80       -3.484769    
    875000     392       1      15     326    15636.68       -3.476035    
    876000     373       1      15     326    14878.78       -3.449365    
    877000     395       1      15     327    15756.35       -3.647007    
    878000     379       1      15     327    15118.12       -3.410503    
    879000     412       1      15     327    16434.47       -3.642646    
    880000     369       1      15     328    14719.22       -3.486726    
    881000     403       1      15     328    16075.47       -3.493672    
    882000     380       1      15     329    15158.01       -3.486140    
    883000     411       1      15     329    16394.58       -3.428758    
    884000     407       1      15     329    16235.02       -3.553792    
    885000     378       1      15     330    15078.23       -3.551553    
    886000     411       1      15     330    16394.58       -3.485498    
    887000     412       1      15     330    16434.47       -3.499355    
    888000     373       1      15     331    14878.78       -3.479637    
    889000     414       1      15     331    16514.25       -3.585222    
    890000     411       1      15     332    16394.58       -3.452913    
    891000     401       1      15     332    15995.69       -3.426344    
    892000     404       1      15     332    16115.35       -3.622090    
    893000     413       1      15     333    16474.36       -3.544614    
    894000     375       1      15     333    14958.56       -3.584292    
    895000     384       1      15     334    15317.56       -3.543693    
    896000     385       1      15     334    15357.45       -3.594554    
    897000     401       1      15     334    15995.69       -3.380371    
    898000     402       1      15     335    16035.58       -3.553661    
    899000     398       1      15     335    15876.02       -3.565514    
    900000     400       1      15     336    15955.80       -3.569920    
    901000     394       1      15     336    15716.46       -3.456437    
    902000     400       1      15     336    15955.80       -3.486605    
    903000     414       1      15     337    16514.25       -3.597500    
    904000     412       1      15     337    16434.47       -3.609508    
    905000     398       1      15     338    15876.02       -3.528396    
    906000     406       1      15     338    16195.13       -3.485742    
    907000     405       1      15     338    16155.24       -3.507655    
    908000     402       1      15     339    16035.58       -3.321940    
    909000     398       1      15     339    15876.02       -3.540214    
    910000     385       1      15     340    15357.45       -3.596427    
    911000     415       1      15     340    16554.14       -3.395949    
    912000     379       1      15     340    15118.12       -3.432790    
    913000     374       1      15     341    14918.67       -3.425355    
    914000     412       1      15     341    16434.47       -3.338014    
    915000     406       1      15     341    16195.13       -3.625646    
    916000     387       1      15     342    15437.23       -3.425391    
    917000     406       1      15     342    16195.13       -3.471416    
    918000     387       1      15     342    15437.23       -3.472633    
    919000     401       1      15     343    15995.69       -3.512066    
    920000     372       1      15     343    14838.89       -3.284693    
    921000     398       1      15     343    15876.02       -3.405695    
    922000     404       1      15     344    16115.35       -3.482309    
    923000     384       1      15     344    15317.56       -3.444505    
    924000     373       1      15     345    14878.78       -3.431341    
    925000     376       1      15     345    14998.45       -3.444307    
    926000     387       1      15     345    15437.23       -3.439680    
    927000     396       1      15     346    15796.24       -3.498593    
    928000     403       1      15     346    16075.47       -3.499834    
    929000     401       1      15     346    15995.69       -3.542945    
    930000     403       1      15     347    16075.47       -3.676797    
    931000     382       1      15     347    15237.79       -3.497292    
    932000     376       1      15     347    14998.45       -3.598504    
    933000     395       1      15     348    15756.35       -3.425125    
    934000     403       1      15     348    16075.47       -3.531946    
    935000     367       1      15     348    14639.44       -3.513991    
    936000     398       1      15     349    15876.02       -3.603214    
    937000     378       1      15     349    15078.23       -3.536408    
    938000     400       1      15     350    15955.80       -3.713191    
    939000     398       1      15     350    15876.02       -3.549171    
    940000     395       1      15     350    15756.35       -3.578025    
    941000     384       1      15     351    15317.56       -3.524653    
    942000     391       1      15     351    15596.79       -3.521359    
    943000     367       1      15     352    14639.44       -3.414246    
    944000     414       1      15     352    16514.25       -3.492948    
    945000     413       1      15     352    16474.36       -3.362048    
    946000     395       1      15     353    15756.35       -3.528309    
    947000     380       1      15     353    15158.01       -3.568225    
    948000     383       1      15     354    15277.68       -3.576252    
    949000     401       1      15     354    15995.69       -3.359780    
    950000     411       1      15     355    16394.58       -3.598260    
    951000     384       1      15     355    15317.56       -3.457702    
    952000     407       1      15     355    16235.02       -3.529518    
    953000     397       1      15     356    15836.13       -3.218389    
    954000     399       1      15     356    15915.91       -3.443106    
    955000     408       1      15     356    16274.91       -3.541899    
    956000     406       1      15     357    16195.13       -3.467160    
    957000     396       1      15     357    15796.24       -3.604479    
    958000     392       1      15     357    15636.68       -3.464339    
    959000     405       1      15     358    16155.24       -3.525314    
    960000     383       1      15     358    15277.68       -3.545855    
    961000     385       1      15     358    15357.45       -3.587448    
    962000     385       1      15     359    15357.45       -3.597938    
    963000     383       1      15     359    15277.68       -3.677043    
