         122           5         122         170
         122   1000.0000000000001     
           0  1162558449          -1           1
  0.14010024    
  0.18760923E-01  0.50000000E-01
   10.000000       25.000000    
   10.000000    

       1       1       1    6.944256594159288        4.927475948720992        1.259529144358645    
       1       1       2    7.318762916470788        5.330369105026461        1.255791413261926    
       2       1       1    7.601728684337318        6.005041506366084        1.077900063860045    
       2       1       2    7.122154431609631        5.736141099957822        1.095623429271583    
       3       1       1    6.417694741179937        5.307318279759339       0.4037250564316711    
       3       1       2    6.035537699576093        5.085990014020614       0.7317582296350028    
       4       1       1    7.074313615631992        4.048994665069664       0.6174829243691510    
       4       1       2    7.170179278293627        3.754131266274864        1.072037474654549    
       5       1       1    7.226353071600387        4.823463375978966       0.3404349949828972E-02
       5       1       2    6.761504749820710        4.557658155075956       0.1297820051778268    
       6       1       1    6.707981745111654        5.640189313773562        9.069131387574890    
       6       1       2    7.037936915046866        5.874575307581917        9.441387594254897    
       7       1       1    8.005769209309065        5.686771918385563        9.143593878409677    
       7       1       2    7.819815061708652        6.196840124088753        9.238974098299016    
       8       1       1    7.620569689067239        6.030324284610850       0.5586615178302188E-01
       8       1       2    8.037651109914458        6.364449132573440       0.1839076574629748    
       9       1       1    6.292874688745742        4.726885434147117        9.114618663019192    
       9       1       2    5.901973304817539        4.515883847205572        9.438352085770720    
      10       1       1    6.610459323889550        6.143306340812033        1.107453903963006    
      10       1       2    6.838244233661205        5.658976216828465       0.9797927651928974    
      11       1       1    6.062214410756394        3.040093079681156       0.9497963966150631    
      11       1       2    5.864226129332960        3.544151346637111       0.8525847236623543    
      12       1       1    6.611091023232325        6.312340186698526        9.999011723687579    
      12       1       2    6.780746772459353        6.428750531662496        9.489009330301197    
      13       1       1    6.272161630432826        6.665472600740081        8.444593250124619    
      13       1       2    6.095156607701038        7.162388457616865        8.289803739350148    
      14       1       1    5.819812600148952        6.671477699576430        9.343991555326609    
      14       1       2    6.209613439841101        6.461090218790874        9.017912389718292    
      15       1       1    5.870437354412752        4.917632823682563        1.810161308473972    
      15       1       2    6.307839888807762        4.974417312763910        1.481367851968383    
      16       1       1    5.730869710984828        5.620074590854125        9.478311566999636    
      16       1       2    5.447217518749560        5.748846994412579        9.931222583803823    
      17       1       1    7.346187682975661        7.311643237334824       0.8081153882783561    
      17       1       2    7.512626546052939        7.388037446396485        1.326955912489803    
      18       1       1    6.285362872688733        4.094602259521902        9.941097109547435    
      18       1       2    6.348941850003356        4.497765826637772       0.3098719246966956    
      19       1       1    5.550898443851125        4.342188380371667       0.8066923376043207    
      19       1       2    5.624942107376737        3.851763558481253        1.044764748154128    
      20       1       1    5.623960033586869        6.750911766583876       0.4809138775392598    
      20       1       2    6.160926522022930        6.835026248129658       0.3962394611830016    
      21       1       1    5.467441087002804        5.926761514648671        1.037874572467643    
      21       1       2    5.344048292079430        5.623453447392706        1.480286787143027    
      22       1       1    4.077839649490178        6.055210202856452        1.100226414801858    
      22       1       2    4.281026380031512        6.390642508806670        1.486370079597890    
      23       1       1    4.637167675070913        6.323753931244120        9.571618432798378    
      23       1       2    4.679762516364350        6.050063373434916        9.096269507522628    
      24       1       1    6.576043388348880        4.085194686908712        1.661231310501859    
      24       1       2    6.550118829085972        3.576115630820937        1.454207555816995    
      25       1       1    4.595372361908358        5.090335418224029        1.294771890094031    
      25       1       2    4.895672442283102        5.546763266076664        1.358580149166688    
      26       1       1    4.737642513936783        4.211848394987180        2.166074661253605    
      26       1       2    4.599498203600119        3.989562218443317        2.650080325815972    
      27       1       1    4.063318076889971        3.772350061278490        1.174432015561746    
      27       1       2    3.779787643474678        3.916056187294938        1.623215865234340    
      28       1       1    7.461473460175644        3.882623700905949        9.187458721548980    
      28       1       2    7.120061640619335        3.945746002093713        9.613966738569530    
      29       1       1    6.862639714079173        3.128192772982528       0.1541629242846482E-01
      29       1       2    6.922459750015783        3.137411339858772       0.5621347871775719    
      30       1       1    5.434732568893531        5.571659985681985        8.493615323311493    
      30       1       2    5.054143151319346        5.220768360061329        8.679880526705558    
      31       1       1    5.073501372354460        5.297215604066273       0.3504684659022434    
      31       1       2    4.545891121248836        5.261001717221663       0.5015123603557045    
      32       1       1    4.748854672201192        5.735959888862322        2.080985330993286    
      32       1       2    4.362120661755890        5.933029328464934        1.742935210686934    
      33       1       1    6.258014249943924        7.408730853991927        1.163078783735860    
      33       1       2    6.198030959681946        7.951738533717189        1.227137349093729    
      34       1       1    6.347373412587663        7.281629033535334        9.953186647529373    
      34       1       2    6.424873535748215        7.752131986744929       0.2275917215179473    
      35       1       1    8.388912512913729        3.987555356068214       0.1767852359316113    
      35       1       2    8.817497068093436        3.867881934178325        9.854585906313083    
      36       1       1    8.240158638158155        4.710572167003610        9.334325659131681    
      36       1       2    8.524132404491993        4.961827540006862        9.732088945034132    
      37       1       1    7.081665298596494        6.791360855587241        9.053304948818734    
      37       1       2    6.730709489732911        7.213681017560848        9.036142260580732    
      38       1       1    7.965210538870452        2.828277556245087       0.4950698184825884    
      38       1       2    8.272793163028979        2.749546442201773       0.9445711404153523    
      39       1       1    5.330603444206959        3.151328672461080       0.3380640795554367E-01
      39       1       2    5.550504503268661        3.554171056730324       0.3371856761321027    
      40       1       1    8.125930976387131        3.185681329024111        9.529676632862932    
      40       1       2    8.509572245603779        3.556616539950113        9.663482045865022    
      41       1       1    8.870180357373830        2.258275919662161       0.3778323201938052    
      41       1       2    8.643718743151592        1.759089638496497       0.3321483062848973    
      42       1       1    5.338251876582334        4.336304611858287        9.452915513558890    
      42       1       2    5.477252385894524        4.745051283741430        9.794031896180913    
      43       1       1    3.795576019683570        5.022742806253226        2.022305451041464    
      43       1       2    4.121785550352802        5.434517431326839        2.185054927303497    
      44       1       1    3.985196439134543        4.615405648314059        9.795659700622405    
      44       1       2    3.899493204889475        5.156410914325624        9.839127637373302    
      45       1       1    6.436303150438430        5.389091715116870        7.828555299176419    
      45       1       2    6.486087727274048        5.298922719683524        7.288916619109938    
      46       1       1    3.080964758960606        4.636416741499786       0.8165295212271229    
      46       1       2    2.702858933175498        4.832368942556480        1.164946066853369    
      47       1       1    3.818217437528444        5.855506683705034       0.1216401586660480E-01
      47       1       2    4.331744151171852        5.679776027586442        9.922126769994042    
      48       1       1    7.927486305419926        3.994241712510828        1.196911967462445    
      48       1       2    8.336043629863807        3.627279214723770        1.215736383269460    
      49       1       1    4.731835657465171        5.198941749350415        9.268437817399249    
      49       1       2    4.511790498488549        5.319480014535327        9.758002170617269    
      50       1       1    2.725682872981093        5.646435288542022        1.449301080262071    
      50       1       2    2.235986603349895        5.701527485279391        1.693680393042260    
      51       1       1    2.674812860411786        5.717184176253234       0.1775234976861181    
      51       1       2    2.381609757017225        5.708446295003373        9.712883303169560    
      52       1       1    7.114020520122336        6.667765421831474        2.135608952926774    
      52       1       2    6.599993216947801        6.734748795916659        2.320042063607730    
      53       1       1    7.216159917804364        3.073578138485985        1.415784580068994    
      53       1       2    7.665733891054245        3.387568842660622        1.458818466893305    
      54       1       1    3.464973148642751        5.369422848850386        8.995973777164544    
      54       1       2    3.862235864570676        5.400249443511827        8.616555184152393    
      55       1       1    5.792381272847684        6.719922271620981        1.792731173185290    
      55       1       2    5.843974313002765        6.420920673839033        1.333933791023649    
      56       1       1    3.014893770071756        6.549085326952927        9.069851741052535    
      56       1       2    2.870715193281197        6.024242652473494        8.992191002946681    
      57       1       1    9.499820742507941        2.774415724383462        9.630717526601552    
      57       1       2    9.319570707097226        3.192120977584523        9.940152000153688    
      58       1       1    2.806695692554515        3.969914595287414        1.742285337728884    
      58       1       2    2.317737445965586        3.736308488091256        1.651274676031077    
      59       1       1    3.616366933417708        7.073413757868129        1.089060893375076    
      59       1       2    3.099770324687709        7.121498633765868       0.9071425771950238    
      60       1       1    8.536771763720171        2.918030866981387        1.637748411703957    
      60       1       2    9.082304059285583        2.864464486203281        1.686262738155624    
      61       1       1    2.818532264757360        6.470351449654998       0.8607436458612276    
      61       1       2    3.019688313711871        6.758747714216991       0.4384892683527948    
      62       1       1    3.813132005722528        7.121162516920081       0.3268083758047846E-01
      62       1       2    4.015667244006990        7.564321881576840        9.777609745605540    
      63       1       1    4.370504806499721        8.190753043470211       0.4788382058629250    
      63       1       2    4.690169726959982        8.634869064354595       0.4216284742558770    
      64       1       1    6.752333598662339        2.111454807158823       0.7446191752695547    
      64       1       2    6.485218418140754        2.199894988311253        1.217524480777166    
      65       1       1    4.811506218881743        7.521432067221449        9.795377958184691    
      65       1       2    5.191032488525826        7.334213903473604        9.443557902786006    
      66       1       1    3.380798852411810        8.105433685782218       0.1065790914983629    
      66       1       2    3.573835432152527        8.528951651726686       0.3999999914568371    
      67       1       1    7.510491152769048        2.418612231396643        9.246416317417333    
      67       1       2    7.307246385536453        2.825238531943203        8.936331836424424    
      68       1       1    2.682656390239790        7.170994566726709       0.3451961628238932E-01
      68       1       2    2.982054517873896        7.611751889298076        9.897463863176679    
      69       1       1    5.595902247722990        8.145539441315675       0.4223015101221626    
      69       1       2    5.928459271007413        7.841967084461894       0.7372373308662895    
      70       1       1    6.454742749373827        3.113833741751712        2.213560383080408    
      70       1       2    6.341971545750925        2.866223010136618        1.735115307121809    
      71       1       1    5.009489752541842        4.386010623063816        8.451320901969021    
      71       1       2    4.593496500258462        4.631509805914646        8.714703325385500    
      72       1       1    3.501066796938768        6.456008067261665        2.020243107149698    
      72       1       2    3.214151901839663        6.818116029789374        2.319199869956929    
      73       1       1    6.912222677662060        3.116880850453347        8.650737188920832    
      73       1       2    6.740837442116399        2.877938362381824        9.115594611770167    
      74       1       1    7.469326347100120        2.158213564962357        2.057636297829562    
      74       1       2    7.395119453864846        2.197768323763894        1.513920919325225    
      75       1       1    3.685435930124728        7.432297701841781        8.974478035751737    
      75       1       2    3.607552146975078        7.893088393021870        9.263512594262318    
      76       1       1    5.723441717760861        3.283150546140740        8.817258018871769    
      76       1       2    5.687555401143780        3.409414746559223        8.283680990935151    
      77       1       1    5.628143260222700        7.978581983254533        2.111089952534738    
      77       1       2    6.076063382005388        8.265411252542274        2.252206976192131    
      78       1       1    5.902503396565692        2.252913622830699        8.266068504917090    
      78       1       2    6.344017645969180        2.057312863887828        8.529930192659977    
      79       1       1    1.848907441750867        5.176891344505214        1.184350665037132    
      79       1       2    2.378317833836656        5.202106707306638        1.037748521809463    
      80       1       1    6.066611312832958        4.307816653164672        2.602752431528822    
      80       1       2    5.805642993421881        4.690056951579271        2.898932801069091    
      81       1       1    8.024314489041174        2.478838487007270        3.036155700284907    
      81       1       2    8.134127754781618        2.608763833598319        2.513666110197270    
      82       1       1    7.066262223621632        3.849844764322268        3.158712723321032    
      82       1       2    6.566324594735243        3.741906225804455        3.359577254524096    
      83       1       1    8.753755291043985        2.606424903925558        3.926381776286118    
      83       1       2    8.724198201636638        2.909650257777583        3.468804625657917    
      84       1       1    8.186688960398897        3.740294394406178        3.240613896484458    
      84       1       2    8.154995106922055        4.250667952681351        3.039493903856526    
      85       1       1    7.680751070884318        3.431094239082114        2.271591128858915    
      85       1       2    8.222155189122507        3.531335352356482        2.272897271283981    
      86       1       1    3.848922025622688        5.447696983183148        3.008852816251160    
      86       1       2    3.396082770628709        5.757561450134051        3.050543352846515    
      87       1       1    9.148312069575814        2.407923262140628        3.015866466225475    
      87       1       2    8.613527591126651        2.524840304720727        3.072022021142665    
      88       1       1    2.799722889779980        4.837320996710999        2.257103135687800    
      88       1       2    2.642980157075301        4.310367506113293        2.280714648714699    
      89       1       1    4.161852194288596        6.108066614756139        8.558558651343180    
      89       1       2    3.684653241301001        5.857270725225912        8.669557257410261    
      90       1       1    9.412182004984926        1.307635207220965        2.776007625827069    
      90       1       2    9.868844486287864        1.595276875657812        2.881482812092327    
      91       1       1    8.513257606634156        1.537567171758461        3.836715516692750    
      91       1       2    8.698126548112995        1.390922683820630        3.339234587733927    
      92       1       1    1.860670688770843        1.116606897835629        5.547611993140053    
      92       1       2    1.896855535083745       0.8563078953268038        5.064132349541587    
      93       1       1    1.636053761801583        4.825043899346851        9.786323443966181    
      93       1       2    1.500273821575693        5.186681686480422       0.1782410352188010    
      94       1       1    2.406275791685595        5.370927288816006        8.827543399432138    
      94       1       2    2.237116841137776        5.694878567177986        9.238197638698143    
      95       1       1    7.565698319643103       0.8757207090607704        2.492916036295985    
      95       1       2    7.299118017994283       0.9757509767403841        2.022954538841031    
      96       1       1    8.112189271687788       0.2152892338201708        1.887351025481733    
      96       1       2    8.358320326229336       0.6991860426830384        1.797522569974270    
      97       1       1    8.383418856552639        5.175489238157230       0.6847109506099055    
      97       1       2    8.379932723234974        5.178866449596753        1.234869197014499    
      98       1       1    2.616577707393676        3.116596794929632        3.703358963885901    
      98       1       2    2.354304562778379        3.513842264380889        3.979439473698987    
      99       1       1    9.952053867187763        1.776978106635627        3.581159824605310    
      99       1       2    9.515314157089344        1.974842085297597        3.312703205328363    
     100       1       1    2.627184620952475        3.973676151135724        9.160306582004731    
     100       1       2    2.124179122081684        3.895703075400418        9.369379384210994    
     101       1       1    1.667856980217380        4.223468243920161        8.608722644742047    
     101       1       2    1.218416798022227        4.324849024516278        8.909964742256557    
     102       1       1    7.441149807701353        1.651775261676838        8.176399257883986    
     102       1       2    7.039878887912060        1.910244807557417        8.450225684366160    
     103       1       1    8.348958071853749        7.052684087764000        9.312927425394795    
     103       1       2    8.864625656337951        6.978954820834937        9.135550564460424    
     104       1       1    2.253972711811199        6.583883376769939        1.706973197327371    
     104       1       2    2.712375919875428        6.458639933742066        1.430235153351612    
     105       1       1    1.786812643705854        5.684268654869199        2.478013120050969    
     105       1       2    2.231246127993312        5.363559524967499        2.528635659777409    
     106       1       1    9.099827990552027        1.973264605587111        5.216677259205575    
     106       1       2    9.645900746837166        1.986084730769141        5.278614927577985    
     107       1       1    3.805260633310953        5.152374262573665        4.391371954674176    
     107       1       2    3.517691304924683        5.252488063257336        4.849606352175861    
     108       1       1    7.307844670934165        1.049694175731772        1.234303164088879    
     108       1       2    7.790931124541179        1.246394740265260        1.407136283087934    
     109       1       1    1.483826933424842        5.761007468457108        9.389560227459473    
     109       1       2    1.000684728173205        5.691142757784674        9.643548438388878    
     110       1       1    3.390944971405266        3.341645261603140       0.2352293769716924    
     110       1       2    3.397364903444162        3.499182194110589       0.7624413956637538    
     111       1       1    6.993743273152633        8.558623341774201        3.783284096222837    
     111       1       2    7.107432316972418        8.947207860452226        4.155808629547426    
     112       1       1    5.417331447525576        7.647087985835507        8.434584433812429    
     112       1       2    5.752675798765057        7.293289855836493        8.179275478651096    
     113       1       1    4.385552038383963        4.631732680466533        5.632634689542956    
     113       1       2    4.889353112543154        4.812816246215995        5.505336483836416    
     114       1       1    6.447004739173320        1.126126173476750        8.319743908441012    
     114       1       2    6.362494030057492       0.5926592922944947        8.424990266015389    
     115       1       1    5.715639046084951        7.155451099528997        2.932616171636413    
     115       1       2    5.169840547721981        7.086710658199958        2.941357205912014    
     116       1       1    6.852414403697987        2.674678348772693        7.693398762018856    
     116       1       2    7.325130525897377        2.395099230707673        7.665499824344868    
     117       1       1   0.4219636466177503        1.939774004295643        5.725341588611311    
     117       1       2   0.1617579527451973        2.420503429874413        5.664095760949453    
     118       1       1    2.218349633969281        3.040745449540078        8.873336352101470    
     118       1       2    2.320438707548048        3.101747765176491        9.410379528847812    
     119       1       1    5.156912434596036        5.754656139124207        7.476807937399795    
     119       1       2    5.361513004919202        6.216536657381509        7.258856914811247    
     120       1       1    8.971810870361237       0.6088414856186944       0.8988696227415625    
     120       1       2    8.671587011835440       0.9787167055348164       0.6230448634745324    
     121       1       1    1.461371240855640        6.373522304493195        5.683934047627912    
     121       1       2    1.955672887644638        6.133153212259074        5.674732579800905    
     122       1       1    5.972332115092946        6.997489640501272        7.337405673586229    
     122       1       2    6.287422005316136        7.448104474623525        7.361956474686489    
