       1       0       1     -0.530497222578E-06     -0.531329132767E-06      0.103377239614E-10       0.00000000000    
       2       1       1      0.353294629799          0.353294628967           4.14959710389           39.8894918633    
       3       2       1      0.340211988688          0.353293468155           4.73665015017           79.7789837266    
       4       3       1      0.326995822802          0.353277665755           5.33326934216           119.668475693    
       5       4       1      0.313749862160          0.353304206435           5.93833239483           159.557967453    
       6       5       1      0.300424924743          0.353295833772           6.54912018055           199.447459421    
       7       6       1      0.287032317443          0.353365756778           7.17176757921           239.336951385    
       8       7       1      0.273455426603          0.353339234473           7.79741064106           279.226443041    
       9       8       1      0.259810436565          0.353334007159           8.43085677789           319.115934905    
      10       9       1      0.246096305739          0.353367173726           9.08192339743           359.005426900    
      11      10       1      0.232264447452          0.353386137501           9.73675490025           398.894918842    
      12      11       1      0.218259078725          0.353381757602           10.4039809567           438.784410741    
      13      12       1      0.204152212633          0.353398538158           11.0911043513           478.673902767    
      14      13       1      0.189951325876          0.353436324292           11.7859666652           518.563394233    
      15      14       1      0.175581696931          0.353410560341           12.4997625569           558.452886076    
      16      15       1      0.161087906138          0.353364650474           13.2285713012           598.342378045    
      17      16       1      0.146418290330          0.353342688702           13.9605078551           638.231869812    
      18      17       1      0.131537710000          0.353314861819           14.7087335198           678.121361696    
      19      18       1      0.116608967994          0.353339975284           15.4820559653           718.010853799    
      20      19       1      0.101495803139          0.353344291736           16.2737397791           757.900345418    
      21      20       1      0.862304395371E-01      0.353353144216           17.0833318968           797.789837680    
      22      21       1      0.707198909189E-01      0.353318896773           17.9254033257           837.679329319    
      23      22       1      0.550143648012E-01      0.353295048719           18.7991863328           877.568821496    
      24      23       1      0.391948197376E-01      0.353358006007           19.7084133334           917.458313091    
      25      24       1      0.230880015977E-01      0.353287332470           20.5694506264           957.347805965    
      26      25       1      0.672623608723E-02      0.353276310887           21.5365588250           997.237296390    
      27      26       1     -0.991599737763E-02      0.353255161499           22.5582156146           1037.12678799    
      28      27       1     -0.267466098281E-01      0.353259429443           23.6103058359           1077.01628106    
      29      28       1     -0.440262576075E-01      0.353159400669           24.6990375534           1116.90577275    
      30      29       1     -0.614788783181E-01      0.353164806157           25.8533710195           1156.79526394    
      31      30       1     -0.792897073190E-01      0.353151155952           27.0510856472           1196.68475573    
      32      31       1     -0.973992826922E-01      0.353139859092           28.3102009416           1236.57424862    
      33      32       1     -0.115828000318          0.353205180415           29.6497487367           1276.46374059    
      34      33       1     -0.134750058085          0.353163414825           31.0655442290           1316.35323133    
      35      34       1     -0.154008731645          0.353167045927           32.5826983381           1356.24272320    
      36      35       1     -0.173757424361          0.353165406654           34.1764547928           1396.13221664    
      37      36       1     -0.193925962659          0.353218674891           35.8935812090           1436.02170871    
      38      37       1     -0.214800493629          0.353239475678           37.7508394239           1475.91119836    
      39      38       1     -0.236133303035          0.353283297475           39.6936932959           1515.80069045    
      40      39       1     -0.258207743492          0.353273629722           41.8477296412           1555.69018397    
      41      40       1     -0.280890407063          0.353321403180           44.1486785088           1595.57967615    
      42      41       1     -0.304375477205          0.353311498531           46.6102392641           1635.46916640    
      43      42       1     -0.328608369337          0.353311946485           49.2751705510           1675.35865872    
      44      43       1     -0.353755507743          0.353290954743           52.1344442275           1715.24815150    
      45      44       1     -0.379790582481          0.353301633428           55.2061214968           1755.13764328    
      46      45       1     -0.406717513208          0.353336040644           58.5503398377           1795.02713384    
      47      46       1     -0.434752210611          0.353348678707           62.0879827476           1834.91662610    
      48      47       1     -0.463875045689          0.353355242633           65.8647197418           1874.80611975    
      49      48       1     -0.494053941378          0.353367995031           69.8305607259           1914.69561207    
      50      49       1     -0.526115523760          0.353998702201           74.0946616599           1954.58510285    
      51      50       1     -0.559050768397          0.353454149354           78.4839884923           1994.47459411    
      52      51       1     -0.593101279617          0.353250997947           83.0368749681           2034.36408550    
      53      52       1     -0.628061794278          0.353145731664           87.6743146930           2074.25357752    
      54      53       1     -0.664102775879          0.353098019177           92.3072453851           2114.14306884    
      55      54       1     -0.701157674056          0.353111270827           96.9047868662           2154.03256205    
      56      55       1     -0.739136654370          0.353188849811           101.454229369           2193.92205353    
      57      56       1     -0.777862738523          0.353212555325           105.709765539           2233.81154501    
      58      57       1     -0.817099124592          0.353291075547           109.725904787           2273.70103646    
      59      58       1     -0.857078643692          0.353273401973           113.355904337           2313.59052978    
      60      59       1     -0.897076142477          0.353276300683           116.406120200           2353.48002129    
      61      60       1     -0.937176121871          0.353309452994           118.974513059           2393.36951278    
      62      61       1     -0.977054430188          0.353332296167           121.106844091           2433.25900438    
      63      62       1      -1.01651764451          0.353262441471           122.659641061           2473.14849685    
      64      63       1      -1.05527655873          0.353294694849           123.693704682           2513.03798859    
      65      64       1      -1.09362287643          0.353188467142           124.258314703           2552.92747973    
      66      65       1      -1.13144207088          0.353083246422           124.446446113           2592.81697139    
      67      66       1      -1.16821230911          0.353017198112           124.226765324           2632.70646487    
      68      67       1      -1.20388344911          0.353044473022           123.784569303           2672.59595671    
      69      68       1      -1.23863781853          0.353013231796           122.949401297           2712.48544727    
      70      69       1      -1.27205137227          0.353080627721           121.841700091           2752.37493913    
      71      70       1      -1.30446266268          0.353204238630           120.637984702           2792.26443270    
      72      71       1      -1.33596140033          0.353248569769           119.386544278           2832.15392454    
      73      72       1      -1.36662686059          0.353248052677           118.156929515           2872.04341520    
      74      73       1      -1.39761514120          0.353141359182           114.410759600           2911.93290712    
      75      74       1      -1.42518893902          0.353513136562           113.144991161           2951.82239857    
      76      75       1      -1.45233887663          0.353692909921           111.839562010           2991.71189116    
      77      76       1      -1.47860373900          0.353647361745           110.261247868           3031.60138253    
      78      77       1      -1.50417488662          0.353621964859           108.898280091           3071.49087508    
      79      78       1      -1.52890495867          0.353642296794           107.532800855           3111.38036641    
      80      79       1      -1.55280725803          0.353717230813           106.195616593           3151.26985911    
      81      80       1      -1.57601951663          0.353717253892           104.905760164           3191.15935038    
      82      81       1      -1.59860490310          0.353617064575           103.656289407           3231.04884278    
      83      82       1      -1.62042909434          0.353644488766           102.473058057           3270.93833397    
      84      83       1      -1.64158529948          0.353569469187           101.383428404           3310.82782682    
      85      84       1      -1.66230959629          0.353454343017           100.396239037           3350.71731787    
      86      85       1      -1.68251742447          0.353355292660           99.2890113134           3390.60681076    
      87      86       1      -1.70200643977          0.353262375187           98.2041758943           3430.49630186    
      88      87       1      -1.72133382662          0.353172584384           97.1410260196           3470.38579348    
      89      88       1      -1.73973670813          0.353047954897           96.1525954796           3510.27528452    
      90      89       1      -1.75764611938          0.353032692465           95.3164118366           3550.16477755    
      91      90       1      -1.77535519348          0.352927228845           94.3960334704           3590.05426847    
      92      91       1      -1.79279004763          0.352899623216           93.5175381930           3629.94376152    
      93      92       1      -1.80946660327          0.352965106059           92.7730188264           3669.83325248    
      94      93       1      -1.82586048111          0.352932706620           92.1949420919           3709.72274529    
      95      94       1      -1.84199878957          0.352907429205           91.4393490945           3749.61223617    
      96      95       1      -1.85772051038          0.353052082518           90.8061996075           3789.50172935    
      97      96       1      -1.87279894265          0.353197436065           90.0252047881           3829.39122014    
      98      97       1      -1.88786898708          0.353116283511           89.3185980467           3869.28071334    
      99      98       1      -1.90260476476          0.353456085317           86.8197762606           3909.17020417    
     100      99       1      -1.91728460866          0.353071388610           86.2045848090           3949.05969543    
     101     100       1      -1.93147011913          0.352989130965           85.5785786195           3988.94918822    
     102     101       1      -1.94551758027          0.352819320328           84.9890598035           4028.83867939    
     103     102       1      -1.95890019938          0.352824362537           84.4933771115           4068.72817211    
     104     103       1      -1.97215259908          0.352920769442           83.9355674346           4108.61766327    
     105     104       1      -1.98512766869          0.352921925432           83.3778445367           4148.50715612    
     106     105       1      -1.99798349598          0.352851541819           82.8352530132           4188.39664683    
     107     106       1      -2.01060857972          0.352830698847           82.3965630205           4228.28613975    
     108     107       1      -2.02315615524          0.352848907970           81.9132527047           4268.17563082    
     109     108       1      -2.03517758130          0.352931295231           81.5310080741           4308.06512366    
     110     109       1      -2.04703781197          0.353050831623           81.1353536726           4347.95461473    
     111     110       1      -2.05873009946          0.353156548066           80.8261994239           4387.84410769    
     112     111       1      -2.07011550427          0.353282947036           80.4977847670           4427.73359770    
     113     112       1      -2.08144762359          0.353323685664           80.1472608773           4467.62309072    
     114     113       1      -2.09255671385          0.353401129314           79.8605406765           4507.51258171    
     115     114       1      -2.10387704933          0.353393177387           79.5026951154           4547.40207465    
     116     115       1      -2.11486758266          0.353335762963           79.2714176482           4587.29156563    
     117     116       1      -2.12604592285          0.353348110767           79.0225886898           4627.18105869    
     118     117       1      -2.13713663655          0.353299663602           78.7704034420           4667.07054923    
     119     118       1      -2.14820615145          0.353250798623           78.5459996877           4706.96004235    
     120     119       1      -2.15903182448          0.353217198998           78.4016361716           4746.84953326    
     121     120       1      -2.16967539438          0.353072272518           78.1569346977           4786.73902641    
     122     121       1      -2.18006873598          0.353067053283           77.9006720917           4826.62851720    
     123     122       1      -2.19207133674          0.352412404425           76.0927846856           4866.51800987    
     124     123       1      -2.20214238700          0.352773811112           75.6956364569           4906.40750122    
     125     124       1      -2.21213463860          0.352910600600           75.4894622201           4946.29699263    
     126     125       1      -2.22190554175          0.353160030220           75.2189692216           4986.18648524    
     127     126       1      -2.23191589512          0.353259493318           74.9185429259           5026.07597666    
     128     127       1      -2.24189417801          0.353285242076           74.6704326625           5065.96546915    
     129     128       1      -2.25196760058          0.353369620474           74.4106072485           5105.85496055    
     130     129       1      -2.26203779724          0.353381733638           74.3146152696           5145.74445317    
     131     130       1      -2.27224443179          0.353428963898           74.1353503188           5185.63394410    
     132     131       1      -2.28208200456          0.353365223963           73.9618218300           5225.52343671    
     133     132       1      -2.29201388973          0.353318875577           73.8347017000           5265.41292814    
     134     133       1      -2.30198165517          0.353288122384           73.6980390719           5305.30242060    
     135     134       1      -2.31174148457          0.353354494437           73.5594727050           5345.19191200    
     136     135       1      -2.32144115767          0.353315500205           73.5156888850           5385.08140468    
     137     136       1      -2.33129497871          0.353248233318           73.2842199990           5424.97089490    
     138     137       1      -2.34080697112          0.353356912910           73.2074772025           5464.86038740    
     139     138       1      -2.35041736613          0.353319903162           73.1496863667           5504.74987882    
     140     139       1      -2.36022388678          0.353205832509           73.1014063784           5544.63937142    
     141     140       1      -2.36968989549          0.353306495997           72.9931588780           5584.52886286    
     142     141       1      -2.37901356347          0.353329531284           72.8587695977           5624.41835533    
     143     142       1      -2.38843933036          0.353274494107           72.6809972729           5664.30784630    
     144     143       1      -2.39756548066          0.353205701287           72.5426488845           5704.19733906    
     145     144       1      -2.40688764072          0.353161820034           72.4794575300           5744.08683047    
     146     145       1      -2.41607328962          0.353238765968           72.3512111077           5783.97632283    
     147     146       1      -2.42516971273          0.353269253083           72.3408083417           5823.86581425    
     148     147       1      -2.43215090062          0.353198432408           70.4719389544           5863.75530730    
     149     148       1      -2.44138546340          0.353031848961           70.4265841058           5903.64479810    
     150     149       1      -2.45067334670          0.352843184847           70.2139704919           5943.53428931    
     151     150       1      -2.45955182739          0.352680197795           70.0142268630           5983.42378230    
     152     151       1      -2.46836528426          0.352569625138           69.8268824084           6023.31327345    
     153     152       1      -2.47710343772          0.352356427651           69.7549989757           6063.20276602    
     154     153       1      -2.48559721501          0.352355247590           69.5225103172           6103.09225725    
     155     154       1      -2.49398963862          0.352301834197           69.3102525753           6142.98174989    
     156     155       1      -2.50195033910          0.352294172541           68.9837191716           6182.87124116    
     157     156       1      -2.50995428071          0.352275788329           68.8828249045           6222.76073366    
     158     157       1      -2.51779448094          0.352347493795           68.7891446167           6262.65022482    
     159     158       1      -2.52564498459          0.352302410154           68.6874360800           6302.53971786    
     160     159       1      -2.53366754583          0.352029350844           68.4488775874           6342.42920911    
     161     160       1      -2.54160198929          0.351950433413           68.2489638305           6382.31870160    
     162     161       1      -2.54918252821          0.351922129338           68.0509830681           6422.20819171    
     163     162       1      -2.55663566018          0.351967714426           67.8216036335           6462.09768478    
     164     163       1      -2.56388910605          0.352044410728           67.7169988064           6501.98717605    
     165     164       1      -2.57104686714          0.352085927213           67.5362542155           6541.87666840    
     166     165       1      -2.57842160636          0.352044245756           67.3640695705           6581.76615964    
     167     166       1      -2.58514854827          0.352120644170           67.1837039033           6621.65565278    
     168     167       1      -2.59179957873          0.352260641028           67.1118991713           6661.54514370    
     169     168       1      -2.59856404649          0.352268055330           66.9006779441           6701.43463609    
     170     169       1      -2.60533590182          0.352310605461           66.6992389981           6741.32412735    
     171     170       1      -2.61199051351          0.352281127705           66.5614529784           6781.21362045    
     172     171       1      -2.61697654255          0.353442990881           63.7188708328           6821.10311219    
     173     172       1      -2.62343340187          0.353408267251           63.5393850044           6860.99260394    
     174     173       1      -2.62958150363          0.353464271309           63.3922588708           6900.88209533    
     175     174       1      -2.63570231405          0.353580859048           63.3961426036           6940.77158666    
     176     175       1      -2.64171295856          0.353663600365           63.3464412304           6980.66107858    
     177     176       1      -2.64766245508          0.353804938536           63.3144474654           7020.55056983    
     178     177       1      -2.65364478464          0.353893937440           63.3341561319           7060.44006329    
     179     178       1      -2.65969986827          0.353948218338           63.2897809214           7100.32955464    
     180     179       1      -2.66564955269          0.354068820478           63.3388266144           7140.21904623    
     181     180       1      -2.67142576411          0.354121273645           63.2391128795           7180.10853759    
     182     181       1      -2.67725111492          0.354203395188           63.3360106828           7219.99803106    
     183     182       1      -2.68302050215          0.354227934770           63.2608404647           7259.88752236    
     184     183       1      -2.68876148973          0.354210443938           63.0728104916           7299.77701415    
     185     184       1      -2.69429335389          0.354267372895           63.0407626772           7339.66650553    
     186     185       1      -2.69992627207          0.354292972565           62.8902351037           7379.55599814    
     187     186       1      -2.70545832852          0.354267534476           62.7511206141           7419.44548960    
     188     187       1      -2.71068066986          0.354311206493           62.7497061442           7459.33498120    
     189     188       1      -2.71607508327          0.354391909273           62.5612174196           7499.22447259    
     190     189       1      -2.72124090962          0.354389831718           62.4543891453           7539.11396615    
     191     190       1      -2.72611613973          0.354491434256           62.4484397710           7579.00345765    
     192     191       1      -2.73120223534          0.354459788292           62.4030514517           7618.89294884    
     193     192       1      -2.73596233998          0.354570186043           62.4856667045           7658.78244036    
     194     193       1      -2.74088870463          0.354651750326           62.4746148004           7698.67193393    
     195     194       1      -2.74591690425          0.354639980824           62.5292300509           7738.56142540    
     196     195       1      -2.75097347935          0.354704582052           62.5273211244           7778.45091679    
     197     196       1      -2.75556624526          0.355252577942           61.2935772413           7818.34040833    
     198     197       1      -2.76025666834          0.355242885891           61.2274764038           7858.22990000    
     199     198       1      -2.76494425316          0.355300698028           61.1509046075           7898.11939102    
     200     199       1      -2.76965839187          0.355336745341           61.1294556477           7938.00888265    
     201     200       1      -2.77431618383          0.355306289086           61.0178940813           7977.89837643    
     202     201       1      -2.77889912237          0.355266513532           60.8947884139           8017.78786795    
     203     202       1      -2.78340949360          0.355187746915           60.7597860694           8057.67735918    
     204     203       1      -2.78781699876          0.355185757603           60.6297549307           8097.56685079    
     205     204       1      -2.79235650300          0.355059015440           60.4661182246           8137.45634403    
     206     205       1      -2.79697896371          0.354929813713           60.3452780730           8177.34583559    
     207     206       1      -2.80099967563          0.354937203606           60.2067204061           8217.23532687    
     208     207       1      -2.80522789964          0.354977991154           60.1308768547           8257.12481840    
     209     208       1      -2.80942129024          0.354946592746           60.0822428181           8297.01431219    
     210     209       1      -2.81360179928          0.354892061680           59.9587357817           8336.90380381    
     211     210       1      -2.81786729040          0.354808224059           59.9496663745           8376.79329427    
     212     211       1      -2.82212967058          0.354844548991           59.7918712363           8416.68278590    
     213     212       1      -2.82638271436          0.354756794454           59.7606853035           8456.57227904    
     214     213       1      -2.83062110793          0.354736663803           59.6028188570           8496.46177061    
     215     214       1      -2.83486360195          0.354580917490           59.4342774775           8536.35126193    
     216     215       1      -2.83901768004          0.354539357188           59.4141441484           8576.24075358    
     217     216       1      -2.84318314419          0.354479034191           59.3374832492           8616.13024718    
     218     217       1      -2.84743396116          0.354379706481           59.1149769429           8656.01973887    
     219     218       1      -2.85179036067          0.354372568104           58.9049932141           8695.90923019    
     220     219       1      -2.85604218563          0.354351625930           58.8078502003           8735.79872185    
     221     220       1      -2.86171774846          0.353209057045           56.7385574276           8775.68821526    
     222     221       1      -2.86563091529          0.353366792013           56.6010247713           8815.57770708    
     223     222       1      -2.86961882919          0.353539873921           56.5961148106           8855.46719555    
     224     223       1      -2.87349052658          0.353692893827           56.5818388378           8895.35668944    
     225     224       1      -2.87756213417          0.353802320478           56.4525719320           8935.24618127    
     226     225       1      -2.88156709547          0.353891468402           56.3908575050           8975.13567172    
     227     226       1      -2.88549866440          0.354024564831           56.2705885791           9015.02516357    
     228     227       1      -2.88946699313          0.354144010326           56.1799056133           9054.91465745    
     229     228       1      -2.89357089192          0.354236892984           56.1365982041           9094.80414905    
     230     229       1      -2.89759145648          0.354360906354           56.0230660804           9134.69363953    
     231     230       1      -2.90142062547          0.354421806505           55.9341627850           9174.58313138    
     232     231       1      -2.90560742669          0.354412066502           55.9352117323           9214.47262522    
     233     232       1      -2.90978286225          0.354502115986           55.8942949237           9254.36211710    
     234     233       1      -2.91383775177          0.354464198025           55.8501761040           9294.25160750    
     235     234       1      -2.91836680109          0.354424172724           55.8564303648           9334.14109857    
     236     235       1      -2.92284867698          0.354333778041           55.7378236788           9374.03059250    
     237     236       1      -2.92724310021          0.354213110984           55.7078901932           9413.92008439    
     238     237       1      -2.93149350249          0.354173431538           55.6763727267           9453.80957474    
     239     238       1      -2.93584315958          0.354158553695           55.4731616109           9493.69906659    
     240     239       1      -2.94028951911          0.354183145519           55.4104989740           9533.58856053    
     241     240       1      -2.94449165720          0.354168910511           55.3740562867           9573.47805249    
     242     241       1      -2.94891883762          0.354157646424           55.3855386220           9613.36754262    
     243     242       1      -2.95338014029          0.354151362148           55.1844135950           9653.25703457    
     244     243       1      -2.95785632976          0.354146555190           55.2304722873           9693.14652822    
     245     244       1      -2.96236015145          0.354068268521           55.4162688229           9733.03602011    
     246     245       1      -2.96833923354          0.353309479760           53.3237082319           9772.92551070    
     247     246       1      -2.97324848382          0.353319375178           53.4029603083           9812.81500244    
     248     247       1      -2.97804755087          0.353254362455           53.2903764264           9852.70449418    
     249     248       1      -2.98275810974          0.353180344311           53.2620235681           9892.59398503    
     250     249       1      -2.98763833210          0.353142667460           53.1502671403           9932.48347675    
     251     250       1      -2.99275790876          0.353171509193           53.0949951738           9972.37297046    
     252     251       1      -2.99750189983          0.353264607827           53.0550100378           10012.2624622    
     253     252       1      -3.00204489375          0.353484050068           53.1022407548           10052.1519530    
     254     253       1      -3.00694160751          0.353428655204           52.9500171675           10092.0414445    
     255     254       1      -3.01210317979          0.353410409916           52.9773216927           10131.9309383    
     256     255       1      -3.01703580044          0.353380558288           52.9370624314           10171.8204300    
     257     256       1      -3.02213939494          0.353413203800           53.0094727849           10211.7099208    
     258     257       1      -3.02715296689          0.353480531332           52.9980823677           10251.5994125    
     259     258       1      -3.03224835500          0.353646417388           53.0471637925           10291.4889063    
     260     259       1      -3.03757779177          0.353528984265           52.9931903364           10331.3783971    
     261     260       1      -3.04282590124          0.353583460067           53.0098529418           10371.2678880    
     262     261       1      -3.04840107897          0.353576715630           53.1269739878           10411.1573797    
     263     262       1      -3.05383959186          0.353505694384           53.1177856656           10451.0468734    
     264     263       1      -3.05903699092          0.353619629575           52.9678083088           10490.9363651    
     265     264       1      -3.06445217594          0.353732731625           53.0773374555           10530.8258560    
     266     265       1      -3.06977548104          0.353745285587           53.0542779360           10570.7153474    
     267     266       1      -3.07537100211          0.353710639869           53.0895725536           10610.6048413    
     268     267       1      -3.08086366949          0.353745345181           53.0368298996           10650.4943330    
     269     268       1      -3.08643836907          0.353721615200           53.0757540562           10690.3838238    
     270     269       1      -3.09249297030          0.352422935374           50.3831765264           10730.2733155    
     271     270       1      -3.09760353319          0.352597221249           50.3419911306           10770.1628090    
     272     271       1      -3.10268507009          0.352748866992           50.3461694003           10810.0522985    
     273     272       1      -3.10764024600          0.352843139005           50.2774758999           10849.9417899    
     274     273       1      -3.11267644493          0.352850664500           50.2872871216           10889.8312835    
     275     274       1      -3.11784411199          0.352884936839           50.0998174950           10929.7207749    
     276     275       1      -3.12281128456          0.352920992741           50.1326038844           10969.6102665    
     277     276       1      -3.12770075631          0.353110865459           50.1387546825           11009.4997579    
     278     277       1      -3.13282103941          0.353068684346           50.0769242866           11049.3892516    
     279     278       1      -3.13777371699          0.353080888549           50.1479126207           11089.2787427    
     280     279       1      -3.14274305978          0.353017431423           50.1593820254           11129.1682342    
     281     280       1      -3.14758555816          0.353091838132           50.2378313139           11169.0577257    
     282     281       1      -3.15244872087          0.353134001945           50.3470228886           11208.9472193    
     283     282       1      -3.15710889296          0.353105775693           50.3191002954           11248.8367108    
     284     283       1      -3.16186985203          0.353071375872           50.3214952132           11288.7262022    
     285     284       1      -3.16672048665          0.353023210101           50.3511175027           11328.6156927    
     286     285       1      -3.17096507742          0.353156935761           50.3343422744           11368.5051864    
     287     286       1      -3.17534917700          0.353386003785           50.4111521947           11408.3946779    
     288     287       1      -3.18008195747          0.353282770490           50.2316452885           11448.2841692    
     289     288       1      -3.18481881595          0.353169857537           50.2019675788           11488.1736607    
     290     289       1      -3.18900899402          0.353298977254           50.1540833477           11528.0631545    
     291     290       1      -3.19334802866          0.353210686579           50.3958201440           11567.9526457    
     292     291       1      -3.19778314522          0.353251568880           50.4531571647           11607.8421370    
     293     292       1      -3.20233786166          0.353106582392           50.5092887959           11647.7316285    
     294     293       1      -3.20684656304          0.353042799805           50.6006522609           11687.6211222    
     295     294       1      -3.21016491702          0.354265924845           47.9137641635           11727.5106147    
     296     295       1      -3.21435546363          0.354311529624           48.0681552526           11767.4001045    
     297     296       1      -3.21825196118          0.354326591205           47.9783070807           11807.2895966    
     298     297       1      -3.22251104823          0.354442572103           47.9283883178           11847.1790887    
     299     298       1      -3.22665389556          0.354431745677           47.8193550125           11887.0685784    
     300     299       1      -3.23100618177          0.354424310071           47.7475185837           11926.9580704    
     301     300       1      -3.23521531171          0.354370086448           47.6388512920           11966.8475646    
     302     301       1      -3.23891872583          0.354482563712           47.7260117516           12006.7370567    
     303     302       1      -3.24276179216          0.354604856303           47.6062280664           12046.6265461    
     304     303       1      -3.24670811528          0.354546457511           47.3753675955           12086.5160383    
     305     304       1      -3.25043496230          0.354558445833           47.3863225447           12126.4055324    
     306     305       1      -3.25427515725          0.354563625613           47.2766287287           12166.2950245    
     307     306       1      -3.25803214902          0.354506931943           47.0271105085           12206.1845140    
     308     307       1      -3.26182508351          0.354588151488           47.1087110668           12246.0740062    
     309     308       1      -3.26557633482          0.354557965866           47.1421408917           12285.9634999    
     310     309       1      -3.26932138429          0.354683262278           47.0840364223           12325.8529921    
     311     310       1      -3.27310851256          0.354648270145           47.1427947687           12365.7424815    
     312     311       1      -3.27687503968          0.354691672065           47.2233561398           12405.6319737    
     313     312       1      -3.28048159928          0.354694911225           47.2620372857           12445.5214679    
     314     313       1      -3.28397276791          0.354812745427           47.2227420408           12485.4109601    
     315     314       1      -3.28734087515          0.354894292339           47.0973282402           12525.3004493    
     316     315       1      -3.29104868815          0.354952387463           46.9832889390           12565.1899415    
     317     316       1      -3.29455074403          0.354980012590           46.8997623549           12605.0794358    
     318     317       1      -3.29803337556          0.354965021169           47.0955948468           12644.9689281    
     319     318       1      -3.30361795425          0.354429448271           45.5814058966           12684.8584190    
     320     319       1      -3.30716430006          0.354383434195           45.4755675321           12724.7479118    
     321     320       1      -3.31049190909          0.354408804301           45.5647267369           12764.6374015    
     322     321       1      -3.31390517297          0.354418531367           45.6401085930           12804.5268906    
     323     322       1      -3.31720902291          0.354364103949           45.3783454383           12844.4163834    
     324     323       1      -3.32061782103          0.354280275998           45.3668300318           12884.3058777    
     325     324       1      -3.32386070995          0.354221938294           45.3234836222           12924.1953704    
     326     325       1      -3.32723661168          0.354214847162           45.2858122549           12964.0848610    
     327     326       1      -3.33040484859          0.354147121375           45.2195061408           13003.9743538    
     328     327       1      -3.33378751757          0.354119830416           45.2047649998           13043.8638431    
     329     328       1      -3.33694667629          0.354116694226           45.2513575047           13083.7533359    
     330     329       1      -3.34027158747          0.354136196359           45.3414870396           13123.6428265    
     331     330       1      -3.34352826335          0.354023911816           45.3598048542           13163.5323193    
     332     331       1      -3.34670025358          0.353917711482           45.3537677953           13203.4218135    
     333     332       1      -3.34989167161          0.353848191389           45.2978220285           13243.3113063    
     334     333       1      -3.35279260688          0.353940543630           45.1571622169           13283.2007964    
     335     334       1      -3.35617175264          0.353842509248           45.1066333116           13323.0902891    
     336     335       1      -3.35909755851          0.353805148396           45.1012076084           13362.9797785    
     337     336       1      -3.36212615921          0.353744465764           45.1684036641           13402.8692712    
     338     337       1      -3.36521603859          0.353734858416           45.0543477452           13442.7587619    
     339     338       1      -3.36837349566          0.353736458156           45.1799491439           13482.6482547    
     340     339       1      -3.37114486888          0.353884855583           45.2794663539           13522.5377488    
     341     340       1      -3.37416171355          0.353867114265           45.1491363804           13562.4272416    
     342     341       1      -3.37722616342          0.353827512767           45.1171866117           13602.3167323    
     343     342       1      -3.38001514609          0.353891065153           45.1206778911           13642.2062251    
     344     343       1      -3.38224570020          0.353774440488           44.5627610780           13682.0957162    
     345     344       1      -3.38514813260          0.353683527623           44.4105813740           13721.9852087    
     346     345       1      -3.38816119215          0.353583202060           44.3119236992           13761.8746963    
     347     346       1      -3.39119269390          0.353435247291           44.1587228148           13801.7641907    
     348     347       1      -3.39416150554          0.353373189825           44.0794076262           13841.6536832    
     349     348       1      -3.39687241490          0.353552662586           44.1913520177           13881.5431726    
     350     349       1      -3.39949241419          0.353566947382           44.2488641966           13921.4326652    
     351     350       1      -3.40220519432          0.353595760288           44.0320887022           13961.3221579    
     352     351       1      -3.40478337387          0.353697913041           44.3437721398           14001.2116502    
     353     352       1      -3.40742122531          0.353727259454           44.3501206546           14041.1011397    
     354     353       1      -3.41010117036          0.353789584547           44.2569351981           14080.9906322    
     355     354       1      -3.41266623384          0.353847042775           44.1005826607           14120.8801265    
     356     355       1      -3.41535564742          0.353715728039           44.0236816636           14160.7696191    
     357     356       1      -3.41823110642          0.353625503384           43.9829205436           14200.6591086    
     358     357       1      -3.42080653972          0.353628565981           44.0700268402           14240.5486012    
     359     358       1      -3.42334653470          0.353865497903           43.9968451152           14280.4380931    
     360     359       1      -3.42586185304          0.353903836188           44.1439277600           14320.3275857    
     361     360       1      -3.42851579299          0.353888489260           44.3801798037           14360.2170752    
     362     361       1      -3.43110484949          0.353909119012           44.3566397362           14400.1065677    
     363     362       1      -3.43349426120          0.353945957570           44.4105568656           14439.9960621    
     364     363       1      -3.43598204918          0.353983686805           44.4763359470           14479.8855547    
     365     364       1      -3.43857196904          0.353995154535           44.5312064283           14519.7750440    
     366     365       1      -3.44087202041          0.354149747110           44.6783349874           14559.6645366    
     367     366       1      -3.44303966892          0.354239523817           44.7935662591           14599.5540290    
     368     367       1      -3.44592491722          0.352718439255           44.2458781121           14639.4435201    
     369     368       1      -3.44814401473          0.352730806798           44.3115478476           14679.3330114    
     370     369       1      -3.45058330895          0.352752474621           44.5244825355           14719.2225037    
     371     370       1      -3.45297465615          0.352742853124           44.4884939607           14759.1119959    
     372     371       1      -3.45527880587          0.352755885860           44.5494259339           14799.0014872    
     373     372       1      -3.45793591373          0.352579413955           44.4112445844           14838.8909795    
     374     373       1      -3.46022061441          0.352730714762           44.4360507385           14878.7804699    
     375     374       1      -3.46285817444          0.352645791901           44.3496819944           14918.6699621    
     376     375       1      -3.46510270041          0.352641768569           44.5369792194           14958.5594535    
     377     376       1      -3.46721535009          0.352678221581           44.5843389863           14998.4489455    
     378     377       1      -3.46955958112          0.352721452291           44.5322072529           15038.3384396    
     379     378       1      -3.47173568495          0.352893086010           44.4972935755           15078.2279319    
     380     379       1      -3.47389248307          0.352885995820           44.5602395063           15118.1174231    
     381     380       1      -3.47612964125          0.352917821410           44.6677089514           15158.0069154    
     382     381       1      -3.47823180876          0.352927863281           44.7264426765           15197.8964057    
     383     382       1      -3.48027175229          0.352932979521           44.9261386188           15237.7858972    
     384     383       1      -3.48264284409          0.352896668674           44.9566646446           15277.6753885    
     385     384       1      -3.48467391378          0.352889861546           44.9285064950           15317.5648808    
     386     385       1      -3.48660206808          0.352881460105           44.9306977777           15357.4543749    
     387     386       1      -3.48840297179          0.353007389981           44.8052273839           15397.3438672    
     388     387       1      -3.49028882033          0.353157356535           45.0423187812           15437.2333585    
     389     388       1      -3.49227877691          0.353209657180           45.0441516281           15477.1228506    
     390     389       1      -3.49415464954          0.353283168237           45.1382737508           15517.0123408    
     391     390       1      -3.49625374785          0.353336369793           45.2903365039           15556.9018331    
     392     391       1      -3.49828414092          0.353458986296           45.5611777538           15596.7913244    
     393     392       1      -3.50065302146          0.352920187036           43.6544664167           15636.6808167    
     394     393       1      -3.50237825719          0.353043043930           43.7726536694           15676.5703106    
     395     394       1      -3.50404383251          0.353002980506           44.0044145750           15716.4597989    
     396     395       1      -3.50571824660          0.353028493557           44.2971899331           15756.3492909    
     397     396       1      -3.50747580934          0.353072082725           44.4329677937           15796.2387848    
     398     397       1      -3.50919172555          0.353017556063           44.5999333035           15836.1282767    
     399     398       1      -3.51084463204          0.352980757948           44.9613471539           15876.0177669    
     400     399       1      -3.51227182167          0.353081874031           45.1190217176           15915.9072589    
     401     400       1      -3.51363372832          0.353110295890           45.2495951981           15955.7967528    
     402     401       1      -3.51538596620          0.353099149361           45.5528916756           15995.6862445    
     403     402       1      -3.51681078702          0.352997221150           45.8191842855           16035.5757348    
     404     403       1      -3.51826489765          0.352983097122           46.1512895280           16075.4652268    
     405     404       1      -3.51939096397          0.352968359984           46.5592231448           16115.3547205    
     406     405       1      -3.52078475005          0.352854897890           46.8294278751           16155.2442125    
     407     406       1      -3.52198857457          0.352860481066           47.1397716643           16195.1337028    
     408     407       1      -3.52339427128          0.352670723308           47.4751259577           16235.0231939    
     409     408       1      -3.52475189341          0.352588488160           47.7086600665           16274.9126878    
     410     409       1      -3.52566602906          0.352619422326           47.8345525021           16314.8021798    
     411     410       1      -3.52675145679          0.352517195913           48.0198732539           16354.6916700    
     412     411       1      -3.52769581800          0.352451052666           48.3695610755           16394.5811620    
     413     412       1      -3.52857008771          0.352350705998           48.5186048017           16434.4706557    
     414     413       1      -3.52939012867          0.352314921325           48.7306809539           16474.3601475    
     415     414       1      -3.53016203504          0.352378025307           49.0114897639           16514.2496377    
     416     415       1      -3.53071873293          0.352484621431           49.1443957172           16554.1391297    
     417     416       1      -3.53223571517          0.351691877684           47.5846611450           16594.0286236    
     418     417       1      -3.53266500910          0.351856807722           47.5547531750           16633.9181149    
     419     418       1      -3.53329460214          0.351925200406           47.7706705920           16673.8076066    
     420     419       1      -3.53386756991          0.351824672783           47.8622344555           16713.6970976    
     421     420       1      -3.53438317775          0.351881519305           48.0639832951           16753.5865889    
     422     421       1      -3.53497469785          0.351833092402           48.1260422331           16793.4760807    
     423     422       1      -3.53537021842          0.351835300507           48.1168425957           16833.3655719    
     424     423       1      -3.53570295901          0.351783204741           48.1620069800           16873.2550658    
     425     424       1      -3.53639290567          0.351775358284           47.9763413333           16913.1445570    
     426     425       1      -3.53643868372          0.351770300265           47.9986356109           16953.0340487    
     427     426       1      -3.53649011495          0.351927033502           47.8804681103           16992.9235400    
     428     427       1      -3.53698863196          0.351821422993           47.8983939088           17032.8130334    
     429     428       1      -3.53728900210          0.351985930543           47.7528331231           17072.7025245    
     430     429       1      -3.53740039425          0.352086443633           47.7581097902           17112.5920165    
     431     430       1      -3.53801252425          0.352171955888           47.7109357959           17152.4815078    
     432     431       1      -3.53854651579          0.352130265643           47.6283250814           17192.3710008    
     433     432       1      -3.53894333918          0.352041141168           47.4671960529           17232.2604921    
     434     433       1      -3.53947954835          0.352067907754           47.3792610622           17272.1499841    
     435     434       1      -3.54020795230          0.352096504455           47.0112242007           17312.0394754    
     436     435       1      -3.54080001165          0.352142575049           46.6369901051           17351.9289684    
     437     436       1      -3.54163191907          0.352120492272           46.5562395527           17391.8184596    
     438     437       1      -3.54227397301          0.352164654314           46.0246197682           17431.7079517    
     439     438       1      -3.54317633047          0.352173301310           45.7805995218           17471.5974428    
     440     439       1      -3.54394716221          0.352211549572           45.7039975246           17511.4869367    
     441     440       1      -3.54498622492          0.352251265477           45.5924822282           17551.3764280    
     442     441       1      -3.54382778893          0.351973816334           43.5039736969           17591.2659196    
     443     442       1      -3.54472907542          0.352130789533           43.1539724572           17631.1554108    
     444     443       1      -3.54582664070          0.352132726853           42.9927932996           17671.0449045    
     445     444       1      -3.54710401327          0.352109754240           42.6959518050           17710.9343939    
     446     445       1      -3.54831540480          0.352052817338           42.5220162743           17750.8238851    
     447     446       1      -3.54926795371          0.352180804916           42.2146905048           17790.7133789    
     448     447       1      -3.55066287682          0.352201662760           42.1770458761           17830.6028700    
     449     448       1      -3.55196702273          0.352095014108           41.9343369581           17870.4923619    
     450     449       1      -3.55346737307          0.352088684404           42.0347590308           17910.3818531    
     451     450       1      -3.55493999004          0.352133682653           41.8964132026           17950.2713466    
     452     451       1      -3.55619218160          0.352278374826           41.6719569750           17990.1608378    
     453     452       1      -3.55767906809          0.352430274804           41.4132836319           18030.0503297    
     454     453       1      -3.55916013384          0.352577161768           41.2282091345           18069.9398209    
     455     454       1      -3.56085823229          0.352608344375           41.0464421006           18109.8293146    
     456     455       1      -3.56296854321          0.352395141950           40.9166655814           18149.7188059    
     457     456       1      -3.56487513691          0.352306898281           40.7887989484           18189.6082968    
     458     457       1      -3.56638320038          0.352403664913           40.6377236421           18229.4977880    
     459     458       1      -3.56801623275          0.352360416825           40.5470140348           18269.3872818    
     460     459       1      -3.56987975264          0.352326753961           40.3707599249           18309.2767730    
     461     460       1      -3.57180445089          0.352473554519           40.2991221359           18349.1662648    
     462     461       1      -3.57359802376          0.352587735365           40.2759122269           18389.0557560    
     463     462       1      -3.57546882041          0.352734548934           40.1343044022           18428.9452496    
     464     463       1      -3.57731367873          0.352886349235           40.1303712530           18468.8347409    
     465     464       1      -3.57910545012          0.352972857368           39.9683804982           18508.7242325    
     466     465       1      -3.57982150853          0.352286082824           39.7656020084           18548.6137243    
     467     466       1      -3.58200372723          0.352296172854           39.6530678159           18588.5032172    
     468     467       1      -3.58404700205          0.352190676472           39.4306632012           18628.3927086    
     469     468       1      -3.58616798457          0.352257050097           39.1778721284           18668.2821980    
     470     469       1      -3.58856724875          0.352269181111           39.0580624673           18708.1716919    
     471     470       1      -3.59055454012          0.352310333262           39.1042853824           18748.0611833    
     472     471       1      -3.59295739148          0.352302048244           39.0104787388           18787.9506751    
     473     472       1      -3.59536336084          0.352269110769           39.0768584753           18827.8401666    
     474     473       1      -3.59771830092          0.352256553859           38.8417871311           18867.7296593    
     475     474       1      -3.59966181396          0.352331753896           38.8073403537           18907.6191508    
     476     475       1      -3.60186933604          0.352386331314           38.8685334245           18947.5086424    
     477     476       1      -3.60434848138          0.352309478681           38.8507776599           18987.3981338    
     478     477       1      -3.60636478046          0.352481104945           38.8938124343           19027.2876277    
     479     478       1      -3.60873856570          0.352501695320           38.8451248258           19067.1771191    
     480     479       1      -3.61119622154          0.352443579370           38.7704630081           19107.0666109    
     481     480       1      -3.61370700320          0.352444205233           38.7330762809           19146.9561023    
     482     481       1      -3.61590889146          0.352420165326           38.7695737873           19186.8455945    
     483     482       1      -3.61823466200          0.352539887669           38.6681035010           19226.7350859    
     484     483       1      -3.62055133069          0.352578760061           38.5982336753           19266.6245776    
     485     484       1      -3.62262717585          0.352660455394           38.5831872211           19306.5140690    
     486     485       1      -3.62464897681          0.352890390408           38.7153725193           19346.4035630    
     487     486       1      -3.62664781518          0.353037586020           38.6700855997           19386.2930546    
     488     487       1      -3.62889653917          0.353236000648           38.8135590409           19426.1825460    
     489     488       1      -3.63078921098          0.353359085989           38.6168175909           19466.0720377    
     490     489       1      -3.63401119999          0.351986857108           38.9356939264           19505.9615305    
     491     490       1      -3.63657193348          0.352014792807           39.1317733661           19545.8510215    
     492     491       1      -3.63876800084          0.352128921514           39.0332062086           19585.7405138    
     493     492       1      -3.64099361221          0.352231175234           39.2020636607           19625.6300049    
     494     493       1      -3.64320672912          0.352313279328           39.1524608841           19665.5194959    
     495     494       1      -3.64557897769          0.352380412738           39.2394205672           19705.4089883    
     496     495       1      -3.64780185075          0.352369989313           39.0260263069           19745.2984793    
     497     496       1      -3.65011898199          0.352362546250           38.8533712016           19785.1879729    
     498     497       1      -3.65251379899          0.352470304744           38.9025750435           19825.0774639    
     499     498       1      -3.65475090867          0.352412362220           39.0006530184           19864.9669563    
     500     499       1      -3.65688896205          0.352351926095           39.0688743377           19904.8564471    
     501     500       1      -3.65926591821          0.352328453321           39.1295859199           19944.7459407    
     502     501       1      -3.66148886738          0.352396589389           39.4855102780           19984.6354317    
     503     502       1      -3.66372718761          0.352521761850           39.4484950338           20024.5249240    
     504     503       1      -3.66618745374          0.352721105159           39.4834898874           20064.4144151    
     505     504       1      -3.66815074561          0.352810485955           39.5527611781           20104.3039087    
     506     505       1      -3.67028834174          0.352837967645           39.8349395908           20144.1933987    
     507     506       1      -3.67227743541          0.352926219244           39.9233033488           20184.0828912    
     508     507       1      -3.67425742424          0.353072324535           39.9274438489           20223.9723822    
     509     508       1      -3.67615656413          0.353156753932           40.1063349150           20263.8618758    
     510     509       1      -3.67793076529          0.353324628781           40.0176619545           20303.7513668    
     511     510       1      -3.67956423793          0.353606578249           39.9480596112           20343.6408592    
     512     511       1      -3.68109031078          0.353934424128           40.2125388127           20383.5303499    
     513     512       1      -3.68234689395          0.354346264691           40.6729504882           20423.4198435    
     514     513       1      -3.68906964315          0.351425269006           38.8977384827           20463.3093348    
     515     514       1      -3.69108902019          0.351351678993           39.2333426254           20503.1988267    
     516     515       1      -3.69308887312          0.351424060197           39.4553954525           20543.0883179    
     517     516       1      -3.69498508511          0.351467067446           39.5923812312           20582.9778115    
     518     517       1      -3.69711931695          0.351383479463           39.6847854592           20622.8673028    
     519     518       1      -3.69924876702          0.351409170549           39.7628220138           20662.7567924    
     520     519       1      -3.70128399221          0.351438068759           39.7191664909           20702.6462860    
     521     520       1      -3.70302365568          0.351429589252           39.8939482252           20742.5357773    
     522     521       1      -3.70514819022          0.351286448568           40.0631353300           20782.4252690    
     523     522       1      -3.70694485345          0.351376956261           40.0452969198           20822.3147603    
     524     523       1      -3.70883089302          0.351404860774           40.1881516892           20862.2042540    
     525     524       1      -3.71064984075          0.351539814315           40.2678438485           20902.0937451    
     526     525       1      -3.71273176668          0.351562746440           40.3344655100           20941.9832367    
     527     526       1      -3.71448741333          0.351626991395           40.5108634352           20981.8727281    
     528     527       1      -3.71637904399          0.351653747440           40.5181231181           21021.7622217    
     529     528       1      -3.71825765125          0.351704597278           40.5093000464           21061.6517131    
     530     529       1      -3.71986914363          0.351557203123           40.6321902984           21101.5412047    
     531     530       1      -3.72138949203          0.351635720110           40.6089544324           21141.4306952    
     532     531       1      -3.72329653069          0.351445673456           40.2499435444           21181.3201888    
     533     532       1      -3.72514040619          0.351368837100           40.3782201230           21221.2096804    
     534     533       1      -3.72644544626          0.351368303919           40.3575644559           21261.0991717    
     535     534       1      -3.72789202398          0.351236580915           40.2676253266           21300.9886632    
     536     535       1      -3.72926235444          0.351149608800           39.9737233477           21340.8781569    
     537     536       1      -3.73085525403          0.350789775261           39.8739307776           21380.7676483    
     538     537       1      -3.73313613613          0.352651480595           39.6319769981           21420.6571394    
     539     538       1      -3.73464946265          0.352648291785           39.9641400377           21460.5466310    
     540     539       1      -3.73609214721          0.352661292643           39.8912235891           21500.4361242    
     541     540       1      -3.73787391785          0.352688684707           39.7768333177           21540.3256157    
     542     541       1      -3.73921940033          0.352730589571           39.8528249579           21580.2151075    
     543     542       1      -3.74122940871          0.352137733001           40.0676617063           21620.1045990    
     544     543       1      -3.74260637901          0.352117871653           40.3456501425           21659.9940905    
     545     544       1      -3.74418963431          0.352148711674           40.3724442713           21699.8835822    
     546     545       1      -3.74511508058          0.352407825615           40.3953921014           21739.7730737    
     547     546       1      -3.74657484344          0.352578815140           40.2810006424           21779.6625670    
     548     547       1      -3.74793149394          0.352666243776           40.1845378327           21819.5520585    
     549     548       1      -3.74937009831          0.352722690892           39.6884614502           21859.4415499    
     550     549       1      -3.75063073388          0.352757341199           39.4459016166           21899.3310414    
     551     550       1      -3.75207904143          0.352776985642           39.4342648996           21939.2205347    
     552     551       1      -3.75352261887          0.352748644368           39.3095673939           21979.1100262    
     553     552       1      -3.75519477614          0.352755782511           39.4322154352           22018.9995179    
     554     553       1      -3.75709536782          0.352537227790           39.0897883320           22058.8890094    
     555     554       1      -3.75883448389          0.352476765966           38.7294307118           22098.7785027    
     556     555       1      -3.76016917963          0.352384675529           38.6806918878           22138.6679931    
     557     556       1      -3.76143371954          0.352524461545           38.6392402928           22178.5574848    
     558     557       1      -3.76255042246          0.352600747095           38.6312758725           22218.4469763    
     559     558       1      -3.76389268961          0.352384130218           38.3302119336           22258.3364696    
     560     559       1      -3.76494590884          0.352297714447           38.4812181539           22298.2259612    
     561     560       1      -3.76590111436          0.352178553821           38.8493851883           22338.1154526    
     562     561       1      -3.76648325443          0.354464372911           37.5302330984           22378.0049440    
     563     562       1      -3.76856592557          0.354591555006           37.5227715541           22417.8944372    
     564     563       1      -3.77009440753          0.354509096895           37.1865392725           22457.7839284    
     565     564       1      -3.77179578351          0.354656611502           37.1827387483           22497.6734208    
     566     565       1      -3.77354358494          0.354639045299           37.1578157183           22537.5629120    
     567     566       1      -3.77521868026          0.354986267238           36.7211508972           22577.4524052    
     568     567       1      -3.77740997873          0.354643486214           36.4287561074           22617.3418957    
     569     568       1      -3.77942611710          0.354583718374           36.3734256433           22657.2313869    
     570     569       1      -3.78127725331          0.354665904929           36.2839040285           22697.1208801    
     571     570       1      -3.78330170737          0.354654797431           36.1443308966           22737.0103712    
     572     571       1      -3.78520447543          0.354805974250           36.3661685023           22776.8998636    
     573     572       1      -3.78735340587          0.354602387955           36.5463129949           22816.7893549    
     574     573       1      -3.78950085146          0.354371441944           36.2040360511           22856.6788477    
     575     574       1      -3.79141691020          0.354430664045           36.5038927808           22896.5683389    
     576     575       1      -3.79367879381          0.354207772145           37.0117197436           22936.4578313    
     577     576       1      -3.79612987380          0.353824399173           37.0277658145           22976.3473225    
     578     577       1      -3.79829878714          0.353713536804           37.1803478591           23016.2368157    
     579     578       1      -3.80010290440          0.353574459891           36.9671429042           23056.1263069    
     580     579       1      -3.80182684753          0.353706929211           36.8615382884           23096.0157982    
     581     580       1      -3.80334910665          0.353879948320           36.9776087657           23135.9052895    
     582     581       1      -3.80481496994          0.354132301694           37.1165785768           23175.7947826    
     583     582       1      -3.80657038016          0.354011637836           37.2106401554           23215.6842738    
     584     583       1      -3.80856039481          0.353541374893           37.6577898770           23255.5737661    
     585     584       1      -3.81020085147          0.353057094431           37.9285560384           23295.4632574    
     586     585       1      -3.81217199549          0.353194732053           36.7877833745           23335.3527506    
     587     586       1      -3.81402978120          0.353234120184           37.1374016305           23375.2422422    
     588     587       1      -3.81553953285          0.353163238070           37.8007378773           23415.1317336    
     589     588       1      -3.81679490794          0.353253267584           38.1330946321           23455.0212250    
     590     589       1      -3.81853388509          0.353319091417           38.6036405309           23494.9107186    
     591     590       1      -3.81970814397          0.353489367814           38.7061324281           23534.8002102    
     592     591       1      -3.82123393155          0.353509621955           39.6415222378           23574.6896995    
     593     592       1      -3.82236704299          0.353533455939           39.9867075420           23614.5791931    
     594     593       1      -3.82400490441          0.353209139933           40.2881138943           23654.4686846    
     595     594       1      -3.82506816891          0.353169284806           40.3620408196           23694.3581760    
     596     595       1      -3.82677401463          0.353146747972           40.8578666343           23734.2476675    
     597     596       1      -3.82849993705          0.353170242671           40.5257078028           23774.1371611    
     598     597       1      -3.82810402889          0.353862431487           41.0377900142           23814.0266526    
     599     598       1      -3.82897898712          0.354053217133           41.3921415761           23853.9161437    
     600     599       1      -3.82976893879          0.354170910008           41.4853226361           23893.8056352    
     601     600       1      -3.83087548437          0.354128317377           41.8042762059           23933.6951289    
     602     601       1      -3.83176506056          0.354305549211           42.2546440899           23973.5846203    
     603     602       1      -3.83250558072          0.354605409277           42.4229453084           24013.4741117    
     604     603       1      -3.83339225379          0.354712798265           42.2363718766           24053.3636032    
     605     604       1      -3.83419948488          0.354650859335           42.3759137772           24093.2530960    
     606     605       1      -3.83456165852          0.354789897006           42.4271054908           24133.1425876    
     607     606       1      -3.83600413051          0.354693114194           42.2769721151           24173.0320788    
     608     607       1      -3.83774553682          0.354541156026           41.5472258476           24212.9215703    
     609     608       1      -3.83975194817          0.354655317032           40.2271408738           24252.8110640    
     610     609       1      -3.84267035640          0.354027046271           39.4702325729           24292.7005558    
     611     610       1      -3.84311176416          0.354260239085           38.8918872463           24332.5900464    
     612     611       1      -3.84421289337          0.354399152805           38.0762664045           24372.4795381    
     613     612       1      -3.84526885951          0.354137003348           36.7439318553           24412.3690319    
     614     613       1      -3.84650839638          0.354152701310           36.0951647931           24452.2585235    
     615     614       1      -3.84757071414          0.354122292591           34.8354691347           24492.1480145    
     616     615       1      -3.84864056469          0.354192064682           33.9080333395           24532.0375061    
     617     616       1      -3.85004521384          0.354106252540           33.0802770239           24571.9269978    
     618     617       1      -3.85171216892          0.354116908272           32.0811939985           24611.8164887    
     619     618       1      -3.85418368239          0.354245963773           30.9218027690           24651.7059803    
     620     619       1      -3.85694485541          0.354155470701           29.7582905496           24691.5954741    
     621     620       1      -3.85957626469          0.353649651962           28.6751079333           24731.4849658    
     622     621       1      -3.86261318458          0.353281893212           27.8719941732           24771.3744567    
     623     622       1      -3.86612534535          0.353068393511           26.8029349454           24811.2639481    
     624     623       1      -3.86988469900          0.352803165168           26.0749769680           24851.1534419    
     625     624       1      -3.87344685469          0.352542249900           24.8143527692           24891.0429336    
     626     625       1      -3.87717148394          0.352654711092           23.9915605708           24930.9324244    
     627     626       1      -3.88077679362          0.352762650269           23.2103792540           24970.8219161    
     628     627       1      -3.88488027243          0.352534558238           22.0113869517           25010.7114099    
     629     628       1      -3.88882620867          0.353035307025           21.6930303267           25050.6009008    
     630     629       1      -3.89296633265          0.353188858612           20.7202030699           25090.4903917    
     631     630       1      -3.89708048322          0.353193044549           20.2497726662           25130.3798834    
     632     631       1      -3.90109675486          0.353509205119           19.9370474775           25170.2693772    
     633     632       1      -3.90519765035          0.353747203411           19.4436448961           25210.1588687    
     634     633       1      -3.90967513980          0.353632613929           19.8506111491           25250.0483603    
     635     634       1      -3.91490802968          0.353340456579           19.6139152173           25289.9378515    
     636     635       1      -3.92051633854          0.352901580027           19.8863614060           25329.8273444    
     637     636       1      -3.92636779453          0.352314725867           20.1952349440           25369.7168356    
     638     637       1      -3.93058834538          0.353142075125           19.6238831663           25409.6063280    
     639     638       1      -3.93585252323          0.353313460207           19.4537230256           25449.4958191    
     640     639       1      -3.94089030919          0.353483445733           18.8908279295           25489.3853124    
     641     640       1      -3.94567437811          0.354120831962           19.0880405838           25529.2748037    
     642     641       1      -3.95128646401          0.354318509124           19.1248865215           25569.1642940    
     643     642       1      -3.95652254307          0.354580362008           18.7543083371           25609.0537872    
     644     643       1      -3.96176516438          0.355006661160           18.7609704712           25648.9432785    
     645     644       1      -3.96720955302          0.354935162422           19.0536654818           25688.8327707    
     646     645       1      -3.97229540759          0.355303065854           18.4903965313           25728.7222619    
     647     646       1      -3.97791637409          0.355341477536           18.4869181522           25768.6117552    
     648     647       1      -3.98355247297          0.355336066237           18.4077929388           25808.5012461    
     649     648       1      -3.98938203086          0.354998038688           18.4956522183           25848.3907384    
     650     649       1      -3.99461869523          0.355176483444           18.1982923488           25888.2802297    
     651     650       1      -4.00042001469          0.354869252887           18.1070825395           25928.1697228    
     652     651       1      -4.00561584046          0.354901193657           18.0170365347           25968.0592142    
     653     652       1      -4.01092993341          0.354934722038           18.0694218100           26007.9487063    
     654     653       1      -4.01682364203          0.354645329459           17.6209238618           26047.8381966    
     655     654       1      -4.02278349220          0.354689041961           17.0509119365           26087.7276897    
     656     655       1      -4.02848058409          0.354682768481           17.3112072393           26127.6171810    
     657     656       1      -4.03517894157          0.354470144096           16.8887565530           26167.5066733    
     658     657       1      -4.03744594827          0.355662221812           14.6910443149           26207.3961657    
     659     658       1      -4.04306478988          0.355705072646           14.7717855767           26247.2856570    
     660     659       1      -4.04943701442          0.355264857996           14.4954370943           26287.1751489    
     661     660       1      -4.05511655467          0.355466435710           14.8055521804           26327.0646399    
     662     661       1      -4.06052276806          0.355615477016           14.3989385434           26366.9541322    
     663     662       1      -4.06687003183          0.354984708077           14.8103045704           26406.8436259    
     664     663       1      -4.07266568626          0.354691160389           14.7475098734           26446.7331183    
     665     664       1      -4.07859748989          0.354981446587           14.5510174718           26486.6226089    
     666     665       1      -4.08375661662          0.354991577193           14.6533448199           26526.5120989    
     667     666       1      -4.09000908855          0.354675621009           14.0618989396           26566.4015915    
     668     667       1      -4.09484732055          0.355557503602           13.6235189388           26606.2910823    
     669     668       1      -4.10023671708          0.355727381081           13.3134322221           26646.1805744    
     670     669       1      -4.10602708792          0.355671750970           13.2652406133           26686.0700682    
     671     670       1      -4.11144096335          0.356605040625           13.4627214383           26725.9595605    
     672     671       1      -4.11739029738          0.356372989669           13.4676809025           26765.8490514    
     673     672       1      -4.12376359992          0.356562903184           13.6334476345           26805.7385437    
     674     673       1      -4.12961616022          0.356449392057           13.6437506169           26845.6280344    
     675     674       1      -4.13530753840          0.356785357180           13.5281870812           26885.5175268    
     676     675       1      -4.14096571512          0.356749492291           13.9326065865           26925.4070176    
     677     676       1      -4.14614140485          0.356959163516           14.0302678115           26965.2965102    
     678     677       1      -4.15090268443          0.357187297355           14.6215655601           27005.1860040    
     679     678       1      -4.15700281717          0.356859283555           14.9524225832           27045.0754958    
     680     679       1      -4.16329448768          0.357184253578           15.7526376955           27084.9649871    
     681     680       1      -4.16896936764          0.357170650933           15.5098186979           27124.8544795    
     682     681       1      -4.18094601401          0.352393592410           14.5803395788           27164.7439695    
     683     682       1      -4.18572841264          0.352863927975           14.2743403855           27204.6334620    
     684     683       1      -4.19101848077          0.353151838069           14.5563604269           27244.5229528    
     685     684       1      -4.19681917837          0.353322709554           13.8924347873           27284.4124453    
     686     685       1      -4.20195480666          0.353544710451           13.7259103113           27324.3019389    
     687     686       1      -4.20795846821          0.353345565899           13.2038957882           27364.1914317    
     688     687       1      -4.21335364250          0.353163580257           13.1903967408           27404.0809219    
     689     688       1      -4.21837412680          0.353617385600           12.3741734402           27443.9704148    
     690     689       1      -4.22360564656          0.353902760579           11.6653300704           27483.8599051    
     691     690       1      -4.23037612241          0.353256501218           11.4648092320           27523.7493946    
     692     691       1      -4.23657143329          0.353719475907           10.8124878477           27563.6388875    
     693     692       1      -4.24309401061          0.353967481911           10.7947315545           27603.5283813    
     694     693       1      -4.24898244517          0.353686933270           11.0773291948           27643.4178740    
     695     694       1      -4.25570752960          0.353791865041           10.9762070757           27683.3073653    
     696     695       1      -4.26093323397          0.353791088144           11.0724550014           27723.1968580    
     697     696       1      -4.26541392063          0.354227537408           11.2444504612           27763.0863462    
     698     697       1      -4.26999381289          0.354646500978           11.0035918723           27802.9758390    
     699     698       1      -4.27696553615          0.353878805769           12.0105042645           27842.8653304    
     700     699       1      -4.28207362829          0.354029987155           12.3804732673           27882.7548231    
     701     700       1      -4.28822896195          0.353297118501           12.4683079591           27922.6443171    
     702     701       1      -4.29419245904          0.353646477746           12.6325306788           27962.5338098    
     703     702       1      -4.29987736369          0.353010280211           12.0261496634           28002.4233002    
     704     703       1      -4.30699672342          0.352359596011           12.3892547376           28042.3127926    
     705     704       1      -4.31338680440          0.351497762503           13.0450187573           28082.2022822    
     706     705       1      -4.31886707359          0.351049033339           13.2999735697           28122.0917757    
     707     706       1      -4.32532332415          0.350823590006           14.1269940940           28161.9812669    
     708     707       1      -4.32991135538          0.351492747812           13.9187089738           28201.8707584    
     709     708       1      -4.33501967043          0.351856746163           12.9626378868           28241.7602520    
     710     709       1      -4.34007523255          0.352438697281           12.8324619983           28281.6497432    
     711     710       1      -4.34637911384          0.351500911555           12.7846053810           28321.5392352    
     712     711       1      -4.35190740948          0.352404910182           12.1771241126           28361.4287263    
     713     712       1      -4.35833842075          0.351934624136           11.8434683731           28401.3182200    
     714     713       1      -4.36499454321          0.350693878543           12.1184884218           28441.2077112    
     715     714       1      -4.37063627024          0.350377456553           13.2287562227           28481.0972029    
     716     715       1      -4.37693053545          0.350692493285           13.6283127206           28520.9866943    
     717     716       1      -4.38351889128          0.349982153078           14.8698547248           28560.8761860    
     718     717       1      -4.39012584109          0.349620149622           15.1967248007           28600.7656768    
     719     718       1      -4.39577847224          0.349314916585           13.4210272345           28640.6551683    
     720     719       1      -4.40075394715          0.350836246506           13.6951500857           28680.5446623    
     721     720       1      -4.40650824057          0.350555617421           13.6015316547           28720.4341536    
     722     721       1      -4.41183310401          0.351534761706           12.3648716120           28760.3236452    
     723     722       1      -4.41720431808          0.351129984710           11.9141690476           28800.2131364    
     724     723       1      -4.42221400524          0.351453376791           11.2958262331           28840.1026302    
     725     724       1      -4.42824994662          0.351373635701           11.5743656540           28879.9921221    
     726     725       1      -4.43447815045          0.349804429242           11.5437350536           28919.8816126    
     727     726       1      -4.44013568268          0.349845108204           10.7434614834           28959.7711043    
     728     727       1      -4.44503294096          0.350142370459           11.3764714798           28999.6605974    
     729     728       1      -4.45000062050          0.350651916736           11.6217931671           29039.5500895    
     730     729       1      -4.45056497435          0.351492686182           9.55967760626           29079.4395800    
     731     730       1      -4.45732282169          0.351314683415           8.52807824467           29119.3290715    
     732     731       1      -4.46542204217          0.348780714830           9.71128784246           29159.2185652    
     733     732       1      -4.47012588450          0.349280546991           8.70198173687           29199.1080567    
     734     733       1      -4.47632409045          0.348998350327           8.62370016147           29238.9975476    
     735     734       1      -4.48302899212          0.347886098021           9.50442321448           29278.8870393    
     736     735       1      -4.48979454690          0.350131207791           10.3700152157           29318.7765333    
     737     736       1      -4.49124376120          0.353050001120           9.72161933377           29358.6660244    
     738     737       1      -4.49822767930          0.353835568861           9.40607737718           29398.5555162    
     739     738       1      -4.50474477977          0.352050275182           9.87749109420           29438.4450073    
     740     739       1      -4.50763224703          0.351707937425           9.58980330319           29478.3344988    
     741     740       1      -4.51443811872          0.351428449852           10.6731183189           29518.2239901    
     742     741       1      -4.51626999176          0.351082028148           11.2264130856           29558.1134809    
     743     742       1      -4.52280673908          0.349417154649           11.7340212389           29598.0029752    
     744     743       1      -4.53007963679          0.347720087099           13.1864514737           29637.8924668    
     745     744       1      -4.53984511583          0.344595150978           14.8931715172           29677.7819565    
     746     745       1      -4.54831893068          0.339786133245           14.6216377275           29717.6714488    
     747     746       1      -4.55375276052          0.339560626658           15.7955223007           29757.5609434    
     748     747       1      -4.56369793720          0.334856596700           14.3965532085           29797.4504360    
     749     748       1      -4.57190529474          0.332220451913           14.5826388711           29837.3399277    
     750     749       1      -4.57858972716          0.331941233000           15.2598033334           29877.2294208    
     751     750       1      -4.58605499557          0.329012325423           14.5184793963           29917.1189075    
     752     751       1      -4.59271017602          0.327139749176           13.8202339568           29957.0084000    
     753     752       1      -4.60174543954          0.326145153797           13.8530956213           29996.8978910    
     754     753       1      -4.58437868060          0.347528429792           8.01501993079           30036.7873845    
     755     754       1      -4.58915598137          0.347905413709           7.88854296661           30076.6768786    
     756     755       1      -4.59445642476          0.350290167708           10.0753873726           30116.5663705    
     757     756       1      -4.59303561742          0.352925755167           11.4160190179           30156.4558607    
     758     757       1      -4.59679980702          0.354248708297           10.0476201593           30196.3453526    
     759     758       1      -4.60313972084          0.351368342612           10.1279205370           30236.2348459    
     760     759       1      -4.60872769582          0.352497429970           7.97383591027           30276.1243387    
     761     760       1      -4.61153349376          0.354954713216           8.86981130072           30316.0138280    
     762     761       1      -4.61297713844          0.357496241036           7.78079970088           30355.9033203    
     763     762       1      -4.61944836951          0.357548409765           7.95338658172           30395.7928150    
     764     763       1      -4.62249248598          0.358481397496           8.15072022182           30435.6823077    
     765     764       1      -4.62458707112          0.360448625016           7.42387482098           30475.5717939    
     766     765       1      -4.63124659245          0.362700370131           8.08250406722           30515.4612860    
     767     766       1      -4.63595702681          0.361845237578           8.20392978035           30555.3507801    
     768     767       1      -4.64328386643          0.361037318640           8.11887960106           30595.2402691    
     769     768       1      -4.64758873366          0.360857227043           8.31628882314           30635.1297618    
     770     769       1      -4.65217556870          0.362850869488           7.20299182829           30675.0192565    
     771     770       1      -4.65496973328          0.363807047443           7.32256463761           30714.9087494    
     772     771       1      -4.66355608187          0.360976333191           9.25145974073           30754.7982397    
     773     772       1      -4.66790814187          0.362786765957           9.17516324498           30794.6877329    
     774     773       1      -4.67041278063          0.364652551739           7.20075479673           30834.5772219    
     775     774       1      -4.67093879721          0.367278190764           8.13746383992           30874.4667148    
     776     775       1      -4.66947683397          0.370944450487           9.50600881835           30914.3562039    
     777     776       1      -4.67632418601          0.370109206557           8.43823305777           30954.2457007    
     778     777       1      -4.68784816716          0.363150628157           7.62875145952           30994.1351917    
     779     778       1      -4.69403863431          0.359027431883           9.21857497556           31034.0246834    
     780     779       1      -4.70207884129          0.356924768839           7.10485435841           31073.9141736    
     781     780       1      -4.71334962955          0.352505676124           8.28095176928           31113.8036686    
     782     781       1      -4.71906941861          0.350416739791           7.56342886565           31153.6931549    
     783     782       1      -4.72261168949          0.346712998359           6.41170465307           31193.5826469    
     784     783       1      -4.73328595482          0.343330180230           7.24573053631           31233.4721391    
     785     784       1      -4.73809222868          0.345534987225           5.98913951640           31273.3616333    
     786     785       1      -4.74402827873          0.344117545970           6.09212086107           31313.2511285    
     787     786       1      -4.74467135358          0.345511918004           5.84240034640           31353.1406214    
     788     787       1      -4.75704530419          0.344222424547           6.82854128862           31393.0301088    
     789     788       1      -4.75935408068          0.347751579450           6.51715193774           31432.9196012    
     790     789       1      -4.76604180806          0.349143073961           5.48094136372           31472.8090929    
     791     790       1      -4.76065459403          0.354275947955           4.83778652872           31512.6985822    
     792     791       1      -4.75990065432          0.356569197398           5.35978696364           31552.5880747    
     793     792       1      -4.77122709152          0.348885349844           4.84651851551           31592.4775695    
     794     793       1      -4.77607724610          0.348074938029           5.60625231190           31632.3670632    
     795     794       1      -4.78460803376          0.343935193656           4.81955357667           31672.2565542    
     796     795       1      -4.78769413592          0.344135822125           4.83976359880           31712.1460428    
     797     796       1      -4.79755271893          0.344321044367           4.68193237196           31752.0355372    
     798     797       1      -4.79555497569          0.343408654246           3.23032267277           31791.9250289    
     799     798       1       0.00000000000           0.00000000000           0.00000000000           0.00000000000    
     800     799       1       0.00000000000           0.00000000000           0.00000000000           0.00000000000    
     801     800       1       0.00000000000           0.00000000000           0.00000000000           0.00000000000    
