      1000      24       1       1       0    957.3478      -0.1396283    
      2000      29       1       1       0    1156.795      -0.2039081    
      3000      24       1       1       0    957.3478      -0.1208197    
      4000      24       1       1       0    957.3478       0.2469293E-01
      5000      26       1       1       0    1037.127       0.1784135    
      6000      25       1       1       0    997.2373      -0.5222399E-01
      7000      24       1       1       0    957.3478       0.1816701    
      8000      24       1       1       0    957.3478       0.9737993E-01
      9000      25       1       1       0    997.2373       0.7017756    
     10000      24       1       1       0    957.3478      -0.5921232E-01
     11000      26       1       1       1    1037.127      -0.2980813    
     12000      24       1       1       1    957.3478       0.2763703    
     13000      24       1       1       1    957.3478       0.1280200    
     14000      33       1       1       1    1316.353      -0.7769011E-01
     15000      28       1       1       1    1116.906       0.2031189    
     16000      24       1       1       1    957.3478       0.4937498    
     17000      24       1       1       1    957.3478       0.5792659E-01
     18000      24       1       1       1    957.3478      -0.3987968E-01
     19000      30       1       1       1    1196.685      -0.2404784    
     20000      24       1       1       1    957.3478       0.3485690    
     21000      24       1       1       1    957.3478      -0.1088701    
     22000      39       1       1       2    1555.690      -0.4454761    
     23000      24       1       1       2    957.3478       0.7292992    
     24000      37       1       1       2    1475.911      -0.9396885E-01
     25000      40       1       1       2    1595.580      -0.1772457    
     26000      27       1       1       2    1077.016      -0.6694277    
     27000      41       1       1       2    1635.469      -0.2175045    
     28000      33       1       1       2    1316.353      -0.4293201    
     29000      38       1       1       2    1515.801      -0.3013798    
     30000      34       1       1       2    1356.243      -0.1837799    
     31000      24       1       1       3    957.3478      -0.2794232    
     32000      38       1       1       3    1515.801      -0.3295724    
     33000      29       1       1       3    1156.795      -0.1274861E-01
     34000      26       1       1       3    1037.127      -0.4140265    
     35000      34       1       1       3    1356.243      -0.1947347    
     36000      31       1       1       3    1236.574      -0.4399558    
     37000      32       1       1       3    1276.464      -0.8942556    
     38000      38       1       1       3    1515.801      -0.4593640    
     39000      27       1       1       3    1077.016       0.1034989    
     40000      45       1       1       4    1795.027      -0.3388407    
     41000      54       1       1       4    2154.033      -0.1757832    
     42000      25       1       1       4    997.2373      -0.2551677    
     43000      55       1       1       4    2193.922      -0.3531202    
     44000      62       1       1       4    2473.148       -1.825438    
     45000      60       1       1       4    2393.370       -1.167011    
     46000      49       1       1       4    1954.585      -0.9274057E-01
     47000      70       1       1       5    2792.264      -0.5286658    
     48000      27       1       1       5    1077.016      -0.2717158    
     49000      55       1       1       5    2193.922       -1.538621    
     50000      58       1       1       5    2313.591      -0.2172804    
     51000      24       1       1       5    957.3478       0.1494288    
     52000      71       1       1       5    2832.154       -1.776464    
     53000      48       1       1       5    1914.696      -0.9695847    
     54000      11       1       0       6    438.7844       0.1178537    
     55000      13       1       0       6    518.5634       0.7644380E-01
     56000      40       1       0       6    1595.580      -0.6005887    
     57000      14       1       0       6    558.4529       0.2320349    
     58000      38       1       0       6    1515.801      -0.3797206    
     59000      44       1       0       6    1755.138      -0.7244934    
     60000      33       1       0       6    1316.353      -0.3851716    
     61000       1       1       0       6    39.88949       0.3177326E-01
     62000      30       1       0       6    1196.685       0.2824041    
     63000      47       1       0       6    1874.806      -0.9107051    
     64000      45       1       0       6    1795.027      -0.6330176    
     65000      28       1       0       7    1116.906       0.2791353    
     66000      24       1       0       7    957.3478       0.3630795    
     67000      46       1       0       7    1834.917      -0.5270079    
     68000      10       1       0       7    398.8949       0.2920419    
     69000      14       1       0       7    558.4529       0.7168091E-01
     70000      16       1       0       7    638.2319       0.7620408E-02
     71000      11       1       0       7    438.7844       0.2971009    
     72000      36       1       0       7    1436.022      -0.2367577E-01
     73000      32       1       0       7    1276.464      -0.2169421    
     74000      18       1       0       7    718.0109       0.2367683E-01
     75000      12       1       0       7    478.6739      -0.1055116E-01
     76000       9       1       0       8    359.0054       0.3448822    
     77000       2       1       0       8    79.77898      -0.3141698    
     78000      15       1       0       8    598.3424       0.1285731    
     79000      17       1       0       8    678.1214       0.1009641    
     80000       9       1       0       8    359.0054       0.4395702    
     81000       7       1       0       8    279.2264      -0.3836728E-01
     82000      21       1       0       8    837.6793      -0.1800686E-01
     83000       1       1       0       8    39.88949        1.822497    
     84000      21       1       0       8    837.6793      -0.4539940E-01
     85000       6       1       0       8    239.3370       0.1731904    
     86000      10       1       0       8    398.8949       0.5183097    
     87000      36       1       0       9    1436.022      -0.1598008    
     88000      45       1       0       9    1795.027      -0.2210978    
     89000      18       1       0       9    718.0109       0.1459595E-01
     90000      32       1       0       9    1276.464      -0.3020506    
     91000      25       1       0       9    997.2373       0.2390737E-01
     92000      20       1       0       9    797.7898      -0.1057677    
     93000      43       1       0       9    1715.248      -0.8080746    
     94000      13       1       0       9    518.5634       0.3982807    
     95000       9       1       0       9    359.0054       0.6025931    
     96000      23       1       0       9    917.4583      -0.3756351E-01
     97000      19       1       0       9    757.9003      -0.3625562E-01
     98000      32       1       0      10    1276.464      -0.3089708    
     99000      26       1       0      10    1037.127       0.1208810    
    100000      20       1       0      10    797.7898       0.7330167    
    101000      16       1       0      10    638.2319       0.2119850    
    102000      33       1       0      10    1316.353      -0.5045414    
    103000      15       1       0      10    598.3424       0.1452909    
    104000      42       1       0      10    1675.359      -0.2625826    
    105000       8       1       0      10    319.1159      -0.2009678E-01
    106000      21       1       0      10    837.6793       0.5848591E-01
    107000       0       1       0      10    0.000000      -0.2584017E-06
    108000      20       1       0      10    797.7898       0.2550079    
    109000      16       1       0      11    638.2319      -0.4709462E-01
    110000      47       1       0      11    1874.806      -0.7033279    
    111000      44       1       0      11    1755.138      -0.8809976    
    112000       5       1       0      11    199.4475       0.3461163    
    113000       5       1       0      11    199.4475       0.5529391E-01
    114000      24       1       0      11    957.3478      -0.3235828E-01
    115000       8       1       0      11    319.1159       0.1310443    
    116000      17       1       0      11    678.1214       0.1953009    
    117000      12       1       0      11    478.6739       0.1538668    
    118000      30       1       0      11    1196.685      -0.7309013E-01
    119000       7       1       0      11    279.2264       0.1316497    
    120000       3       1       0      12    119.6685       0.5342997E-01
    121000      13       1       0      12    518.5634       0.6261839E-01
    122000      12       1       0      12    478.6739       0.2068457    
    123000      21       1       0      12    837.6793       0.1260715    
    124000      46       1       0      12    1834.917       -1.052130    
    125000       0       1       0      12    0.000000      -0.3731536E-06
    126000      23       1       0      12    917.4583       0.1013483    
    127000      44       1       0      12    1755.138      -0.3546825    
    128000      33       1       0      12    1316.353       0.7457932E-01
    129000      43       1       0      12    1715.248      -0.3457196    
    130000      30       1       0      12    1196.685      -0.4482942E-01
    131000      48       1       0      13    1914.696      -0.6572042    
    132000       0       1       0      13    0.000000      -0.3095128E-06
    133000      18       1       0      13    718.0109      -0.6590021E-01
    134000      39       1       0      13    1555.690      -0.3882864    
    135000      14       1       0      13    558.4529       0.5400801    
    136000      45       1       0      13    1795.027      -0.1499696    
    137000      30       1       0      13    1196.685       0.5394438    
    138000       6       1       0      13    239.3370       0.2721932    
    139000       9       1       0      13    359.0054       0.2544017    
    140000      46       1       0      13    1834.917      -0.1865216    
    141000      46       1       0      13    1834.917      -0.8076995E-01
    142000       4       1       0      13    159.5580       0.2283829    
    143000      43       1       0      14    1715.248      -0.6578399    
    144000       0       1       0      14    0.000000      -0.2012964E-06
    145000      41       1       0      14    1635.469      -0.2353734    
    146000      45       1       0      14    1795.027      -0.2686362    
    147000      27       1       0      14    1077.016      -0.1000058    
    148000      14       1       0      14    558.4529       0.1327251    
    149000      14       1       0      14    558.4529       0.5286707    
    150000       5       1       0      14    199.4475       0.4427113    
    151000      20       1       0      14    797.7898      -0.9640015E-01
    152000      17       1       0      14    678.1214       0.1098636    
    153000      48       1       0      14    1914.696      -0.5654395    
    154000      28       1       0      15    1116.906      -0.3987330    
    155000      48       1       0      15    1914.696       -1.215046    
    156000      38       1       0      15    1515.801      -0.8679355E-01
    157000      26       1       0      15    1037.127       0.2519473    
    158000       9       1       0      15    359.0054       0.3169741    
    159000      13       1       0      15    518.5634       0.5006223E-01
    160000       6       1       0      15    239.3370       0.2876128    
    161000      29       1       0      15    1156.795      -0.8177509E-01
    162000      16       1       0      15    638.2319      -0.1889258    
    163000      20       1       0      15    797.7898       0.4434676E-01
    164000       2       1       0      15    79.77898       0.1367882    
    165000       1       1       0      16    39.88949       0.1075853    
    166000       2       1       0      16    79.77898       0.7710633E-01
    167000      14       1       0      16    558.4529       0.3581715    
    168000      35       1       0      16    1396.132      -0.2634987    
    169000      18       1       0      16    718.0109       0.2345871    
    170000      19       1       0      16    757.9003       0.2657648E-01
    171000       5       1       0      16    199.4475       0.1210443    
    172000      22       1       0      16    877.5688       0.1366035    
    173000      47       1       0      16    1874.806      -0.3994890    
    174000      28       1       0      16    1116.906      -0.5938272    
    175000      23       1       0      16    917.4583      -0.1750405E-01
    176000      40       1       0      17    1595.580      -0.2350835    
    177000      24       1       0      17    957.3478      -0.8269118E-01
    178000       5       1       0      17    199.4475       0.1514500    
    179000       6       1       0      17    239.3370      -0.3020375E-01
    180000      36       1       0      17    1436.022      -0.1265169    
    181000       0       1       0      17    0.000000      -0.2515547E-06
    182000       4       1       0      17    159.5580       0.2101446    
    183000      18       1       0      17    718.0109      -0.2386565    
    184000       0       1       0      17    0.000000      -0.3602433E-06
    185000       4       1       0      17    159.5580       0.4418414    
    186000      10       1       0      17    398.8949       0.5087232    
    187000      40       1       0      18    1595.580      -0.2721415    
    188000      48       1       0      18    1914.696      -0.3594205    
    189000      18       1       0      18    718.0109       0.1456550    
    190000      32       1       0      18    1276.464       0.2730229    
    191000       5       1       0      18    199.4475       0.2689347    
    192000       9       1       0      18    359.0054       0.5607311    
    193000      17       1       0      18    678.1214       0.2723104    
    194000      20       1       0      18    797.7898       0.1185400    
    195000      38       1       0      18    1515.801      -0.1954597    
    196000      37       1       0      18    1475.911      -0.1896779    
    197000       2       1       0      18    79.77898       0.3347088    
    198000      34       1       0      19    1356.243      -0.7918529    
    199000      21       1       0      19    837.6793      -0.1352841    
    200000      47       1       0      19    1874.806      -0.5059882    
    201000      15       1       0      19    598.3424       0.2897096E-01
    202000      34       1       0      19    1356.243      -0.8752959    
    203000      38       1       0      19    1515.801      -0.1371478    
    204000       1       1       0      19    39.88949       0.8684473E-01
    205000      15       1       0      19    598.3424       0.2488470    
    206000      37       1       0      19    1475.911       0.2369697    
    207000      18       1       0      19    718.0109       0.7500278E-01
    208000      44       1       0      19    1755.138       0.4914398E-01
    209000      50       1       1      20    1994.475      -0.2045452    
    210000      49       1       1      20    1954.585      -0.9690180    
    211000      29       1       1      20    1156.795      -0.1722118    
    212000      60       1       1      20    2393.370      -0.6281302    
    213000      29       1       1      20    1156.795       0.3573665E-01
    214000      26       1       1      20    1037.127       0.2012330    
    215000      70       1       1      20    2792.264       -1.436057    
    216000      29       1       1      21    1156.795       0.1088799    
    217000      33       1       1      21    1316.353      -0.1712326    
    218000      39       1       1      21    1555.690      -0.2659300    
    219000      36       1       1      21    1436.022      -0.1270468    
    220000      58       1       1      21    2313.591       -1.032380    
    221000      44       1       1      21    1755.138      -0.1064416    
    222000      25       1       1      21    997.2373       0.1396919E-01
    223000      45       1       1      22    1795.027      -0.3778309E-01
    224000      68       1       1      22    2712.485       -1.419421    
    225000      27       1       1      22    1077.016       0.7456472E-01
    226000      70       1       1      22    2792.264       -1.281713    
    227000      24       1       1      22    957.3478      -0.6202254    
    228000      54       1       1      22    2154.033      -0.8054612    
    229000      68       1       1      22    2712.485      -0.7141430    
    230000      71       1       1      23    2832.154       -1.553851    
    231000      44       1       1      23    1755.138      -0.1058152    
    232000      66       1       1      23    2632.706      -0.7350106    
    233000      34       1       1      23    1356.243      -0.1860231    
    234000      56       1       1      23    2233.812      -0.4778205    
    235000      45       1       1      23    1795.027      -0.2154336    
    236000      64       1       1      23    2552.927       -1.051763    
    237000      35       1       1      23    1396.132      -0.2448454    
    238000      32       1       0      24    1276.464      -0.1524876E-01
    239000      24       1       0      24    957.3478      -0.2252672    
    240000       4       1       0      24    159.5580       0.1669988E-01
    241000      25       1       0      24    997.2373      -0.9510305E-01
    242000      23       1       0      24    917.4583       0.6170047E-01
    243000       7       1       0      24    279.2264      -0.2487423E-01
    244000      37       1       0      24    1475.911      -0.9627459E-01
    245000       9       1       0      24    359.0054       0.5268841    
    246000      12       1       0      24    478.6739       0.3031960    
    247000      45       1       0      24    1795.027      -0.6709676    
    248000      32       1       0      24    1276.464      -0.5221938    
    249000      47       1       0      25    1874.806      -0.2823444    
    250000      28       1       0      25    1116.906      -0.1236400    
    251000      32       1       0      25    1276.464       0.9703620E-02
    252000      16       1       0      25    638.2319       0.1433632    
    253000      20       1       0      25    797.7898      -0.1383793    
    254000      21       1       0      25    837.6793      -0.7777945E-01
    255000      28       1       0      25    1116.906       0.5827936E-01
    256000      28       1       0      25    1116.906      -0.5178277    
    257000      25       1       0      25    997.2373      -0.1631329    
    258000      21       1       0      25    837.6793       0.2234418E-01
    259000      11       1       0      25    438.7844      -0.2078854    
    260000      46       1       0      26    1834.917      -0.5038392    
    261000      24       1       0      26    957.3478       0.6779059E-01
    262000      36       1       0      26    1436.022      -0.3265110    
    263000      24       1       0      26    957.3478      -0.2522632E-01
    264000      40       1       0      26    1595.580      -0.2051664    
    265000      27       1       0      26    1077.016       0.9427450E-01
    266000      43       1       0      26    1715.248      -0.1442653    
    267000       3       1       0      26    119.6685       0.7210015    
    268000      37       1       0      26    1475.911      -0.2468274    
    269000      12       1       0      26    478.6739       0.3351682    
    270000       2       1       0      26    79.77898       0.1573388    
    271000      45       1       0      27    1795.027      -0.1380709    
    272000       0       1       0      27    0.000000       0.2483649E-06
    273000      15       1       0      27    598.3424       0.8059740E-01
    274000       8       1       0      27    319.1159      -0.2800927E-01
    275000       2       1       0      27    79.77898       0.3071650    
    276000      19       1       0      27    757.9003       0.2479053    
    277000       4       1       0      27    159.5580       0.2151484    
    278000      39       1       0      27    1555.690       0.1957941    
    279000      37       1       0      27    1475.911      -0.3982353    
    280000       2       1       0      27    79.77898       0.1556232    
    281000      15       1       0      27    598.3424       0.4298094    
    282000      12       1       0      28    478.6739       0.4674815    
    283000       9       1       0      28    359.0054       0.3215971    
    284000      37       1       0      28    1475.911      -0.3649772    
    285000      12       1       0      28    478.6739       0.1293540    
    286000      13       1       0      28    518.5634      -0.1022768    
    287000      32       1       0      28    1276.464      -0.2513554    
    288000      47       1       0      28    1874.806      -0.3803803    
    289000       9       1       0      28    359.0054       0.3957381E-01
    290000      36       1       0      28    1436.022      -0.2739723    
    291000      42       1       0      28    1675.359      -0.4432094    
    292000      27       1       0      28    1077.016      -0.6029991    
    293000      24       1       0      29    957.3478       0.1709478    
    294000      38       1       0      29    1515.801      -0.2324459    
    295000      11       1       0      29    438.7844       0.7240137    
    296000      33       1       0      29    1316.353      -0.2149230    
    297000       1       1       0      29    39.88949       0.4728428E-01
    298000      29       1       0      29    1156.795       0.3068611    
    299000      28       1       0      29    1116.906      -0.3974687E-01
    300000      41       1       0      29    1635.469       0.3949026E-01
    301000      10       1       0      29    398.8949       0.2709059    
    302000      17       1       0      29    678.1214       0.8430905E-01
    303000      41       1       0      29    1635.469      -0.6085892    
    304000      20       1       0      30    797.7898      -0.2126928E-01
    305000       4       1       0      30    159.5580       0.4596607    
    306000      21       1       0      30    837.6793       0.3749008    
    307000       1       1       0      30    39.88949       0.2293723    
    308000      22       1       0      30    877.5688       0.3856102E-01
    309000      28       1       0      30    1116.906      -0.3145190    
    310000      45       1       0      30    1795.027      -0.3405861    
    311000      47       1       0      30    1874.806      -0.2633423    
    312000      11       1       0      30    438.7844       0.3835978    
    313000      46       1       0      30    1834.917      -0.3044449    
    314000      18       1       0      30    718.0109       0.3134798    
    315000       7       1       0      31    279.2264       0.1174823    
    316000       7       1       0      31    279.2264       0.2800061    
    317000      21       1       0      31    837.6793      -0.6791573E-01
    318000       5       1       0      31    199.4475       0.2706269    
    319000      21       1       0      31    837.6793      -0.2977711    
    320000      46       1       0      31    1834.917      -0.6641303    
    321000      37       1       0      31    1475.911      -0.3694919    
    322000      46       1       0      31    1834.917      -0.3549911    
    323000      12       1       0      31    478.6739       0.5561939    
    324000      44       1       0      31    1755.138      -0.4631469E-01
    325000      11       1       0      31    438.7844       0.9254614E-01
    326000      26       1       0      32    1037.127       0.4084682    
    327000       0       1       0      32    0.000000      -0.6065253E-07
    328000       6       1       0      32    239.3370       0.3578217    
    329000      33       1       0      32    1316.353       0.2742815    
    330000       7       1       0      32    279.2264       0.4254232    
    331000      44       1       0      32    1755.138      -0.2766933    
    332000      16       1       0      32    638.2319       0.2353507E-01
    333000      22       1       0      32    877.5688       0.2968325    
    334000      28       1       0      32    1116.906      -0.4586512    
    335000       9       1       0      32    359.0054       0.3697248    
    336000       5       1       0      32    199.4475       0.2805199    
    337000      21       1       0      33    837.6793      -0.1495250    
    338000      23       1       0      33    917.4583       0.2712064    
    339000      29       1       0      33    1156.795      -0.1833211    
    340000       3       1       0      33    119.6685       0.7297003    
    341000      48       1       0      33    1914.696      -0.8971894    
    342000      18       1       0      33    718.0109      -0.2774501    
    343000      32       1       0      33    1276.464       0.2870808    
    344000      39       1       0      33    1555.690      -0.1153487    
    345000      27       1       0      33    1077.016       0.1642515    
    346000       1       1       0      33    39.88949       0.7411844E-01
    347000      33       1       0      33    1316.353      -0.5182722    
    348000      37       1       0      34    1475.911      -0.3634901    
    349000      32       1       0      34    1276.464      -0.5420400E-01
    350000      29       1       0      34    1156.795       0.4253467E-01
    351000       0       1       0      34    0.000000      -0.2091159E-06
    352000      28       1       0      34    1116.906      -0.3664225    
    353000      28       1       0      34    1116.906       0.2263436E-01
    354000      12       1       0      34    478.6739      -0.1508433    
    355000      28       1       0      34    1116.906      -0.5388375    
    356000      30       1       0      34    1196.685      -0.5596245E-01
    357000      17       1       0      34    678.1214      -0.4005867E-01
    358000      40       1       0      34    1595.580      -0.5415516    
    359000      38       1       0      35    1515.801      -0.1675586    
    360000      18       1       0      35    718.0109       0.2058929    
    361000      24       1       0      35    957.3478      -0.2132166    
    362000      20       1       0      35    797.7898       0.1448395    
    363000      13       1       0      35    518.5634       0.2755461E-01
    364000      11       1       0      35    438.7844       0.8561491E-01
    365000      14       1       0      35    558.4529       0.2404266E-01
    366000       4       1       0      35    159.5580       0.4900416    
    367000      48       1       0      35    1914.696      -0.4750360    
    368000      42       1       0      35    1675.359       0.8975983E-01
    369000      47       1       0      35    1874.806      -0.5692938    
    370000      19       1       0      36    757.9003       0.3966070    
    371000      23       1       0      36    917.4583       0.2055207    
    372000      23       1       0      36    917.4583      -0.2304827    
    373000      25       1       0      36    997.2373      -0.5539893E-01
    374000      11       1       0      36    438.7844       0.3348660    
    375000      26       1       0      36    1037.127      -0.6936614E-01
    376000      17       1       0      36    678.1214      -0.3371749    
    377000       7       1       0      36    279.2264       0.3864671    
    378000      42       1       0      36    1675.359      -0.6076973    
    379000       5       1       0      36    199.4475       0.1502847E-02
    380000      45       1       0      36    1795.027      -0.6443542    
    381000      16       1       0      37    638.2319       0.1298807    
    382000      20       1       0      37    797.7898       0.3391807    
    383000      35       1       0      37    1396.132      -0.6816009E-01
    384000      42       1       0      37    1675.359      -0.4172270    
    385000       4       1       0      37    159.5580       0.4437552    
    386000      33       1       0      37    1316.353      -0.3902215    
    387000      19       1       0      37    757.9003       0.7026076E-01
    388000       8       1       0      37    319.1159       0.2619769E-01
    389000      13       1       0      37    518.5634       0.2861175    
    390000      34       1       0      37    1356.243      -0.4732168    
    391000      22       1       0      37    877.5688      -0.4650493E-01
    392000      31       1       0      38    1236.574       0.7523531E-01
    393000       4       1       0      38    159.5580       0.1398716    
    394000       7       1       0      38    279.2264       0.2353502    
    395000      37       1       0      38    1475.911      -0.2382396    
    396000      22       1       0      38    877.5688       0.2980393E-01
    397000      32       1       0      38    1276.464      -0.4711152    
    398000      34       1       0      38    1356.243       0.2061521E-03
    399000      21       1       0      38    837.6793       0.3472703    
    400000      11       1       0      38    438.7844       0.2254826    
    401000      30       1       0      38    1196.685       0.5152988E-01
    402000       3       1       0      38    119.6685       0.5368272    
    403000      43       1       0      39    1715.248      -0.6476584    
    404000      47       1       0      39    1874.806      -0.5340430    
    405000      36       1       0      39    1436.022      -0.7466701    
    406000      25       1       0      39    997.2373       0.3459608    
    407000       8       1       0      39    319.1159       0.1979665    
    408000      25       1       0      39    997.2373       0.1252749    
    409000      26       1       0      39    1037.127       0.5958479    
    410000       6       1       0      39    239.3370       0.3619169    
    411000      29       1       0      39    1156.795       0.4744399E-01
    412000       8       1       0      39    319.1159       0.6400363    
    413000      34       1       0      39    1356.243      -0.4039276    
    414000      41       1       0      40    1635.469      -0.3468922    
    415000       6       1       0      40    239.3370       0.3766827E-02
    416000      26       1       0      40    1037.127      -0.1764716    
    417000      21       1       0      40    837.6793      -0.3583037E-01
    418000       5       1       0      40    199.4475       0.1544982    
    419000      30       1       0      40    1196.685      -0.1305374    
    420000      10       1       0      40    398.8949       0.6399349    
    421000      42       1       0      40    1675.359       0.1244283E-01
    422000      44       1       0      40    1755.138       -1.062641    
    423000      16       1       0      40    638.2319      -0.2773253E-01
    424000      45       1       0      40    1795.027      -0.1877415E-01
    425000      45       1       0      41    1795.027      -0.2205312    
    426000      42       1       0      41    1675.359      -0.7198157    
    427000      16       1       0      41    638.2319       0.2437408    
    428000      22       1       0      41    877.5688       0.5888841E-01
    429000      30       1       0      41    1196.685      -0.5734978E-01
    430000      47       1       0      41    1874.806      -0.6444137    
    431000      43       1       0      41    1715.248      -0.8404974    
    432000      18       1       0      41    718.0109      -0.3785656E-01
    433000      38       1       0      41    1515.801      -0.1311046E-01
    434000      40       1       0      41    1595.580       0.2145324    
    435000      23       1       0      41    917.4583       0.1055978    
    436000      33       1       0      42    1316.353      -0.3349254E-01
    437000      11       1       0      42    438.7844      -0.1526260    
    438000      23       1       0      42    917.4583       0.2213764    
    439000      35       1       0      42    1396.132       0.1263481E-01
    440000      47       1       0      42    1874.806      -0.7475345    
    441000      31       1       0      42    1236.574      -0.1304058    
    442000      26       1       0      42    1037.127      -0.4791492E-01
    443000      45       1       0      42    1795.027      -0.6095024E-01
    444000      43       1       0      42    1715.248      -0.3334827    
    445000      11       1       0      42    438.7844       0.1889826    
    446000      30       1       0      42    1196.685      -0.7738167E-01
    447000      30       1       0      43    1196.685      -0.2448342E-01
    448000       4       1       0      43    159.5580      -0.1716228    
    449000      19       1       0      43    757.9003      -0.1144817    
    450000      33       1       0      43    1316.353      -0.1777507    
    451000       1       1       0      43    39.88949       0.1087514    
    452000      39       1       0      43    1555.690      -0.4168970    
    453000      31       1       0      43    1236.574      -0.1533241    
    454000      20       1       0      43    797.7898      -0.1060531    
    455000      33       1       0      43    1316.353      -0.1897363    
    456000       4       1       0      43    159.5580        1.639233    
    457000      41       1       0      43    1635.469      -0.4183497    
    458000      35       1       0      44    1396.132      -0.1999361    
    459000      11       1       0      44    438.7844      -0.5004678E-01
    460000      40       1       0      44    1595.580      -0.3984693    
    461000       3       1       0      44    119.6685      -0.1071245    
    462000       7       1       0      44    279.2264       0.8560144E-01
    463000      22       1       0      44    877.5688       0.1346123    
    464000      23       1       0      44    917.4583       0.2829373    
    465000      24       1       0      44    957.3478      -0.1014371    
    466000      21       1       0      44    837.6793      -0.2571305    
    467000      27       1       0      44    1077.016      -0.1779036    
    468000      38       1       0      44    1515.801      -0.2336024    
    469000       8       1       0      45    319.1159        1.027633    
    470000      12       1       0      45    478.6739      -0.8710277E-01
    471000      23       1       0      45    917.4583       0.6726775    
    472000      20       1       0      45    797.7898      -0.9688332E-01
    473000      38       1       0      45    1515.801      -0.2447679    
    474000      16       1       0      45    638.2319       0.3290933    
    475000       3       1       0      45    119.6685       0.1736999E-02
    476000      26       1       0      45    1037.127      -0.3646240E-01
    477000      45       1       0      45    1795.027       0.1136166    
    478000      15       1       0      45    598.3424      -0.3974403E-01
    479000      34       1       0      45    1356.243      -0.1516525    
    480000      48       1       1      46    1914.696      -0.3746318    
    481000      34       1       1      46    1356.243      -0.6886729    
    482000      59       1       1      46    2353.480      -0.3052871    
    483000      24       1       1      46    957.3478       0.6241460E-01
    484000      72       1       1      46    2872.043       -1.142217    
    485000      68       1       1      46    2712.485       -1.230788    
    486000      58       1       1      46    2313.591      -0.9483791    
    487000      56       1       1      47    2233.812      -0.8953278    
    488000      68       1       1      47    2712.485       -1.526136    
    489000      49       1       1      47    1954.585      -0.4141657    
    490000      66       1       1      47    2632.706       -1.437946    
    491000      41       1       1      47    1635.469      -0.2969294    
    492000      51       1       1      47    2034.364      -0.9389320    
    493000      60       1       1      47    2393.370       -1.019520    
    494000      60       1       1      48    2393.370      -0.4509363    
    495000      32       1       1      48    1276.464      -0.1717116    
    496000      38       1       1      48    1515.801      -0.4365932    
    497000      26       1       1      48    1037.127      -0.7283552    
    498000      44       1       1      48    1755.138      -0.5604857    
    499000      53       1       1      48    2114.143      -0.7800221    
    500000      66       1       1      48    2632.706      -0.4277344    
    501000      68       1       1      48    2712.485       -1.454164    
    502000      44       1       1      49    1755.138      -0.4258583    
    503000      67       1       1      49    2672.596      -0.8796889    
    504000      50       1       1      49    1994.475      -0.9588695    
    505000      60       1       1      49    2393.370       -1.109110    
    506000      36       1       1      49    1436.022      -0.2414555E-01
    507000      47       1       1      49    1874.806      -0.4128299    
    508000      68       1       1      49    2712.485       -1.468988    
    509000      32       1       1      50    1276.464      -0.5098381E-01
    510000      69       1       1      50    2752.375       -1.269273    
    511000      31       1       1      50    1236.574       0.2540494    
    512000      36       1       1      50    1436.022      -0.3631398    
    513000      57       1       1      50    2273.701      -0.2939930E-01
    514000      58       1       1      50    2313.591      -0.4235833    
    515000      49       1       1      50    1954.585       0.1714756    
    516000      29       1       1      51    1156.795      -0.1398416    
    517000      51       1       1      51    2034.364      -0.2932106    
    518000      37       1       1      51    1475.911       0.7805569E-01
    519000      70       1       1      51    2792.264      -0.8899451    
    520000      28       1       1      51    1116.906      -0.1429219    
    521000      45       1       1      51    1795.027      -0.5091851    
    522000      68       1       1      51    2712.485      -0.5974975    
    523000      69       1       2      52    2752.375       -1.820824    
    524000      90       1       2      52    3590.054       -1.775999    
    525000      63       1       2      52    2513.038       -1.078224    
    526000      79       1       2      52    3151.270       -1.417456    
    527000      54       1       2      52    2154.033      -0.3272254    
    528000      54       1       2      52    2154.033      -0.6710270    
    529000      82       1       2      53    3270.938       -1.668451    
    530000      79       1       2      53    3151.270       -2.042450    
    531000      69       1       2      53    2752.375      -0.9337149    
    532000      70       1       2      53    2792.264       -1.583555    
    533000      61       1       2      53    2433.259       -1.004013    
    534000      90       1       2      54    3590.054       -1.954275    
    535000      51       1       2      54    2034.364      -0.6497852    
    536000      75       1       2      54    2991.712       -1.176050    
    537000      83       1       2      54    3310.828       -1.819731    
    538000      68       1       2      54    2712.485       -1.565910    
    539000      89       1       2      54    3550.165       -1.804046    
    540000      85       1       2      55    3390.607       -1.637657    
    541000      49       1       2      55    1954.585      -0.6051366    
    542000      97       1       2      55    3869.281       -2.042038    
    543000      91       1       2      55    3629.944       -1.787210    
    544000      51       1       2      55    2034.364      -0.5037564    
    545000      77       1       2      56    3071.491       -1.229141    
    546000      61       1       2      56    2433.259       -1.290712    
    547000      65       1       2      56    2592.817       -1.288299    
    548000      73       1       2      56    2911.933       -1.369584    
    549000      56       1       2      56    2233.812      -0.6449530    
    550000      58       1       2      56    2313.591       -1.228515    
    551000      84       1       2      57    3350.717       -1.390235    
    552000      64       1       2      57    2552.927       -1.148470    
    553000      68       1       2      57    2712.485       -1.411859    
    554000      92       1       2      57    3669.833       -2.332170    
    555000      68       1       2      57    2712.485      -0.5776206    
    556000      83       1       2      58    3310.828       -2.026032    
    557000      80       1       2      58    3191.159       -1.814056    
    558000      69       1       2      58    2752.375       -1.323058    
    559000      90       1       2      58    3590.054       -1.495698    
    560000      93       1       2      58    3709.723       -1.828771    
    561000      52       1       2      58    2074.254      -0.7780257    
    562000      56       1       2      59    2233.812      -0.2175700    
    563000      82       1       2      59    3270.938       -1.191786    
    564000      58       1       2      59    2313.591       -1.138616    
    565000      85       1       2      59    3390.607       -1.532326    
    566000      77       1       2      59    3071.491       -1.381809    
    567000      62       1       2      60    2473.148      -0.1524868    
    568000      96       1       2      60    3829.391       -1.477686    
    569000      80       1       2      60    3191.159       -1.692548    
    570000      61       1       2      60    2433.259       -1.593250    
    571000      53       1       2      60    2114.143       -1.056742    
    572000      70       1       2      60    2792.264      -0.8842773    
    573000      69       1       2      61    2752.375       -1.366819    
    574000      59       1       2      61    2353.480       -1.172868    
    575000      72       1       2      61    2872.043       -1.124896    
    576000      53       1       2      61    2114.143      -0.9043333    
    577000      68       1       2      61    2712.485      -0.4329694    
    578000      94       1       2      62    3749.612       -1.760556    
    579000      72       1       2      62    2872.043       -1.200060    
    580000      95       1       2      62    3789.502       -1.852859    
    581000      66       1       2      62    2632.706       -1.010964    
    582000      56       1       2      62    2233.812      -0.4405809    
    583000      85       1       2      62    3390.607       -1.730606    
    584000      56       1       2      63    2233.812      -0.7889021    
    585000      84       1       2      63    3350.717       -1.252121    
    586000      56       1       2      63    2233.812      -0.9821900    
    587000      57       1       2      63    2273.701       -1.201946    
    588000      73       1       2      63    2911.933       -1.778332    
    589000      75       1       2      64    2991.712       -1.451871    
    590000      92       1       2      64    3669.833       -1.694593    
    591000      76       1       2      64    3031.601       -1.159695    
    592000      65       1       2      64    2592.817       -1.180948    
    593000      72       1       2      64    2872.043       -1.669646    
    594000      79       1       2      64    3151.270       -1.770988    
    595000      77       1       2      65    3071.491       -1.523532    
    596000      50       1       2      65    1994.475      -0.6241568    
    597000      70       1       2      65    2792.264       -1.066124    
    598000      56       1       2      65    2233.812      -0.8455637    
    599000      89       1       2      65    3550.165       -1.900411    
    600000      95       1       3      66    3789.502       -1.715936    
    601000      94       1       3      66    3749.612       -1.972996    
    602000     108       1       3      66    4308.065       -2.306546    
    603000     109       1       3      66    4347.955       -1.967635    
    604000      93       1       3      66    3709.723       -1.900235    
    605000      97       1       3      67    3869.281       -1.990512    
    606000      81       1       3      67    3231.049       -1.732071    
    607000     115       1       3      67    4587.292       -2.260807    
    608000     119       1       3      67    4746.850       -2.274913    
    609000      84       1       3      68    3350.717       -1.590716    
    610000      92       1       3      68    3669.833       -1.855492    
    611000     113       1       3      68    4507.513       -2.276515    
    612000      76       1       3      68    3031.601       -1.266506    
    613000      76       1       3      68    3031.601       -1.315130    
    614000      76       1       3      69    3031.601       -1.198599    
    615000      80       1       3      69    3191.159       -1.653837    
    616000      95       1       3      69    3789.502       -2.124606    
    617000     111       1       3      69    4427.734       -2.496060    
    618000      75       1       3      70    2991.712       -1.720692    
    619000     114       1       3      70    4547.402       -2.094566    
    620000     119       1       3      70    4746.850       -2.233905    
    621000     121       1       3      70    4826.629       -2.224566    
    622000     121       1       3      70    4826.629       -2.255779    
    623000     106       1       3      71    4228.286       -2.222446    
    624000      98       1       3      71    3909.170       -1.718950    
    625000      76       1       3      71    3031.601       -1.315395    
    626000     114       1       3      71    4547.402       -2.303254    
    627000     108       1       4      72    4308.065       -1.930735    
    628000     100       1       4      72    3988.949       -1.925253    
    629000     114       1       4      72    4547.402       -2.207799    
    630000     124       1       4      72    4946.297       -2.076158    
    631000     102       1       4      73    4068.728       -2.099963    
    632000     113       1       4      73    4507.513       -2.124051    
    633000     103       1       4      73    4108.618       -1.833676    
    634000     130       1       4      74    5185.634       -2.221111    
    635000     111       1       4      74    4427.734       -1.835808    
    636000     120       1       4      74    4786.739       -2.292421    
    637000     138       1       4      74    5504.750       -2.147298    
    638000     128       1       4      75    5105.855       -2.180153    
    639000     117       1       4      75    4667.071       -2.188787    
    640000     141       1       4      75    5624.418       -2.515466    
    641000     103       1       4      75    4108.618       -1.738111    
    642000     130       1       4      76    5185.634       -2.259995    
    643000     113       1       4      76    4507.513       -2.285190    
    644000     111       1       4      76    4427.734       -2.093220    
    645000     112       1       4      77    4467.623       -2.285809    
    646000     117       1       4      77    4667.071       -2.141601    
    647000     133       1       4      77    5305.302       -2.312251    
    648000      99       1       4      77    3949.060       -1.768588    
    649000     144       1       4      78    5744.087       -2.634380    
    650000     100       1       4      78    3988.949       -1.851116    
    651000     123       1       4      78    4906.408       -2.219463    
    652000     114       1       4      78    4547.402       -2.326485    
    653000     120       1       4      79    4786.739       -1.717173    
    654000     145       1       4      79    5783.976       -2.301747    
    655000     141       1       4      79    5624.418       -2.303565    
    656000     112       1       4      80    4467.623       -1.954482    
    657000     141       1       4      80    5624.418       -2.594694    
    658000     108       1       4      80    4308.065       -1.819755    
    659000     112       1       4      80    4467.623       -2.218233    
    660000     110       1       4      81    4387.844       -1.949336    
    661000     107       1       4      81    4268.176       -1.980311    
    662000     117       1       4      81    4667.071       -2.297959    
    663000     116       1       4      81    4627.181       -2.071101    
    664000     101       1       4      82    4028.839       -2.252208    
    665000     110       1       4      82    4387.844       -1.941363    
    666000     133       1       4      82    5305.302       -2.137346    
    667000     108       1       4      82    4308.065       -1.520252    
    668000     111       1       4      83    4427.734       -2.047113    
    669000     128       1       4      83    5105.855       -2.322547    
    670000     116       1       4      83    4627.181       -1.893491    
    671000     131       1       5      84    5225.523       -2.475240    
    672000     165       1       5      84    6581.766       -2.451139    
    673000     166       1       5      84    6621.656       -2.432579    
    674000     151       1       5      85    6023.313       -2.578527    
    675000     165       1       5      85    6581.766       -2.323998    
    676000     122       1       5      85    4866.518       -2.305905    
    677000     156       1       5      86    6222.761       -2.545891    
    678000     160       1       5      86    6382.319       -2.351357    
    679000     168       1       5      86    6701.435       -2.597388    
    680000     140       1       5      87    5584.529       -2.254953    
    681000     158       1       5      87    6302.540       -2.391514    
    682000     156       1       5      87    6222.761       -2.533743    
    683000     162       1       6      88    6462.098       -2.718297    
    684000     155       1       6      88    6182.871       -2.500979    
    685000     162       1       6      88    6462.098       -2.694013    
    686000     154       1       6      89    6142.982       -2.696092    
    687000     180       1       6      89    7180.109       -2.390113    
    688000     186       1       6      90    7419.445       -2.419110    
    689000     191       1       6      90    7618.893       -2.731110    
    690000     151       1       6      90    6023.313       -2.685892    
    691000     167       1       6      91    6661.545       -2.302261    
    692000     171       1       6      91    6821.103       -2.714020    
    693000     188       1       6      91    7499.224       -2.795873    
    694000     162       1       6      92    6462.098       -2.416885    
    695000     157       1       6      92    6262.650       -2.500403    
    696000     155       1       6      92    6182.871       -2.372264    
    697000     189       1       6      93    7539.114       -2.711665    
    698000     161       1       6      93    6422.208       -2.452835    
    699000     157       1       5      94    6262.650       -2.219188    
    700000     134       1       5      94    5345.192       -2.417431    
    701000     134       1       5      94    5345.192       -2.421950    
    702000     129       1       5      95    5145.744       -2.303481    
    703000     144       1       5      95    5744.087       -2.531822    
    704000     149       1       5      95    5943.534       -2.589281    
    705000     136       1       5      95    5424.971       -2.160877    
    706000     145       1       5      96    5783.976       -2.525768    
    707000     129       1       5      96    5145.744       -2.655002    
    708000     136       1       5      97    5424.971       -2.300732    
    709000     133       1       5      97    5305.302       -2.382720    
    710000     132       1       5      97    5265.413       -2.371094    
    711000     148       1       5      97    5903.645       -2.525711    
    712000     167       1       5      98    6661.545       -2.734900    
    713000     153       1       5      98    6103.092       -2.626161    
    714000     149       1       5      99    5943.534       -2.397054    
    715000     138       1       5      99    5504.750       -2.679666    
    716000     166       1       5      99    6621.656       -2.740933    
    717000     149       1       5      99    5943.534       -2.312646    
    718000     159       1       5     100    6342.429       -2.603843    
    719000     141       1       5     100    5624.418       -2.242469    
    720000     144       1       5     100    5744.087       -2.720294    
    721000     153       1       5     101    6103.092       -2.533971    
    722000     122       1       5     101    4866.518       -2.140886    
    723000     164       1       5     101    6541.877       -2.540399    
    724000     148       1       5     102    5903.645       -2.462099    
    725000     130       1       5     102    5185.634       -2.326797    
    726000     153       1       5     102    6103.092       -2.658810    
    727000     140       1       5     103    5584.529       -2.484114    
    728000     148       1       5     103    5903.645       -2.486496    
    729000     128       1       5     103    5105.855       -1.941554    
    730000     170       1       5     103    6781.214       -2.562211    
    731000     131       1       5     104    5225.523       -2.493126    
    732000     146       1       5     104    5823.866       -2.435181    
    733000     126       1       5     104    5026.076       -2.382153    
    734000     159       1       5     105    6342.429       -2.791720    
    735000     166       1       5     105    6621.656       -2.764986    
    736000     147       1       5     105    5863.755       -2.554367    
    737000     132       1       5     106    5265.413       -2.653616    
    738000     164       1       5     106    6541.877       -2.212123    
    739000     167       1       5     106    6661.545       -2.706033    
    740000     129       1       5     107    5145.744       -2.261018    
    741000     152       1       5     107    6063.203       -2.366904    
    742000     144       1       5     107    5744.087       -2.514835    
    743000     122       1       5     108    4866.518       -2.185863    
    744000     157       1       5     108    6262.650       -2.520627    
    745000     150       1       5     108    5983.424       -2.542933    
    746000     161       1       5     108    6422.208       -2.396646    
    747000     168       1       5     109    6701.435       -2.493845    
    748000     167       1       5     109    6661.545       -2.616592    
    749000     161       1       5     109    6422.208       -2.371426    
    750000     147       1       5     110    5863.755       -2.350670    
    751000     132       1       5     110    5265.413       -2.583153    
    752000     135       1       5     110    5385.081       -2.090285    
    753000     169       1       5     111    6741.324       -2.701295    
    754000     144       1       5     111    5744.087       -2.391691    
    755000     170       1       5     111    6781.214       -2.583578    
    756000     124       1       5     112    4946.297       -2.312171    
    757000     152       1       5     112    6063.203       -2.719057    
    758000     170       1       5     112    6781.214       -2.572511    
    759000     163       1       5     113    6501.987       -2.709675    
    760000     168       1       5     113    6701.435       -2.591866    
    761000     159       1       5     114    6342.429       -2.339634    
    762000     146       1       5     114    5823.866       -2.478986    
    763000     153       1       5     114    6103.092       -2.859513    
    764000     124       1       5     114    4946.297       -2.227893    
    765000     122       1       5     115    4866.518       -2.294663    
    766000     132       1       5     115    5265.413       -2.167476    
    767000     158       1       5     115    6302.540       -2.504770    
    768000     134       1       5     116    5345.192       -2.292087    
    769000     159       1       5     116    6342.429       -2.617047    
    770000     149       1       5     116    5943.534       -2.655828    
    771000     129       1       5     117    5145.744       -2.353911    
    772000     131       1       5     117    5225.523       -1.848158    
    773000     154       1       5     117    6142.982       -2.407483    
    774000     148       1       5     118    5903.645       -2.589211    
    775000     169       1       5     118    6741.324       -2.455020    
    776000     133       1       5     118    5305.302       -2.360390    
    777000     131       1       5     119    5225.523       -2.604965    
    778000     167       1       5     119    6661.545       -2.540303    
    779000     134       1       5     119    5345.192       -2.681580    
    780000     168       1       6     120    6701.435       -2.796890    
    781000     166       1       6     120    6621.656       -2.546571    
    782000     186       1       6     120    7419.445       -2.924334    
    783000     147       1       6     121    5863.755       -2.319069    
    784000     157       1       6     121    6262.650       -2.055134    
    785000     167       1       6     121    6661.545       -2.337091    
    786000     150       1       6     122    5983.424       -2.587260    
    787000     167       1       6     122    6661.545       -2.513553    
    788000     154       1       6     122    6142.982       -2.229272    
    789000     149       1       6     123    5943.534       -2.084139    
    790000     179       1       6     123    7140.219       -2.645880    
    791000     164       1       6     124    6541.877       -2.475605    
    792000     161       1       6     124    6422.208       -2.518251    
    793000     177       1       6     124    7060.440       -2.803370    
    794000     185       1       6     125    7379.556       -2.957375    
    795000     158       1       6     125    6302.540       -2.612993    
    796000     186       1       6     125    7419.445       -2.816620    
    797000     148       1       5     126    5903.645       -2.382147    
    798000     154       1       5     126    6142.982       -2.774913    
    799000     147       1       5     126    5863.755       -2.794431    
    800000     155       1       5     127    6182.871       -2.505267    
    801000     160       1       5     127    6382.319       -2.644133    
    802000     132       1       5     127    5265.413       -2.361464    
    803000     161       1       5     128    6422.208       -2.565026    
    804000     152       1       5     128    6063.203       -2.380824    
    805000     154       1       5     128    6142.982       -2.412820    
    806000     145       1       5     129    5783.976       -2.355464    
    807000     154       1       5     129    6142.982       -2.570964    
    808000     146       1       5     129    5823.866       -2.659435    
    809000     150       1       5     130    5983.424       -2.347893    
    810000     170       1       5     130    6781.214       -2.822859    
    811000     129       1       5     130    5145.744       -2.232691    
    812000     134       1       5     131    5345.192       -2.283196    
    813000     135       1       5     131    5385.081       -2.273617    
    814000     160       1       5     131    6382.319       -2.573702    
    815000     157       1       5     132    6262.650       -2.580297    
    816000     142       1       5     132    5664.308       -2.402820    
    817000     148       1       5     132    5903.645       -2.548507    
    818000     165       1       5     132    6581.766       -2.340960    
    819000     160       1       5     133    6382.319       -2.839151    
    820000     123       1       5     133    4906.408       -2.382010    
    821000     132       1       5     133    5265.413       -2.014930    
    822000     138       1       5     134    5504.750       -2.310990    
    823000     140       1       5     134    5584.529       -2.182294    
    824000     159       1       5     134    6342.429       -2.312026    
    825000     164       1       5     135    6541.877       -2.598155    
    826000     125       1       5     135    4986.186       -2.294046    
    827000     160       1       5     135    6382.319       -2.739137    
    828000     152       1       5     136    6063.203       -2.230934    
    829000     128       1       5     136    5105.855       -2.383304    
    830000     131       1       5     136    5225.523       -2.242373    
    831000     125       1       5     136    4986.186       -2.255398    
    832000     123       1       5     137    4906.408       -2.165502    
    833000     130       1       5     137    5185.634       -2.459995    
    834000     134       1       5     137    5345.192       -2.646305    
    835000     168       1       5     138    6701.435       -2.642731    
    836000     152       1       5     138    6063.203       -2.610371    
    837000     151       1       5     138    6023.313       -2.552901    
    838000     151       1       5     139    6023.313       -2.477955    
    839000     150       1       5     139    5983.424       -2.148611    
    840000     140       1       5     139    5584.529       -2.307923    
    841000     122       1       5     140    4866.518       -2.119049    
    842000     159       1       5     140    6342.429       -2.724123    
    843000     166       1       5     140    6621.656       -2.830763    
    844000     137       1       5     141    5464.860       -2.241817    
    845000     167       1       5     141    6661.545       -2.600694    
    846000     166       1       5     141    6621.656       -2.446716    
    847000     128       1       5     142    5105.855       -2.264563    
    848000     166       1       5     142    6621.656       -2.469410    
    849000     168       1       5     142    6701.435       -2.745174    
    850000     146       1       5     143    5823.866       -2.661369    
    851000     126       1       5     143    5026.076       -2.034176    
    852000     125       1       5     143    4986.186       -2.201523    
    853000     130       1       4     144    5185.634       -2.407547    
    854000     105       1       4     144    4188.397       -1.949396    
    855000      99       1       4     144    3949.060       -1.711549    
    856000     116       1       4     144    4627.181       -2.354907    
    857000     134       1       4     145    5345.192       -2.312977    
    858000     136       1       4     145    5424.971       -2.235450    
    859000     112       1       4     145    4467.623       -2.166794    
    860000     134       1       4     146    5345.192       -2.506699    
    861000     131       1       4     146    5225.523       -2.116512    
    862000     114       1       4     146    4547.402       -2.163965    
    863000     145       1       4     146    5783.976       -2.255128    
    864000     135       1       4     147    5385.081       -2.231495    
    865000     125       1       4     147    4986.186       -1.985794    
    866000     132       1       4     147    5265.413       -2.555765    
    867000     125       1       4     148    4986.186       -2.247569    
    868000     122       1       4     148    4866.518       -2.310256    
    869000     128       1       4     148    5105.855       -2.223176    
    870000     102       1       4     148    4068.728       -1.840819    
    871000     145       1       4     149    5783.976       -2.426565    
    872000     107       1       4     149    4268.176       -1.657528    
    873000     108       1       4     149    4308.065       -2.177765    
    874000     125       1       4     150    4986.186       -2.164757    
    875000     144       1       4     150    5744.087       -2.406739    
    876000     114       1       4     150    4547.402       -1.864931    
    877000     100       1       4     150    3988.949       -1.847515    
    878000      99       1       4     151    3949.060       -1.730112    
    879000     139       1       4     151    5544.639       -2.048852    
    880000     141       1       4     151    5624.418       -2.335276    
    881000     109       1       4     152    4347.955       -2.173319    
    882000     109       1       4     152    4347.955       -2.289170    
    883000     116       1       4     152    4627.181       -2.191444    
    884000     102       1       4     152    4068.728       -2.003414    
    885000     122       1       4     153    4866.518       -2.367562    
    886000     116       1       4     153    4627.181       -1.973232    
    887000     133       1       4     153    5305.302       -2.510844    
    888000      98       1       4     153    3909.170       -2.028111    
    889000     127       1       4     154    5065.965       -2.002629    
    890000     128       1       4     154    5105.855       -2.328894    
    891000      99       1       4     154    3949.060       -2.223239    
    892000     133       1       4     155    5305.302       -2.186839    
    893000     126       1       4     155    5026.076       -2.405346    
    894000     101       1       4     155    4028.839       -1.635955    
    895000     109       1       4     155    4347.955       -1.875985    
    896000     110       1       4     156    4387.844       -2.105994    
    897000      99       1       4     156    3949.060       -2.122044    
    898000     101       1       4     156    4028.839       -2.253312    
    899000     117       1       4     156    4667.071       -2.454828    
    900000     140       1       4     157    5584.529       -2.266951    
    901000     109       1       4     157    4347.955       -2.031846    
    902000     107       1       4     157    4268.176       -2.235197    
    903000     123       1       4     158    4906.408       -2.311308    
    904000     114       1       4     158    4547.402       -2.336254    
    905000     101       1       4     158    4028.839       -1.711229    
    906000      98       1       4     158    3909.170       -2.079708    
    907000     146       1       4     159    5823.866       -2.463304    
    908000     117       1       4     159    4667.071       -2.316231    
    909000     106       1       4     159    4228.286       -2.100460    
    910000     113       1       4     159    4507.513       -2.114030    
    911000     160       1       5     160    6382.319       -2.425843    
    912000     151       1       5     160    6023.313       -2.362063    
    913000     163       1       5     160    6501.987       -2.273079    
    914000     126       1       5     161    5026.076       -2.483912    
    915000     135       1       5     161    5385.081       -2.060073    
    916000     129       1       5     161    5145.744       -2.175448    
    917000     163       1       6     162    6501.987       -2.271204    
    918000     151       1       6     162    6023.313       -2.316512    
    919000     147       1       6     162    5863.755       -2.671388    
    920000     194       1       6     163    7738.561       -2.814665    
    921000     150       1       6     163    5983.424       -2.392265    
    922000     191       1       6     163    7618.893       -2.663473    
    923000     178       1       6     164    7100.330       -2.652944    
    924000     181       1       6     164    7219.998       -2.757809    
    925000     159       1       6     164    6342.429       -2.447303    
    926000     193       1       6     165    7698.672       -2.623025    
    927000     168       1       6     165    6701.435       -2.905694    
    928000     169       1       6     165    6741.324       -2.401719    
    929000     174       1       6     166    6940.772       -2.557543    
    930000     194       1       6     166    7738.561       -2.879298    
    931000     185       1       6     167    7379.556       -2.551042    
    932000     181       1       6     167    7219.998       -2.697872    
    933000     152       1       6     167    6063.203       -2.449682    
    934000     189       1       7     168    7539.114       -2.963760    
    935000     176       1       7     168    7020.551       -2.558974    
    936000     188       1       7     168    7499.224       -2.805899    
    937000     171       1       7     169    6821.103       -2.536838    
    938000     192       1       7     169    7658.782       -2.733926    
    939000     177       1       7     170    7060.440       -2.707790    
    940000     186       1       7     170    7419.445       -2.154310    
    941000     211       1       7     171    8416.683       -3.034389    
    942000     214       1       7     171    8536.351       -2.562848    
    943000     205       1       7     171    8177.346       -2.766643    
    944000     197       1       8     172    7858.230       -2.934618    
    945000     200       1       8     172    7977.898       -2.673401    
    946000     212       1       8     173    8456.572       -2.663508    
    947000     200       1       8     173    7977.898       -2.812257    
    948000     226       1       8     174    9015.025       -2.896113    
    949000     240       1       8     174    9573.478       -2.954433    
    950000     218       1       8     175    8695.909       -2.761909    
    951000     196       1       8     175    7818.340       -2.983628    
    952000     242       1       9     176    9653.257       -2.822787    
    953000     240       1       9     176    9573.478       -2.783177    
    954000     221       1       9     176    8815.578       -3.036935    
    955000     224       1       9     177    8935.246       -2.745788    
    956000     236       1       9     177    9413.920       -2.868178    
    957000     232       1       9     178    9254.362       -2.948609    
    958000     244       1       9     178    9733.036       -2.856643    
    959000     266       1       9     179    10610.60       -3.273205    
    960000     246       1       9     179    9812.815       -3.193751    
    961000     240       1       9     180    9573.478       -2.962389    
    962000     232       1       9     180    9254.362       -2.828358    
    963000     260       1       9     181    10371.27       -2.860934    
    964000     258       1       9     182    10291.49       -3.085118    
    965000     248       1       9     182    9892.594       -2.961657    
    966000     235       1       9     183    9374.031       -2.863787    
    967000     250       1       9     183    9972.373       -2.993399    
    968000     230       1       9     183    9174.583       -3.064562    
    969000     256       1       9     184    10211.71       -3.017280    
    970000     263       1       9     184    10490.94       -3.295318    
    971000     228       1       9     185    9094.804       -3.051946    
    972000     224       1       9     185    8935.246       -2.897209    
    973000     291       1      10     186    11607.84       -2.996581    
    974000     278       1      10     187    11089.28       -3.032352    
    975000     293       1      10     187    11687.62       -3.227106    
    976000     275       1      10     188    10969.61       -3.203487    
    977000     245       1      10     188    9772.926       -3.081030    
    978000     256       1      10     189    10211.71       -3.013560    
    979000     273       1      10     190    10889.83       -3.089995    
    980000     250       1      10     190    9972.373       -3.157270    
    981000     287       1      10     191    11448.28       -3.232452    
    982000     268       1       9     192    10690.38       -3.166412    
    983000     223       1       9     192    8895.357       -2.966521    
    984000     237       1       9     193    9453.810       -3.137293    
    985000     232       1       9     193    9254.362       -2.708620    
    986000     238       1       9     194    9493.699       -2.969083    
    987000     267       1       9     194    10650.49       -3.141334    
    988000     268       1       9     195    10690.38       -3.050900    
    989000     265       1       9     195    10570.72       -3.127708    
    990000     230       1       9     196    9174.583       -2.927000    
    991000     233       1       9     196    9294.252       -2.994298    
    992000     264       1       9     197    10530.83       -2.866512    
    993000     265       1       9     197    10570.72       -2.858302    
    994000     284       1      10     198    11328.62       -3.046040    
    995000     262       1      10     199    10451.05       -2.985153    
    996000     265       1      10     199    10570.72       -3.275927    
    997000     316       1      11     200    12605.08       -3.297315    
    998000     276       1      11     200    11009.50       -3.310554    
    999000     280       1      11     201    11169.06       -3.136682    
   1000000     308       1      11     201    12285.96       -3.213482    
   1001000     291       1      11     202    11607.84       -3.360218    
   1002000     275       1      11     203    10969.61       -3.047239    
   1003000     294       1      11     203    11727.51       -3.208993    
   1004000     246       1      10     204    9812.815       -3.082636    
   1005000     268       1      10     204    10690.38       -3.236829    
   1006000     279       1      10     205    11129.17       -3.133696    
   1007000     251       1      10     205    10012.26       -3.108748    
   1008000     257       1      10     206    10251.60       -3.147402    
   1009000     254       1      10     207    10131.93       -3.033249    
   1010000     279       1      10     207    11129.17       -3.010110    
   1011000     257       1      10     208    10251.60       -3.069733    
   1012000     249       1      10     208    9932.483       -2.831026    
   1013000     265       1      10     209    10570.72       -3.293805    
   1014000     258       1      10     210    10291.49       -2.990306    
   1015000     260       1      10     210    10371.27       -3.170187    
   1016000     289       1      10     211    11528.06       -3.179520    
   1017000     282       1      11     212    11248.84       -3.148029    
   1018000     276       1      11     212    11009.50       -3.199842    
   1019000     314       1      11     213    12525.30       -3.287160    
   1020000     290       1      11     214    11567.95       -3.246400    
   1021000     270       1      11     214    10770.16       -3.123071    
   1022000     274       1      11     215    10929.72       -3.277094    
   1023000     301       1      11     216    12006.74       -3.163157    
   1024000     299       1      11     216    11926.96       -3.316520    
   1025000     277       1      11     217    11049.39       -3.092045    
   1026000     301       1      11     218    12006.74       -3.161764    
   1027000     315       1      11     218    12565.19       -3.312025    
   1028000     284       1      11     219    11328.62       -3.201802    
   1029000     282       1      11     219    11248.84       -3.256391    
   1030000     294       1      11     220    11727.51       -3.108816    
   1031000     292       1      11     221    11647.73       -3.455566    
   1032000     307       1      11     221    12246.07       -3.287086    
   1033000     313       1      11     222    12485.41       -3.370792    
   1034000     303       1      11     223    12086.52       -3.283300    
   1035000     280       1      11     223    11169.06       -3.129164    
   1036000     287       1      11     224    11448.28       -3.225572    
   1037000     298       1      11     225    11887.07       -3.219839    
   1038000     273       1      11     225    10889.83       -3.031208    
   1039000     299       1      11     226    11926.96       -3.149084    
   1040000     284       1      11     227    11328.62       -3.349250    
   1041000     295       1      11     227    11767.40       -3.175511    
   1042000     303       1      11     228    12086.52       -3.293418    
   1043000     280       1      11     229    11169.06       -3.163934    
   1044000     313       1      11     229    12485.41       -3.104699    
   1045000     289       1      10     230    11528.06       -2.876102    
   1046000     267       1      10     230    10650.49       -2.999083    
   1047000     248       1      10     231    9892.594       -2.820502    
   1048000     253       1       9     232    10092.04       -3.056672    
   1049000     251       1       9     232    10012.26       -3.050864    
   1050000     242       1       9     233    9653.257       -2.890890    
   1051000     243       1       9     233    9693.147       -2.984233    
   1052000     235       1       9     233    9374.031       -2.856224    
   1053000     240       1       9     234    9573.478       -3.015260    
   1054000     222       1       9     234    8855.467       -3.070884    
   1055000     224       1       9     235    8935.246       -2.912893    
   1056000     267       1       9     236    10650.49       -3.168365    
   1057000     251       1       9     236    10012.26       -3.122752    
   1058000     258       1       9     237    10291.49       -3.076631    
   1059000     264       1       9     237    10530.83       -3.161503    
   1060000     226       1       9     238    9015.025       -2.699605    
   1061000     244       1       9     238    9733.036       -2.906397    
   1062000     242       1       9     239    9653.257       -2.845569    
   1063000     253       1       9     239    10092.04       -2.976746    
   1064000     252       1       9     240    10052.15       -2.889789    
   1065000     251       1       9     240    10012.26       -2.931761    
   1066000     256       1       9     241    10211.71       -2.855352    
   1067000     246       1       9     241    9812.815       -3.130074    
   1068000     287       1      10     242    11448.28       -3.151823    
   1069000     292       1      10     242    11647.73       -3.165133    
   1070000     250       1      10     243    9972.373       -2.884555    
   1071000     263       1      10     244    10490.94       -3.113563    
   1072000     273       1      10     244    10889.83       -3.151136    
   1073000     273       1      10     245    10889.83       -3.167288    
   1074000     249       1      10     246    9932.483       -3.097165    
   1075000     273       1      10     246    10889.83       -3.114447    
   1076000     260       1      10     247    10371.27       -2.860889    
   1077000     278       1      10     247    11089.28       -3.199322    
   1078000     269       1      11     248    10730.27       -3.160750    
   1079000     297       1      11     249    11847.18       -3.211554    
   1080000     292       1      11     249    11647.73       -3.079418    
   1081000     304       1      11     250    12126.41       -3.271572    
   1082000     270       1      11     250    10770.16       -2.949627    
   1083000     310       1      11     251    12365.74       -3.074803    
   1084000     313       1      11     252    12485.41       -3.239799    
   1085000     305       1      11     252    12166.30       -3.438639    
   1086000     292       1      11     253    11647.73       -3.147683    
   1087000     296       1      11     254    11807.29       -3.283409    
   1088000     274       1      11     254    10929.72       -3.170367    
   1089000     312       1      11     255    12445.52       -3.105951    
   1090000     274       1      11     255    10929.72       -3.191237    
   1091000     307       1      11     256    12246.07       -3.324884    
   1092000     284       1      11     257    11328.62       -3.127132    
   1093000     296       1      11     257    11807.29       -3.105156    
   1094000     245       1      10     258    9772.926       -2.945055    
   1095000     250       1      10     258    9972.373       -3.093280    
   1096000     288       1      10     259    11488.17       -3.173107    
   1097000     265       1      10     260    10570.72       -3.051170    
   1098000     283       1      10     260    11288.73       -3.023298    
   1099000     263       1      10     261    10490.94       -2.946544    
   1100000     285       1      10     261    11368.51       -3.183877    
   1101000     290       1      10     262    11567.95       -3.182438    
   1102000     280       1      10     263    11169.06       -3.233444    
   1103000     286       1      10     263    11408.39       -3.120631    
   1104000     237       1       9     264    9453.810       -3.015564    
   1105000     233       1       9     264    9294.252       -2.910506    
   1106000     227       1       9     265    9054.915       -3.227214    
   1107000     228       1       9     265    9094.804       -2.788350    
   1108000     242       1       9     266    9653.257       -2.908052    
   1109000     226       1       9     267    9015.025       -2.786282    
   1110000     259       1       9     267    10331.38       -2.828751    
   1111000     242       1       9     267    9653.257       -2.962653    
   1112000     217       1       8     268    8656.020       -2.995883    
   1113000     204       1       8     268    8137.456       -2.883171    
   1114000     236       1       8     269    9413.920       -2.980161    
   1115000     208       1       8     269    8297.014       -2.708882    
   1116000     211       1       8     270    8416.683       -2.732489    
   1117000     238       1       8     270    9493.699       -2.873942    
   1118000     216       1       8     271    8616.130       -2.854593    
   1119000     224       1       8     271    8935.246       -2.999350    
   1120000     259       1       9     272    10331.38       -3.170368    
   1121000     222       1       9     273    8855.467       -3.093275    
   1122000     249       1       9     273    9932.483       -2.955261    
   1123000     222       1       9     274    8855.467       -2.658024    
   1124000     239       1       9     274    9533.589       -2.988740    
   1125000     241       1       9     275    9613.368       -2.939300    
   1126000     257       1       9     275    10251.60       -2.949904    
   1127000     246       1       9     276    9812.815       -2.938244    
   1128000     246       1       9     276    9812.815       -3.013308    
   1129000     252       1       9     277    10052.15       -3.058568    
   1130000     249       1       9     277    9932.483       -2.890466    
   1131000     247       1       9     278    9852.704       -2.602108    
   1132000     233       1       9     278    9294.252       -2.941910    
   1133000     252       1       9     279    10052.15       -3.275481    
   1134000     225       1       9     279    8975.136       -3.037651    
   1135000     220       1       9     280    8775.688       -2.817601    
   1136000     230       1       9     281    9174.583       -2.879954    
   1137000     238       1       9     281    9493.699       -3.023577    
   1138000     231       1       9     282    9214.473       -3.037456    
   1139000     239       1       9     282    9533.589       -3.009428    
   1140000     235       1       9     283    9374.031       -3.082032    
   1141000     225       1       9     283    8975.136       -2.760391    
   1142000     249       1       9     284    9932.483       -2.972437    
   1143000     234       1       9     284    9334.141       -2.727232    
   1144000     248       1       9     285    9892.594       -3.086759    
   1145000     232       1       9     285    9254.362       -3.044540    
   1146000     236       1       9     286    9413.920       -2.823983    
   1147000     232       1       9     286    9254.362       -2.754254    
   1148000     225       1       9     287    8975.136       -2.843589    
   1149000     230       1       9     287    9174.583       -2.911128    
   1150000     248       1       9     288    9892.594       -3.194060    
   1151000     250       1       9     288    9972.373       -2.719657    
   1152000     259       1       9     289    10331.38       -2.961265    
   1153000     242       1       9     289    9653.257       -2.840575    
   1154000     255       1      10     290    10171.82       -2.990503    
   1155000     246       1      10     290    9812.815       -2.862305    
   1156000     293       1      10     291    11687.62       -3.073449    
   1157000     249       1      10     292    9932.483       -2.770901    
   1158000     248       1      10     292    9892.594       -2.875045    
   1159000     291       1      10     293    11607.84       -3.250555    
   1160000     247       1      10     294    9852.704       -2.836093    
   1161000     261       1      10     294    10411.16       -2.814808    
   1162000     282       1      10     295    11248.84       -3.295599    
   1163000     274       1      10     296    10929.72       -3.295825    
   1164000     285       1      10     296    11368.51       -3.078710    
   1165000     263       1      10     297    10490.94       -3.099520    
   1166000     251       1      10     297    10012.26       -3.202445    
   1167000     283       1      10     298    11288.73       -3.193827    
   1168000     264       1      10     298    10530.83       -3.018766    
   1169000     279       1      10     299    11129.17       -3.145714    
   1170000     277       1      11     300    11049.39       -3.171414    
   1171000     275       1      11     300    10969.61       -3.120155    
   1172000     316       1      11     301    12605.08       -3.358889    
   1173000     297       1      11     301    11847.18       -3.402066    
   1174000     297       1      11     302    11847.18       -3.258032    
   1175000     308       1      11     303    12285.96       -3.095515    
   1176000     305       1      11     303    12166.30       -3.303619    
   1177000     287       1      10     304    11448.28       -3.285657    
   1178000     245       1      10     304    9772.926       -3.158675    
   1179000     266       1      10     305    10610.60       -3.203996    
   1180000     282       1      10     305    11248.84       -3.065419    
   1181000     245       1      10     306    9772.926       -2.942924    
   1182000     290       1      10     307    11567.95       -3.076171    
   1183000     268       1      10     307    10690.38       -3.169071    
   1184000     270       1      10     308    10770.16       -3.162621    
   1185000     283       1      10     309    11288.73       -3.271613    
   1186000     281       1      10     309    11208.95       -3.089416    
   1187000     252       1      10     310    10052.15       -2.971190    
   1188000     259       1      10     310    10331.38       -3.020990    
   1189000     276       1      10     311    11009.50       -3.070186    
   1190000     285       1      10     311    11368.51       -3.155818    
   1191000     246       1      10     312    9812.815       -3.039754    
   1192000     245       1      10     312    9772.926       -2.859556    
   1193000     254       1      10     313    10131.93       -3.030221    
   1194000     268       1      10     314    10690.38       -3.037729    
   1195000     248       1      10     314    9892.594       -3.005439    
   1196000     270       1      10     315    10770.16       -2.962535    
   1197000     274       1      10     315    10929.72       -3.284815    
   1198000     237       1       9     316    9453.810       -3.040175    
   1199000     255       1       9     316    10171.82       -3.101143    
   1200000     231       1       9     317    9214.473       -2.829102    
   1201000     262       1       9     317    10451.05       -3.020895    
   1202000     226       1       9     318    9015.025       -2.860582    
   1203000     256       1       9     318    10211.71       -2.861549    
   1204000     254       1       9     319    10131.93       -2.999877    
   1205000     264       1       9     319    10530.83       -2.974599    
   1206000     257       1       9     320    10251.60       -3.095359    
   1207000     268       1       9     321    10690.38       -3.255492    
   1208000     233       1       9     321    9294.252       -2.960835    
   1209000     250       1       9     322    9972.373       -2.865632    
   1210000     260       1       9     322    10371.27       -2.680179    
   1211000     225       1       9     323    8975.136       -2.979511    
   1212000     244       1       9     323    9733.036       -2.969851    
   1213000     221       1       9     324    8815.578       -2.970153    
   1214000     240       1       9     324    9573.478       -2.910650    
   1215000     250       1       9     325    9972.373       -2.592273    
   1216000     229       1       9     325    9134.694       -2.756695    
   1217000     272       1      10     326    10849.94       -3.172618    
   1218000     273       1      10     326    10889.83       -2.978899    
   1219000     249       1      10     327    9932.483       -2.994927    
   1220000     258       1      10     328    10291.49       -3.087984    
   1221000     255       1      10     328    10171.82       -2.823613    
   1222000     250       1      10     329    9972.373       -3.060659    
   1223000     255       1      10     329    10171.82       -3.084009    
   1224000     267       1      10     330    10650.49       -3.193424    
   1225000     277       1      10     331    11049.39       -3.059250    
   1226000     272       1      10     331    10849.94       -3.011607    
   1227000     293       1      10     332    11687.62       -3.253012    
   1228000     265       1      10     332    10570.72       -3.111915    
   1229000     293       1      10     333    11687.62       -3.202988    
   1230000     274       1      10     333    10929.72       -3.192810    
   1231000     262       1      10     334    10451.05       -3.101603    
   1232000     258       1      10     334    10291.49       -3.276081    
   1233000     270       1      10     335    10770.16       -3.135070    
   1234000     287       1      10     336    11448.28       -3.190049    
   1235000     261       1      10     336    10411.16       -2.966240    
   1236000     267       1      10     337    10650.49       -3.088926    
   1237000     287       1      10     337    11448.28       -3.191291    
   1238000     293       1      10     338    11687.62       -3.236338    
   1239000     279       1      10     338    11129.17       -3.183136    
   1240000     293       1      10     339    11687.62       -3.366887    
   1241000     274       1      10     340    10929.72       -3.158662    
   1242000     276       1      10     340    11009.50       -3.119866    
   1243000     257       1      10     341    10251.60       -2.907562    
   1244000     289       1      10     342    11528.06       -3.040961    
   1245000     275       1      10     342    10969.61       -3.178779    
   1246000     260       1      10     343    10371.27       -2.832437    
   1247000     265       1      10     343    10570.72       -2.992608    
   1248000     282       1      10     344    11248.84       -3.047455    
   1249000     248       1      10     344    9892.594       -3.110205    
   1250000     289       1      10     345    11528.06       -3.116844    
   1251000     273       1      10     346    10889.83       -3.041399    
   1252000     250       1      10     346    9972.373       -3.084410    
   1253000     256       1      10     347    10211.71       -2.996399    
   1254000     291       1      10     347    11607.84       -3.239623    
   1255000     287       1      11     348    11448.28       -3.100139    
   1256000     309       1      11     348    12325.85       -3.257572    
   1257000     305       1      11     349    12166.30       -3.294068    
   1258000     313       1      12     350    12485.41       -3.172080    
   1259000     318       1      12     350    12684.86       -3.189568    
   1260000     327       1      12     351    13043.86       -3.157460    
   1261000     322       1      13     352    12844.42       -3.448038    
   1262000     341       1      13     352    13602.32       -3.303641    
   1263000     326       1      13     353    13003.97       -3.322205    
   1264000     330       1      13     354    13163.53       -3.309780    
   1265000     329       1      13     355    13123.64       -3.348307    
   1266000     320       1      13     355    12764.64       -3.217659    
   1267000     359       1      13     356    14320.33       -3.438261    
   1268000     347       1      13     357    13841.65       -3.306648    
   1269000     319       1      13     357    12724.75       -3.104995    
   1270000     378       1      14     358    15078.23       -3.486301    
   1271000     344       1      14     359    13721.99       -3.391412    
