      1000     233       1       9       0    9294.252       -3.024450    
      2000     232       1       9       0    9254.362       -3.104235    
      3000     227       1       9       0    9054.915       -2.995903    
      4000     225       1       9       0    8975.136       -3.001603    
      5000     221       1       9       1    8815.578       -3.039857    
      6000     220       1       9       1    8775.688       -2.883883    
      7000     226       1       9       1    9015.025       -3.133024    
      8000     223       1       9       1    8895.357       -2.811471    
      9000     255       1       9       2    10171.82       -3.001017    
     10000     231       1       9       2    9214.473       -2.888927    
     11000     245       1       9       2    9772.926       -2.987584    
     12000     245       1       9       2    9772.926       -2.945367    
     13000     252       1       9       3    10052.15       -3.143247    
     14000     247       1       9       3    9852.704       -3.164112    
     15000     232       1       9       3    9254.362       -2.738924    
     16000     221       1       9       3    8815.578       -2.848032    
     17000     222       1       9       4    8855.467       -2.728000    
     18000     235       1       9       4    9374.031       -2.800720    
     19000     229       1       9       4    9134.694       -3.010384    
     20000     267       1       9       4    10650.49       -3.225462    
     21000     225       1       9       5    8975.136       -2.924145    
     22000     228       1       9       5    9094.804       -2.803493    
     23000     231       1       9       5    9214.473       -2.882182    
     24000     260       1       9       6    10371.27       -3.018112    
     25000     243       1       9       6    9693.147       -2.913393    
     26000     242       1       9       6    9653.257       -3.203027    
     27000     257       1       9       6    10251.60       -3.070955    
     28000     240       1       9       7    9573.478       -2.861598    
     29000     259       1       9       7    10331.38       -2.999099    
     30000     230       1       9       7    9174.583       -2.792971    
     31000     231       1       9       7    9214.473       -2.770303    
     32000     253       1       9       8    10092.04       -3.148163    
     33000     239       1       9       8    9533.589       -3.059262    
     34000     238       1       9       8    9493.699       -3.032467    
     35000     250       1       9       9    9972.373       -2.795912    
     36000     223       1       9       9    8895.357       -3.105300    
     37000     265       1       9       9    10570.72       -3.236286    
     38000     245       1       9       9    9772.926       -2.887686    
     39000     223       1       8      10    8895.357       -2.902249    
     40000     198       1       8      10    7898.119       -2.580032    
     41000     223       1       8      10    8895.357       -2.813009    
     42000     197       1       8      10    7858.230       -2.891487    
     43000     228       1       8      10    9094.804       -2.950797    
     44000     196       1       8      11    7818.340       -2.610102    
     45000     244       1       8      11    9733.036       -2.875377    
     46000     228       1       8      11    9094.804       -2.952328    
     47000     206       1       8      11    8217.235       -2.655192    
     48000     208       1       8      12    8297.014       -2.818835    
     49000     233       1       8      12    9294.252       -2.847678    
     50000     212       1       8      12    8456.572       -2.709538    
     51000     210       1       8      12    8376.793       -2.959903    
     52000     209       1       8      12    8336.904       -2.709450    
     53000     197       1       8      13    7858.230       -2.721003    
     54000     216       1       8      13    8616.130       -2.943489    
     55000     216       1       8      13    8616.130       -2.662314    
     56000     243       1       8      13    9693.147       -2.781736    
     57000     233       1       8      14    9294.252       -2.960239    
     58000     244       1       8      14    9733.036       -3.089424    
     59000     207       1       8      14    8257.125       -2.939076    
     60000     229       1       8      14    9134.694       -2.592351    
     61000     238       1       8      15    9493.699       -2.961292    
     62000     240       1       8      15    9573.478       -2.960194    
     63000     203       1       8      15    8097.567       -2.985140    
     64000     242       1       8      15    9653.257       -3.093920    
     65000     221       1       8      16    8815.578       -3.098257    
     66000     219       1       8      16    8735.799       -2.820445    
     67000     231       1       8      16    9214.473       -2.887634    
     68000     214       1       8      16    8536.351       -2.729071    
     69000     229       1       8      17    9134.694       -2.928996    
     70000     206       1       8      17    8217.235       -3.055446    
     71000     222       1       8      17    8855.467       -2.799200    
     72000     228       1       8      17    9094.804       -2.659668    
     73000     217       1       7      18    8656.020       -2.878021    
     74000     199       1       7      18    7938.009       -2.774091    
     75000     185       1       7      18    7379.556       -2.621243    
     76000     212       1       7      18    8456.572       -2.747076    
     77000     179       1       7      18    7140.219       -2.663706    
     78000     197       1       7      19    7858.230       -2.700148    
     79000     187       1       7      19    7459.335       -2.809246    
     80000     179       1       7      19    7140.219       -2.690933    
     81000     213       1       7      19    8496.462       -2.982713    
     82000     179       1       7      19    7140.219       -2.681078    
     83000     203       1       7      20    8097.567       -2.593482    
     84000     177       1       7      20    7060.440       -2.739207    
     85000     181       1       7      20    7219.998       -2.888476    
     86000     210       1       7      20    8376.793       -2.799886    
     87000     198       1       7      20    7898.119       -2.775786    
     88000     177       1       7      21    7060.440       -2.865596    
     89000     196       1       7      21    7818.340       -2.648646    
     90000     175       1       7      21    6980.661       -2.642433    
     91000     177       1       7      21    7060.440       -2.609952    
     92000     205       1       7      22    8177.346       -2.850689    
     93000     179       1       7      22    7140.219       -2.472606    
     94000     180       1       7      22    7180.109       -2.521945    
     95000     177       1       7      22    7060.440       -2.736267    
     96000     216       1       7      22    8616.130       -2.765355    
     97000     204       1       7      23    8137.456       -2.785795    
     98000     217       1       7      23    8656.020       -2.960905    
     99000     212       1       7      23    8456.572       -2.838286    
    100000     199       1       7      23    7938.009       -2.692637    
    101000     197       1       7      23    7858.230       -2.876775    
    102000     224       1       8      24    8935.246       -3.143450    
    103000     226       1       8      24    9015.025       -2.819499    
    104000     204       1       8      24    8137.456       -2.856126    
    105000     202       1       8      24    8057.677       -2.614479    
    106000     217       1       8      25    8656.020       -2.944271    
    107000     219       1       8      25    8735.799       -2.753284    
    108000     197       1       8      25    7858.230       -2.757888    
    109000     226       1       8      25    9015.025       -2.903402    
    110000     208       1       8      26    8297.014       -2.762821    
    111000     230       1       8      26    9174.583       -2.849289    
    112000     222       1       8      26    8855.467       -2.713050    
    113000     201       1       8      26    8017.788       -2.802905    
    114000     227       1       8      27    9054.915       -2.976039    
    115000     201       1       8      27    8017.788       -2.616211    
    116000     236       1       8      27    9413.920       -2.949823    
    117000     216       1       8      27    8616.130       -2.669911    
    118000     203       1       8      28    8097.567       -2.802042    
    119000     209       1       8      28    8336.904       -3.085057    
    120000     210       1       8      28    8376.793       -2.907191    
    121000     234       1       8      28    9334.141       -2.994266    
    122000     217       1       8      29    8656.020       -2.731527    
    123000     200       1       8      29    7977.898       -2.613218    
    124000     215       1       8      29    8576.241       -3.049976    
    125000     226       1       8      29    9015.025       -2.978753    
    126000     239       1       8      30    9533.589       -3.138592    
    127000     209       1       8      30    8336.904       -2.679483    
    128000     227       1       8      30    9054.915       -2.892166    
    129000     204       1       8      30    8137.456       -2.998554    
    130000     225       1       8      31    8975.136       -2.995461    
    131000     217       1       8      31    8656.020       -2.838724    
    132000     226       1       8      31    9015.025       -2.814343    
    133000     201       1       8      31    8017.788       -2.637651    
    134000     209       1       8      31    8336.904       -2.941343    
    135000     204       1       7      32    8137.456       -2.762585    
    136000     197       1       7      32    7858.230       -2.684062    
    137000     209       1       7      32    8336.904       -2.859369    
    138000     182       1       7      32    7259.888       -2.713811    
    139000     208       1       7      32    8297.014       -2.813821    
    140000     216       1       7      33    8616.130       -2.633172    
    141000     211       1       7      33    8416.683       -2.789244    
    142000     181       1       7      33    7219.998       -2.674069    
    143000     209       1       7      33    8336.904       -2.702127    
    144000     179       1       7      33    7140.219       -2.514544    
    145000     211       1       7      34    8416.683       -2.729859    
    146000     185       1       7      34    7379.556       -2.849595    
    147000     210       1       7      34    8376.793       -2.859169    
    148000     204       1       7      34    8137.456       -2.480806    
    149000     214       1       7      34    8536.351       -2.868786    
    150000     204       1       7      35    8137.456       -2.922491    
    151000     201       1       7      35    8017.788       -3.042140    
    152000     181       1       7      35    7219.998       -2.508957    
    153000     200       1       7      35    7977.898       -2.784758    
    154000     210       1       7      36    8376.793       -2.647219    
    155000     193       1       7      36    7698.672       -2.505709    
    156000     177       1       7      36    7060.440       -2.742731    
    157000     173       1       7      36    6900.882       -2.418534    
    158000     173       1       7      36    6900.882       -2.842648    
    159000     193       1       7      37    7698.672       -2.540699    
    160000     203       1       7      37    8097.567       -2.713786    
    161000     197       1       7      37    7858.230       -2.816637    
    162000     177       1       7      37    7060.440       -2.752398    
    163000     215       1       7      37    8576.241       -3.046465    
    164000     214       1       7      38    8536.351       -2.780868    
    165000     198       1       7      38    7898.119       -3.064047    
    166000     199       1       7      38    7938.009       -2.912829    
    167000     184       1       7      38    7339.667       -2.842276    
    168000     200       1       7      38    7977.898       -2.666750    
    169000     183       1       7      39    7299.777       -2.353946    
    170000     212       1       7      39    8456.572       -2.767297    
    171000     206       1       7      39    8217.235       -2.594017    
    172000     204       1       7      39    8137.456       -2.759201    
    173000     194       1       7      39    7738.561       -2.829739    
    174000     178       1       7      40    7100.330       -2.462394    
    175000     199       1       7      40    7938.009       -2.452488    
    176000     198       1       7      40    7898.119       -2.688984    
    177000     200       1       7      40    7977.898       -2.846197    
    178000     185       1       7      40    7379.556       -2.725508    
    179000     196       1       7      41    7818.340       -2.368310    
    180000     218       1       7      41    8695.909       -3.056757    
    181000     199       1       7      41    7938.009       -2.888832    
    182000     205       1       7      41    8177.346       -2.923654    
    183000     187       1       7      42    7459.335       -2.825921    
    184000     213       1       7      42    8496.462       -2.883751    
    185000     211       1       7      42    8416.683       -2.918296    
    186000     188       1       7      42    7499.224       -2.728504    
    187000     187       1       7      42    7459.335       -2.633889    
    188000     204       1       7      43    8137.456       -2.690730    
    189000     198       1       7      43    7898.119       -2.820811    
    190000     190       1       7      43    7579.003       -2.504372    
    191000     200       1       7      43    7977.898       -2.819458    
    192000     210       1       7      43    8376.793       -2.599303    
    193000     182       1       7      44    7259.888       -2.568029    
    194000     200       1       7      44    7977.898       -2.650258    
    195000     197       1       7      44    7858.230       -2.752697    
    196000     217       1       7      44    8656.020       -2.784329    
    197000     194       1       7      45    7738.561       -2.765254    
    198000     173       1       7      45    6900.882       -2.733565    
    199000     210       1       7      45    8376.793       -2.676543    
    200000     173       1       7      45    6900.882       -2.533738    
    201000     190       1       7      45    7579.003       -2.952078    
    202000     202       1       7      46    8057.677       -2.869744    
    203000     186       1       7      46    7419.445       -2.791374    
    204000     172       1       7      46    6860.993       -2.614947    
    205000     182       1       7      46    7259.888       -2.851081    
    206000     203       1       7      46    8097.567       -2.939402    
    207000     204       1       7      47    8137.456       -2.676610    
    208000     212       1       7      47    8456.572       -2.952178    
    209000     214       1       7      47    8536.351       -2.854772    
    210000     207       1       7      47    8257.125       -2.744476    
    211000     190       1       7      47    7579.003       -2.597149    
    212000     208       1       8      48    8297.014       -2.878747    
    213000     230       1       8      48    9174.583       -2.758669    
    214000     201       1       8      48    8017.788       -2.798842    
    215000     206       1       8      48    8217.235       -2.993535    
    216000     222       1       8      49    8855.467       -2.931536    
    217000     210       1       8      49    8376.793       -2.845945    
    218000     216       1       8      49    8616.130       -2.768298    
    219000     231       1       8      49    9214.473       -2.917706    
    220000     206       1       8      50    8217.235       -2.661001    
    221000     234       1       8      50    9334.141       -2.791793    
    222000     233       1       8      50    9294.252       -2.929680    
    223000     242       1       8      50    9653.257       -2.926871    
    224000     207       1       8      50    8257.125       -2.877286    
    225000     209       1       8      51    8336.904       -2.853178    
    226000     196       1       8      51    7818.340       -2.640822    
    227000     226       1       8      51    9015.025       -2.898375    
    228000     212       1       8      51    8456.572       -2.882655    
    229000     213       1       7      52    8496.462       -2.795580    
    230000     178       1       7      52    7100.330       -2.322922    
    231000     197       1       7      52    7858.230       -2.328162    
    232000     218       1       7      52    8695.909       -2.801740    
    233000     219       1       7      52    8735.799       -2.930172    
    234000     174       1       7      53    6940.772       -2.838872    
    235000     185       1       7      53    7379.556       -2.524264    
    236000     194       1       7      53    7738.561       -2.730238    
    237000     184       1       7      53    7339.667       -2.588361    
    238000     178       1       7      53    7100.330       -2.630893    
    239000     217       1       7      54    8656.020       -2.916456    
    240000     218       1       7      54    8695.909       -2.924991    
    241000     208       1       7      54    8297.014       -2.744059    
    242000     172       1       7      54    6860.993       -2.768944    
    243000     194       1       7      54    7738.561       -2.822931    
    244000     173       1       7      55    6900.882       -2.421871    
    245000     213       1       7      55    8496.462       -3.040401    
    246000     189       1       7      55    7539.114       -2.719249    
    247000     202       1       7      55    8057.677       -2.731770    
    248000     209       1       7      55    8336.904       -2.900489    
    249000     171       1       7      56    6821.103       -2.788001    
    250000     205       1       7      56    8177.346       -2.895807    
    251000     213       1       7      56    8496.462       -2.702036    
    252000     215       1       7      56    8576.241       -2.792047    
    253000     172       1       7      57    6860.993       -2.677472    
    254000     172       1       7      57    6860.993       -2.725011    
    255000     174       1       7      57    6940.772       -2.768412    
    256000     179       1       7      57    7140.219       -2.900327    
    257000     175       1       7      57    6980.661       -2.777470    
    258000     219       1       7      58    8735.799       -2.836577    
    259000     214       1       7      58    8536.351       -2.826881    
    260000     171       1       7      58    6821.103       -2.700171    
    261000     186       1       7      58    7419.445       -2.358646    
    262000     218       1       7      59    8695.909       -2.906503    
    263000     195       1       7      59    7778.451       -2.584075    
    264000     219       1       7      59    8735.799       -2.816092    
    265000     188       1       7      59    7499.224       -2.573216    
    266000     188       1       7      59    7499.224       -2.881406    
    267000     208       1       7      60    8297.014       -2.904935    
    268000     184       1       7      60    7339.667       -2.983305    
    269000     211       1       7      60    8416.683       -2.721036    
    270000     173       1       7      60    6900.882       -2.361053    
    271000     196       1       7      60    7818.340       -2.727330    
    272000     214       1       7      61    8536.351       -2.832855    
    273000     179       1       7      61    7140.219       -3.138620    
    274000     195       1       7      61    7778.451       -2.676059    
    275000     188       1       7      61    7499.224       -2.785909    
    276000     171       1       7      61    6821.103       -2.676745    
    277000     206       1       7      62    8217.235       -2.804164    
    278000     175       1       7      62    6980.661       -2.526305    
    279000     172       1       7      62    6860.993       -2.642578    
    280000     203       1       7      62    8097.567       -2.685404    
    281000     192       1       7      62    7658.782       -2.558907    
    282000     172       1       7      63    6860.993       -2.754140    
    283000     204       1       7      63    8137.456       -3.008096    
    284000     205       1       7      63    8177.346       -2.687266    
    285000     187       1       7      63    7459.335       -2.787441    
    286000     201       1       7      63    8017.788       -2.610438    
    287000     188       1       7      64    7499.224       -2.692099    
    288000     182       1       7      64    7259.888       -2.884451    
    289000     201       1       7      64    8017.788       -2.936105    
    290000     207       1       7      64    8257.125       -2.745707    
    291000     183       1       7      65    7299.777       -2.766606    
    292000     179       1       7      65    7140.219       -2.842997    
    293000     205       1       7      65    8177.346       -2.831520    
    294000     216       1       7      65    8616.130       -2.716762    
    295000     188       1       7      65    7499.224       -2.741798    
    296000     202       1       7      66    8057.677       -2.789817    
    297000     215       1       7      66    8576.241       -2.660952    
    298000     175       1       7      66    6980.661       -2.545029    
    299000     197       1       7      66    7858.230       -2.685729    
    300000     219       1       7      66    8735.799       -2.887576    
    301000     189       1       7      67    7539.114       -2.814680    
    302000     194       1       7      67    7738.561       -2.965189    
    303000     187       1       7      67    7459.335       -2.776819    
    304000     198       1       7      67    7898.119       -3.031091    
    305000     181       1       7      67    7219.998       -2.471117    
    306000     210       1       7      68    8376.793       -2.835876    
    307000     197       1       7      68    7858.230       -2.583669    
    308000     172       1       7      68    6860.993       -2.358330    
    309000     212       1       7      68    8456.572       -2.801134    
    310000     219       1       7      68    8735.799       -2.634342    
    311000     209       1       7      69    8336.904       -2.647575    
    312000     177       1       7      69    7060.440       -2.900239    
    313000     190       1       7      69    7579.003       -2.550187    
    314000     174       1       7      69    6940.772       -2.634280    
    315000     173       1       7      69    6900.882       -2.740259    
    316000     192       1       7      70    7658.782       -2.966846    
    317000     216       1       7      70    8616.130       -2.925839    
    318000     190       1       7      70    7579.003       -2.439857    
    319000     179       1       7      70    7140.219       -2.627679    
    320000     174       1       7      70    6940.772       -2.658659    
    321000     214       1       7      71    8536.351       -2.841242    
    322000     218       1       7      71    8695.909       -3.158031    
    323000     184       1       7      71    7339.667       -2.747872    
    324000     195       1       7      71    7778.451       -2.721051    
    325000     193       1       7      72    7698.672       -2.745674    
    326000     206       1       7      72    8217.235       -2.743181    
    327000     193       1       7      72    7698.672       -2.774849    
    328000     214       1       7      72    8536.351       -2.715077    
    329000     215       1       7      72    8576.241       -2.760572    
    330000     182       1       7      73    7259.888       -2.851805    
    331000     206       1       7      73    8217.235       -2.940598    
    332000     182       1       7      73    7259.888       -2.542314    
    333000     184       1       7      73    7339.667       -2.830560    
    334000     239       1       8      74    9533.589       -3.028278    
    335000     212       1       8      74    8456.572       -2.855175    
    336000     197       1       8      74    7858.230       -2.769654    
    337000     240       1       8      74    9573.478       -2.944597    
    338000     231       1       8      75    9214.473       -2.708070    
    339000     216       1       8      75    8616.130       -2.827899    
    340000     198       1       8      75    7898.119       -2.774764    
    341000     203       1       8      75    8097.567       -2.823743    
    342000     226       1       8      76    9015.025       -3.003471    
    343000     221       1       8      76    8815.578       -2.664326    
    344000     216       1       8      76    8616.130       -2.855859    
    345000     196       1       8      76    7818.340       -2.825853    
    346000     213       1       8      76    8496.462       -2.825203    
    347000     219       1       8      77    8735.799       -3.045886    
    348000     237       1       8      77    9453.810       -2.926753    
    349000     223       1       8      77    8895.357       -2.647874    
    350000     237       1       8      77    9453.810       -3.006326    
    351000     247       1       9      78    9852.704       -2.959195    
    352000     225       1       9      78    8975.136       -2.952051    
    353000     262       1       9      78    10451.05       -3.206225    
    354000     248       1       9      78    9892.594       -3.046806    
    355000     235       1       9      79    9374.031       -3.001653    
    356000     223       1       9      79    8895.357       -2.900480    
    357000     263       1       9      79    10490.94       -3.105461    
    358000     248       1       9      80    9892.594       -3.062182    
    359000     228       1       9      80    9094.804       -2.846492    
    360000     234       1       9      80    9334.141       -2.789118    
    361000     258       1       9      80    10291.49       -3.072476    
    362000     263       1       9      81    10490.94       -3.107229    
    363000     265       1       9      81    10570.72       -3.212873    
    364000     230       1       9      81    9174.583       -2.949444    
    365000     226       1       9      81    9015.025       -2.710138    
    366000     256       1       9      82    10211.71       -3.111346    
    367000     236       1       9      82    9413.920       -2.560854    
    368000     243       1       9      82    9693.147       -2.999667    
    369000     261       1       9      82    10411.16       -3.086126    
    370000     236       1       9      83    9413.920       -2.865440    
    371000     265       1       9      83    10570.72       -3.097852    
    372000     230       1       9      83    9174.583       -2.921913    
    373000     256       1       9      83    10211.71       -3.073875    
    374000     246       1       9      84    9812.815       -2.777208    
    375000     233       1       9      84    9294.252       -2.956397    
    376000     237       1       9      84    9453.810       -3.037151    
    377000     268       1       9      84    10690.38       -3.046242    
    378000     263       1       9      85    10490.94       -3.093504    
    379000     241       1       9      85    9613.368       -3.042686    
    380000     266       1       9      85    10610.60       -2.961481    
    381000     261       1      10      86    10411.16       -2.891779    
    382000     277       1      10      86    11049.39       -3.089672    
    383000     292       1      10      86    11647.73       -3.247410    
    384000     250       1      10      87    9972.373       -2.835999    
    385000     256       1      10      87    10211.71       -3.165510    
    386000     275       1      10      87    10969.61       -3.327809    
    387000     271       1      10      87    10810.05       -3.097846    
    388000     273       1      10      88    10889.83       -3.018563    
    389000     258       1      10      88    10291.49       -2.900835    
    390000     247       1      10      88    9852.704       -3.057897    
    391000     252       1      10      89    10052.15       -2.776473    
    392000     254       1      10      89    10131.93       -2.779770    
    393000     252       1      10      89    10052.15       -2.984669    
    394000     287       1      10      90    11448.28       -3.178315    
    395000     265       1      10      90    10570.72       -2.879039    
    396000     283       1      10      90    11288.73       -3.225252    
    397000     247       1      10      90    9852.704       -3.040443    
    398000     285       1      10      91    11368.51       -3.366487    
    399000     247       1      10      91    9852.704       -3.171698    
    400000     263       1      10      91    10490.94       -3.076930    
    401000     249       1      10      91    9932.483       -3.081231    
    402000     275       1      10      92    10969.61       -3.148264    
    403000     279       1      10      92    11129.17       -2.738883    
    404000     284       1      10      92    11328.62       -3.349233    
    405000     274       1      10      93    10929.72       -3.110002    
    406000     276       1      10      93    11009.50       -3.079241    
    407000     270       1      10      93    10770.16       -2.984880    
    408000     261       1      10      94    10411.16       -3.009942    
    409000     278       1      10      94    11089.28       -3.009799    
    410000     282       1      10      94    11248.84       -3.182617    
    411000     286       1      10      94    11408.39       -3.146205    
    412000     246       1      10      95    9812.815       -2.984272    
    413000     256       1      10      95    10211.71       -2.844599    
    414000     289       1      10      95    11528.06       -3.209628    
    415000     277       1      10      96    11049.39       -3.217370    
    416000     250       1      10      96    9972.373       -2.912577    
    417000     273       1      10      96    10889.83       -3.254522    
    418000     267       1      10      97    10650.49       -3.229881    
    419000     283       1      10      97    11288.73       -3.099609    
    420000     278       1      10      97    11089.28       -3.131517    
    421000     300       1      11      98    11966.85       -3.268260    
    422000     274       1      11      98    10929.72       -3.104810    
    423000     274       1      11      98    10929.72       -3.064639    
    424000     269       1      11      98    10730.27       -3.147514    
    425000     288       1      11      99    11488.17       -3.356233    
    426000     300       1      11      99    11966.85       -3.069112    
    427000     311       1      11      99    12405.63       -3.315363    
    428000     294       1      11     100    11727.51       -3.221033    
    429000     303       1      11     100    12086.52       -3.473402    
    430000     305       1      11     100    12166.30       -3.225914    
    431000     272       1      11     101    10849.94       -3.208100    
    432000     306       1      11     101    12206.18       -3.226348    
    433000     275       1      11     101    10969.61       -3.151223    
    434000     317       1      11     102    12644.97       -3.126935    
    435000     278       1      11     102    11089.28       -3.190707    
    436000     313       1      11     102    12485.41       -3.236824    
    437000     302       1      11     103    12046.63       -3.341440    
    438000     284       1      11     103    11328.62       -3.185265    
    439000     270       1      11     103    10770.16       -3.064220    
    440000     269       1      11     104    10730.27       -3.178954    
    441000     302       1      11     104    12046.63       -3.219053    
    442000     282       1      11     104    11248.84       -3.110663    
    443000     309       1      11     105    12325.85       -3.225530    
    444000     285       1      11     105    11368.51       -3.165799    
    445000     312       1      11     105    12445.52       -3.142447    
    446000     313       1      11     105    12485.41       -3.297048    
    447000     316       1      11     106    12605.08       -3.306680    
    448000     306       1      11     106    12206.18       -3.126247    
    449000     305       1      11     106    12166.30       -3.209395    
    450000     308       1      11     107    12285.96       -3.265597    
    451000     287       1      11     107    11448.28       -3.325153    
    452000     303       1      11     107    12086.52       -3.301615    
    453000     282       1      10     108    11248.84       -3.285568    
    454000     251       1      10     108    10012.26       -3.063426    
    455000     264       1      10     108    10530.83       -3.104318    
    456000     290       1      10     108    11567.95       -3.206129    
    457000     283       1      10     109    11288.73       -3.135944    
    458000     281       1      10     109    11208.95       -3.187939    
    459000     257       1      10     109    10251.60       -3.008899    
    460000     253       1      10     109    10092.04       -2.947231    
    461000     281       1      10     110    11208.95       -3.199854    
    462000     268       1      10     110    10690.38       -2.919596    
    463000     285       1      10     110    11368.51       -3.221977    
    464000     255       1      10     111    10171.82       -3.159846    
    465000     290       1      10     111    11567.95       -3.154384    
    466000     277       1      10     111    11049.39       -3.122595    
    467000     290       1      11     112    11567.95       -3.213474    
    468000     294       1      11     112    11727.51       -3.256396    
    469000     304       1      11     112    12126.41       -3.278984    
    470000     274       1      11     113    10929.72       -3.259013    
    471000     308       1      11     113    12285.96       -3.200586    
    472000     299       1      11     113    11926.96       -3.206402    
    473000     314       1      11     114    12525.30       -3.060929    
    474000     275       1      11     114    10969.61       -3.245328    
    475000     292       1      11     114    11647.73       -3.269170    
    476000     290       1      11     115    11567.95       -3.112167    
    477000     273       1      11     115    10889.83       -3.271349    
    478000     276       1      11     115    11009.50       -3.156532    
    479000     272       1      11     116    10849.94       -3.170871    
    480000     289       1      11     116    11528.06       -3.287515    
    481000     283       1      11     116    11288.73       -3.225107    
    482000     270       1      11     116    10770.16       -3.193995    
    483000     314       1      11     117    12525.30       -3.395117    
    484000     286       1      11     117    11408.39       -3.063956    
    485000     312       1      11     117    12445.52       -3.281854    
    486000     310       1      11     118    12365.74       -3.208808    
    487000     277       1      11     118    11049.39       -3.188120    
    488000     309       1      11     118    12325.85       -3.330435    
    489000     297       1      11     119    11847.18       -3.107230    
    490000     295       1      11     119    11767.40       -3.279241    
    491000     309       1      11     119    12325.85       -3.385759    
    492000     294       1      11     120    11727.51       -3.245345    
    493000     312       1      11     120    12445.52       -3.275986    
    494000     280       1      11     120    11169.06       -2.949353    
    495000     281       1      11     120    11208.95       -3.068335    
    496000     286       1      11     121    11408.39       -3.211464    
    497000     316       1      11     121    12605.08       -3.327397    
    498000     298       1      11     121    11887.07       -3.377368    
    499000     264       1      10     122    10530.83       -3.243203    
    500000     259       1      10     122    10331.38       -2.989590    
    501000     269       1      10     122    10730.27       -3.172534    
    502000     261       1      10     123    10411.16       -3.144772    
    503000     273       1      10     123    10889.83       -2.849038    
    504000     286       1      10     123    11408.39       -3.346818    
    505000     273       1      10     123    10889.83       -3.166751    
    506000     300       1      11     124    11966.85       -3.214259    
    507000     285       1      11     124    11368.51       -3.243285    
    508000     289       1      11     124    11528.06       -3.345747    
    509000     280       1      11     125    11169.06       -3.424134    
    510000     269       1      11     125    10730.27       -3.088428    
    511000     294       1      11     125    11727.51       -3.278584    
    512000     306       1      11     126    12206.18       -3.184297    
    513000     283       1      11     126    11288.73       -3.192748    
    514000     288       1      11     127    11488.17       -3.210284    
    515000     300       1      11     127    11966.85       -3.194144    
    516000     304       1      11     127    12126.41       -3.210021    
    517000     281       1      11     127    11208.95       -3.155446    
    518000     278       1      11     128    11089.28       -3.247522    
    519000     280       1      11     128    11169.06       -3.233562    
    520000     275       1      11     128    10969.61       -3.198337    
    521000     284       1      11     129    11328.62       -3.369233    
    522000     280       1      11     129    11169.06       -3.098768    
    523000     292       1      11     129    11647.73       -3.200479    
    524000     272       1      11     130    10849.94       -3.160058    
    525000     307       1      11     130    12246.07       -3.301058    
    526000     284       1      11     130    11328.62       -2.985612    
    527000     287       1      11     131    11448.28       -3.262223    
    528000     284       1      11     131    11328.62       -3.347237    
    529000     288       1      11     131    11488.17       -3.324166    
    530000     279       1      11     131    11129.17       -3.002156    
    531000     275       1      10     132    10969.61       -3.050998    
    532000     280       1      10     132    11169.06       -3.153683    
    533000     265       1      10     132    10570.72       -3.192019    
    534000     279       1      10     133    11129.17       -3.063631    
    535000     251       1      10     133    10012.26       -3.044773    
    536000     289       1      10     133    11528.06       -3.151043    
    537000     260       1      10     133    10371.27       -3.040174    
    538000     309       1      11     134    12325.85       -3.344228    
    539000     292       1      11     134    11647.73       -3.046989    
    540000     316       1      11     134    12605.08       -3.351134    
    541000     296       1      11     135    11807.29       -3.172801    
    542000     272       1      11     135    10849.94       -3.061825    
    543000     271       1      11     135    10810.05       -3.266058    
    544000     282       1      11     135    11248.84       -3.216076    
    545000     314       1      11     136    12525.30       -3.436693    
    546000     284       1      11     136    11328.62       -3.169138    
    547000     280       1      11     136    11169.06       -3.212320    
    548000     281       1      11     137    11208.95       -3.076498    
    549000     297       1      11     137    11847.18       -3.074197    
    550000     279       1      11     138    11129.17       -3.066992    
    551000     301       1      11     138    12006.74       -3.254083    
    552000     284       1      11     138    11328.62       -3.220068    
    553000     276       1      11     139    11009.50       -3.145016    
    554000     304       1      11     139    12126.41       -3.139883    
    555000     279       1      11     139    11129.17       -3.024261    
    556000     297       1      11     139    11847.18       -3.264443    
    557000     302       1      11     140    12046.63       -3.177592    
    558000     289       1      11     140    11528.06       -3.055333    
    559000     274       1      11     140    10929.72       -3.145605    
    560000     271       1      11     141    10810.05       -3.111482    
    561000     290       1      11     141    11567.95       -3.166899    
    562000     298       1      11     141    11887.07       -3.350518    
    563000     282       1      11     142    11248.84       -3.107557    
    564000     303       1      11     142    12086.52       -3.437291    
    565000     310       1      11     142    12365.74       -3.305989    
    566000     286       1      11     143    11408.39       -3.295356    
    567000     282       1      11     143    11248.84       -3.146377    
    568000     275       1      11     143    10969.61       -3.099363    
    569000     307       1      11     143    12246.07       -3.266595    
    570000     294       1      11     144    11727.51       -3.359290    
    571000     276       1      11     144    11009.50       -3.338736    
    572000     281       1      11     144    11208.95       -3.184806    
    573000     316       1      11     145    12605.08       -3.334121    
    574000     313       1      11     145    12485.41       -3.315480    
    575000     300       1      11     145    11966.85       -3.305252    
    576000     283       1      11     146    11288.73       -3.130010    
    577000     302       1      11     146    12046.63       -3.180731    
    578000     285       1      11     146    11368.51       -3.204389    
    579000     310       1      11     147    12365.74       -3.216372    
    580000     308       1      11     147    12285.96       -3.269140    
    581000     286       1      11     147    11408.39       -3.241901    
    582000     295       1      11     148    11767.40       -3.230199    
    583000     302       1      11     148    12046.63       -3.173685    
    584000     283       1      11     148    11288.73       -3.224779    
    585000     275       1      11     149    10969.61       -3.057876    
    586000     269       1      11     149    10730.27       -3.013437    
    587000     278       1      11     149    11089.28       -3.375027    
    588000     290       1      11     150    11567.95       -3.234001    
    589000     285       1      11     150    11368.51       -3.435849    
    590000     307       1      11     150    12246.07       -3.239318    
    591000     289       1      11     151    11528.06       -3.233957    
    592000     281       1      11     151    11208.95       -3.238969    
    593000     287       1      11     152    11448.28       -3.220238    
    594000     303       1      11     152    12086.52       -3.174576    
    595000     296       1      11     152    11807.29       -3.286311    
    596000     289       1      11     153    11528.06       -3.194177    
    597000     274       1      11     153    10929.72       -3.152459    
    598000     313       1      11     153    12485.41       -3.214607    
    599000     281       1      10     154    11208.95       -3.387230    
    600000     254       1      10     154    10131.93       -3.035503    
    601000     248       1      10     154    9892.594       -3.136351    
    602000     245       1      10     154    9772.926       -3.090894    
    603000     245       1      10     155    9772.926       -2.961388    
    604000     260       1      10     155    10371.27       -3.136114    
    605000     254       1      10     155    10131.93       -2.994193    
    606000     279       1      10     156    11129.17       -3.188306    
    607000     281       1      10     156    11208.95       -3.036947    
    608000     268       1      10     156    10690.38       -3.208593    
    609000     289       1      10     156    11528.06       -3.190931    
    610000     285       1      10     157    11368.51       -2.965836    
    611000     270       1      10     157    10770.16       -3.183273    
    612000     293       1      10     157    11687.62       -3.355429    
    613000     275       1      10     158    10969.61       -3.120784    
    614000     265       1      10     158    10570.72       -3.074015    
    615000     248       1      10     158    9892.594       -3.026475    
    616000     275       1      10     159    10969.61       -3.103103    
    617000     274       1      10     159    10929.72       -3.043016    
    618000     254       1      10     159    10131.93       -2.846895    
    619000     263       1       9     160    10490.94       -3.017717    
    620000     265       1       9     160    10570.72       -2.967399    
    621000     231       1       9     160    9214.473       -2.878766    
    622000     254       1       9     160    10131.93       -3.283964    
    623000     258       1       9     161    10291.49       -2.967237    
    624000     227       1       9     161    9054.915       -2.914729    
    625000     232       1       9     161    9254.362       -3.184975    
    626000     246       1       9     161    9812.815       -2.979482    
    627000     237       1       9     162    9453.810       -3.162223    
    628000     237       1       9     162    9453.810       -2.814548    
    629000     228       1       9     162    9094.804       -2.761297    
    630000     224       1       9     163    8935.246       -2.886552    
    631000     266       1       9     163    10610.60       -3.109020    
    632000     267       1       9     163    10650.49       -2.881658    
    633000     258       1       9     163    10291.49       -2.934084    
    634000     266       1       9     164    10610.60       -3.023963    
    635000     264       1       9     164    10530.83       -3.222039    
    636000     222       1       9     164    8855.467       -2.945991    
    637000     258       1       9     164    10291.49       -3.000893    
    638000     259       1       9     165    10331.38       -3.093697    
    639000     220       1       9     165    8775.688       -2.856445    
    640000     256       1       9     165    10211.71       -3.005085    
    641000     243       1       9     166    9693.147       -2.816668    
    642000     232       1       9     166    9254.362       -3.046195    
    643000     250       1       9     166    9972.373       -3.209196    
    644000     250       1       9     166    9972.373       -2.959951    
    645000     240       1       9     167    9573.478       -2.958924    
    646000     267       1       9     167    10650.49       -3.192020    
    647000     221       1       9     167    8815.578       -2.666571    
    648000     268       1       9     167    10690.38       -3.135546    
    649000     264       1       9     168    10530.83       -3.138181    
    650000     265       1       9     168    10570.72       -2.989383    
    651000     230       1       9     168    9174.583       -3.152347    
    652000     245       1       9     168    9772.926       -3.021060    
    653000     268       1       9     169    10690.38       -3.150555    
    654000     264       1       9     169    10530.83       -3.003123    
    655000     250       1       9     169    9972.373       -3.123630    
    656000     234       1       9     169    9334.141       -3.026108    
    657000     234       1       9     170    9334.141       -2.888793    
    658000     229       1       9     170    9134.694       -2.868201    
    659000     223       1       9     170    8895.357       -3.015275    
    660000     251       1       9     171    10012.26       -3.080106    
    661000     230       1       9     171    9174.583       -2.912135    
    662000     251       1       9     171    10012.26       -2.775212    
    663000     243       1       9     171    9693.147       -2.602917    
    664000     220       1       9     172    8775.688       -2.795469    
    665000     226       1       9     172    9015.025       -2.816101    
    666000     223       1       9     172    8895.357       -2.939066    
    667000     231       1       9     172    9214.473       -2.956166    
    668000     229       1       9     173    9134.694       -2.668807    
    669000     263       1       9     173    10490.94       -3.223279    
    670000     255       1       9     173    10171.82       -3.060972    
    671000     247       1       9     173    9852.704       -2.807495    
    672000     255       1       9     174    10171.82       -2.730947    
    673000     229       1       9     174    9134.694       -2.950360    
    674000     251       1       9     174    10012.26       -3.083188    
    675000     246       1       9     175    9812.815       -2.893882    
    676000     228       1       9     175    9094.804       -2.915793    
    677000     243       1       9     175    9693.147       -2.987035    
    678000     242       1       9     175    9653.257       -2.809375    
    679000     231       1       8     176    9214.473       -3.054948    
    680000     235       1       8     176    9374.031       -2.839305    
    681000     218       1       8     176    8695.909       -2.871297    
    682000     221       1       8     176    8815.578       -2.947523    
    683000     209       1       8     177    8336.904       -2.868920    
    684000     197       1       8     177    7858.230       -2.882018    
    685000     228       1       8     177    9094.804       -2.801354    
    686000     201       1       8     177    8017.788       -2.564623    
    687000     196       1       8     178    7818.340       -2.788484    
    688000     217       1       8     178    8656.020       -2.740059    
    689000     206       1       8     178    8217.235       -2.888630    
    690000     238       1       8     178    9493.699       -3.003531    
    691000     206       1       8     179    8217.235       -2.919117    
    692000     224       1       8     179    8935.246       -2.983266    
    693000     242       1       8     179    9653.257       -2.970397    
    694000     235       1       8     179    9374.031       -2.935235    
    695000     231       1       8     179    9214.473       -2.878478    
    696000     243       1       8     180    9693.147       -2.823882    
    697000     218       1       8     180    8695.909       -3.006388    
    698000     199       1       8     180    7938.009       -2.941758    
    699000     210       1       8     180    8376.793       -2.686073    
    700000     239       1       8     181    9533.589       -2.962469    
    701000     200       1       8     181    7977.898       -2.704051    
    702000     237       1       8     181    9453.810       -2.952326    
    703000     213       1       8     181    8496.462       -2.908210    
    704000     215       1       8     181    8576.241       -2.841841    
    705000     243       1       8     182    9693.147       -2.863558    
    706000     239       1       8     182    9533.589       -2.878322    
    707000     218       1       8     182    8695.909       -3.045580    
    708000     226       1       8     182    9015.025       -2.849917    
    709000     204       1       8     183    8137.456       -2.584542    
    710000     196       1       8     183    7818.340       -2.880020    
    711000     216       1       8     183    8616.130       -2.920375    
    712000     213       1       8     183    8496.462       -3.071386    
    713000     226       1       8     183    9015.025       -2.679327    
    714000     209       1       8     184    8336.904       -2.905414    
    715000     213       1       8     184    8496.462       -2.879297    
    716000     230       1       8     184    9174.583       -2.977220    
    717000     214       1       8     184    8536.351       -2.880558    
    718000     219       1       8     185    8735.799       -2.834290    
    719000     244       1       8     185    9733.036       -2.892782    
    720000     219       1       8     185    8735.799       -2.853307    
    721000     228       1       8     185    9094.804       -2.738862    
    722000     199       1       8     186    7938.009       -2.831869    
    723000     198       1       8     186    7898.119       -2.844789    
    724000     222       1       8     186    8855.467       -2.918763    
    725000     208       1       8     186    8297.014       -2.872943    
    726000     222       1       8     187    8855.467       -3.004836    
    727000     228       1       8     187    9094.804       -2.985498    
    728000     231       1       8     187    9214.473       -3.025290    
    729000     235       1       8     187    9374.031       -2.763612    
    730000     221       1       8     188    8815.578       -2.865278    
    731000     238       1       8     188    9493.699       -2.959322    
    732000     209       1       8     188    8336.904       -2.799587    
    733000     235       1       8     188    9374.031       -2.934361    
    734000     208       1       8     188    8297.014       -2.713750    
    735000     243       1       8     189    9693.147       -2.943569    
    736000     222       1       8     189    8855.467       -2.828927    
    737000     231       1       8     189    9214.473       -2.875256    
    738000     224       1       8     189    8935.246       -2.813900    
    739000     234       1       9     190    9334.141       -2.905711    
    740000     221       1       9     190    8815.578       -2.951373    
    741000     256       1       9     190    10211.71       -2.924096    
    742000     224       1       9     190    8935.246       -2.994961    
    743000     240       1       9     191    9573.478       -2.811779    
    744000     245       1       9     191    9772.926       -2.994340    
    745000     236       1       9     191    9413.920       -2.977336    
    746000     242       1       9     191    9653.257       -2.965882    
    747000     268       1      10     192    10690.38       -3.167425    
    748000     270       1      10     192    10770.16       -3.077520    
    749000     245       1      10     192    9772.926       -2.936194    
    750000     255       1      10     192    10171.82       -3.090483    
    751000     290       1      10     193    11567.95       -3.149296    
    752000     262       1      10     193    10451.05       -3.149178    
    753000     255       1      10     193    10171.82       -2.865540    
    754000     261       1      10     194    10411.16       -2.871708    
    755000     246       1      10     194    9812.815       -2.885351    
    756000     289       1      10     194    11528.06       -3.132333    
    757000     248       1      10     194    9892.594       -3.025435    
    758000     254       1      10     195    10131.93       -3.013003    
    759000     280       1      10     195    11169.06       -3.057917    
    760000     253       1      10     195    10092.04       -2.977942    
    761000     253       1      10     195    10092.04       -3.095261    
    762000     278       1      10     196    11089.28       -3.030640    
    763000     263       1      10     196    10490.94       -3.107785    
    764000     293       1      10     196    11687.62       -3.248652    
    765000     274       1      10     197    10929.72       -3.201401    
    766000     273       1      10     197    10889.83       -3.181441    
    767000     261       1      10     197    10411.16       -3.139564    
    768000     254       1      10     197    10131.93       -3.074184    
    769000     245       1       9     198    9772.926       -3.160114    
    770000     254       1       9     198    10131.93       -3.031350    
    771000     240       1       9     198    9573.478       -3.175591    
    772000     228       1       9     199    9094.804       -2.961866    
    773000     242       1       9     199    9653.257       -2.920943    
    774000     240       1       9     199    9573.478       -2.783762    
    775000     250       1       9     199    9972.373       -3.143725    
    776000     234       1       9     200    9334.141       -2.798438    
    777000     229       1       9     200    9134.694       -2.863315    
    778000     242       1       9     200    9653.257       -3.083220    
    779000     236       1       9     200    9413.920       -2.861280    
    780000     258       1       9     201    10291.49       -3.015238    
    781000     246       1       9     201    9812.815       -2.886339    
    782000     258       1       9     201    10291.49       -2.737496    
    783000     226       1       9     201    9015.025       -2.908353    
    784000     265       1       9     202    10570.72       -3.048297    
    785000     267       1       9     202    10650.49       -2.851895    
    786000     231       1       9     202    9214.473       -2.987762    
    787000     244       1       9     202    9733.036       -3.047346    
    788000     241       1       9     203    9613.368       -2.922376    
    789000     232       1       9     203    9254.362       -2.809531    
    790000     226       1       9     203    9015.025       -2.724551    
    791000     267       1       9     203    10650.49       -3.153836    
    792000     266       1       9     204    10610.60       -3.210925    
    793000     268       1       9     204    10690.38       -2.956811    
    794000     254       1       9     204    10131.93       -3.020290    
    795000     230       1       9     204    9174.583       -3.047535    
    796000     266       1       9     205    10610.60       -3.117513    
    797000     243       1       9     205    9693.147       -2.909838    
    798000     232       1       9     205    9254.362       -2.826345    
    799000     232       1       9     205    9254.362       -2.966363    
    800000     256       1       9     206    10211.71       -3.159287    
    801000     243       1       9     206    9693.147       -2.965184    
    802000     225       1       9     206    8975.136       -3.089780    
    803000     242       1       9     206    9653.257       -3.002269    
    804000     239       1       9     207    9533.589       -3.038091    
    805000     231       1       9     207    9214.473       -2.827289    
    806000     257       1       9     207    10251.60       -2.947269    
    807000     251       1       9     208    10012.26       -3.037535    
    808000     227       1       9     208    9054.915       -2.713455    
    809000     225       1       9     208    8975.136       -2.813797    
    810000     224       1       9     208    8935.246       -2.774030    
    811000     233       1       9     209    9294.252       -2.915764    
    812000     230       1       9     209    9174.583       -2.878740    
    813000     233       1       9     209    9294.252       -2.687864    
    814000     254       1       9     209    10131.93       -3.125393    
    815000     220       1       9     210    8775.688       -2.951380    
    816000     235       1       9     210    9374.031       -3.033668    
    817000     247       1       9     210    9852.704       -2.908943    
    818000     249       1       9     210    9932.483       -3.064720    
    819000     229       1       9     211    9134.694       -2.754374    
    820000     234       1       9     211    9334.141       -2.970505    
    821000     242       1       9     211    9653.257       -2.994156    
    822000     228       1       9     211    9094.804       -2.975165    
    823000     232       1       9     212    9254.362       -2.926852    
    824000     223       1       9     212    8895.357       -2.743838    
    825000     251       1       9     212    10012.26       -2.975065    
    826000     220       1       9     212    8775.688       -2.908739    
    827000     234       1       9     213    9334.141       -2.996301    
    828000     251       1       9     213    10012.26       -3.085960    
    829000     253       1       9     213    10092.04       -3.120947    
    830000     264       1       9     213    10530.83       -3.092696    
    831000     231       1       9     214    9214.473       -2.699899    
    832000     244       1       9     214    9733.036       -2.962709    
    833000     233       1       9     214    9294.252       -2.758605    
    834000     252       1       9     215    10052.15       -3.084623    
    835000     226       1       9     215    9015.025       -2.731236    
    836000     267       1       9     215    10650.49       -2.983738    
    837000     265       1       9     215    10570.72       -3.209339    
    838000     248       1       9     216    9892.594       -2.988081    
    839000     254       1       9     216    10131.93       -2.830696    
    840000     223       1       9     216    8895.357       -2.857937    
    841000     223       1       9     216    8895.357       -2.917064    
    842000     255       1       9     217    10171.82       -2.803107    
    843000     244       1       9     217    9733.036       -2.909834    
    844000     266       1       9     217    10610.60       -3.209137    
    845000     223       1       9     217    8895.357       -3.051617    
    846000     264       1       9     218    10530.83       -3.183227    
    847000     254       1       9     218    10131.93       -3.021857    
    848000     225       1       9     218    8975.136       -2.820429    
    849000     258       1       9     219    10291.49       -3.002864    
    850000     251       1       9     219    10012.26       -2.809436    
    851000     236       1       9     219    9413.920       -2.759635    
    852000     248       1       9     219    9892.594       -2.804058    
    853000     245       1       9     220    9772.926       -2.916515    
    854000     227       1       9     220    9054.915       -2.836538    
    855000     225       1       9     220    8975.136       -2.836567    
    856000     221       1       9     220    8815.578       -2.974169    
    857000     242       1       9     221    9653.257       -3.100206    
    858000     226       1       9     221    9015.025       -2.898621    
    859000     222       1       9     221    8855.467       -2.876310    
    860000     242       1       9     221    9653.257       -3.108279    
    861000     221       1       9     222    8815.578       -2.948250    
    862000     245       1       9     222    9772.926       -3.048778    
    863000     225       1       9     222    8975.136       -2.883375    
    864000     236       1       9     223    9413.920       -2.983112    
    865000     254       1       9     223    10131.93       -3.122329    
    866000     221       1       9     223    8815.578       -2.998212    
    867000     226       1       9     223    9015.025       -3.014209    
    868000     248       1       9     224    9892.594       -2.676034    
    869000     233       1       9     224    9294.252       -2.887771    
    870000     224       1       9     224    8935.246       -2.848411    
    871000     231       1       9     224    9214.473       -2.967046    
    872000     225       1       9     225    8975.136       -2.966146    
    873000     259       1       9     225    10331.38       -3.017433    
    874000     260       1       9     225    10371.27       -3.205994    
    875000     225       1       9     225    8975.136       -2.821804    
    876000     258       1       9     226    10291.49       -3.160498    
    877000     243       1       9     226    9693.147       -2.910887    
    878000     237       1       9     226    9453.810       -2.979597    
    879000     260       1       9     226    10371.27       -3.205580    
    880000     257       1       9     227    10251.60       -3.025624    
    881000     255       1       9     227    10171.82       -2.833312    
    882000     257       1       9     227    10251.60       -3.107306    
    883000     256       1       9     227    10211.71       -2.927344    
    884000     228       1       9     228    9094.804       -2.907037    
    885000     259       1       9     228    10331.38       -3.107248    
    886000     246       1       9     228    9812.815       -3.102592    
    887000     252       1       9     229    10052.15       -3.040935    
    888000     242       1       9     229    9653.257       -3.007115    
    889000     223       1       9     229    8895.357       -3.047281    
    890000     250       1       9     229    9972.373       -2.815118    
    891000     222       1       9     230    8855.467       -2.735865    
    892000     226       1       9     230    9015.025       -2.900015    
    893000     220       1       9     230    8775.688       -2.671975    
    894000     232       1       9     230    9254.362       -2.811750    
    895000     233       1       9     231    9294.252       -2.897519    
    896000     254       1       9     231    10131.93       -3.046266    
    897000     258       1       9     231    10291.49       -3.067608    
    898000     238       1       9     231    9493.699       -2.950164    
    899000     255       1      10     232    10171.82       -3.091845    
    900000     279       1      10     232    11129.17       -3.066995    
    901000     281       1      10     232    11208.95       -3.171699    
    902000     278       1      10     233    11089.28       -3.054969    
    903000     246       1      10     233    9812.815       -3.078488    
    904000     274       1      10     233    10929.72       -3.097767    
    905000     261       1      10     234    10411.16       -3.121901    
    906000     252       1      10     234    10052.15       -2.970399    
    907000     265       1      10     234    10570.72       -2.870980    
    908000     281       1      10     234    11208.95       -3.056314    
    909000     282       1      10     235    11248.84       -3.302526    
    910000     276       1      10     235    11009.50       -3.272612    
    911000     282       1      10     235    11248.84       -3.185616    
    912000     247       1      10     236    9852.704       -3.132579    
    913000     245       1      10     236    9772.926       -3.043341    
    914000     285       1      10     236    11368.51       -3.071491    
    915000     286       1      10     236    11408.39       -3.028030    
    916000     289       1      10     237    11528.06       -3.114870    
    917000     259       1      10     237    10331.38       -2.992894    
    918000     287       1      10     237    11448.28       -2.977179    
    919000     266       1      10     237    10610.60       -3.009799    
    920000     284       1      10     238    11328.62       -3.265192    
    921000     292       1      10     238    11647.73       -2.997844    
    922000     246       1      10     238    9812.815       -2.964285    
    923000     286       1      10     239    11408.39       -3.196470    
    924000     258       1      10     239    10291.49       -2.879227    
    925000     257       1      10     239    10251.60       -2.897458    
    926000     263       1      10     239    10490.94       -3.221531    
    927000     269       1      10     240    10730.27       -2.901343    
    928000     289       1      10     240    11528.06       -3.287274    
    929000     272       1      10     240    10849.94       -3.019830    
    930000     284       1      10     240    11328.62       -3.141294    
    931000     271       1      10     241    10810.05       -3.028628    
    932000     247       1      10     241    9852.704       -2.975467    
    933000     282       1      10     241    11248.84       -3.160451    
    934000     225       1       9     242    8975.136       -2.611285    
    935000     237       1       9     242    9453.810       -3.074443    
    936000     267       1       9     242    10650.49       -3.127741    
    937000     261       1       9     242    10411.16       -3.053964    
    938000     257       1       9     243    10251.60       -3.069566    
    939000     249       1       9     243    9932.483       -3.085960    
    940000     261       1       9     243    10411.16       -2.913613    
    941000     260       1       9     243    10371.27       -3.080508    
    942000     227       1       9     244    9054.915       -2.817581    
    943000     253       1       9     244    10092.04       -3.009856    
    944000     232       1       9     244    9254.362       -2.813676    
    945000     234       1       9     244    9334.141       -3.034534    
    946000     247       1       9     245    9852.704       -2.917576    
    947000     246       1       9     245    9812.815       -2.987603    
    948000     254       1       9     245    10131.93       -2.942023    
    949000     264       1       9     245    10530.83       -2.973192    
    950000     227       1       9     246    9054.915       -2.776711    
    951000     243       1       9     246    9693.147       -2.892368    
    952000     252       1       9     246    10052.15       -3.123567    
    953000     249       1       9     246    9932.483       -2.897427    
    954000     252       1       9     247    10052.15       -2.906684    
    955000     264       1       9     247    10530.83       -3.065276    
    956000     241       1       9     247    9613.368       -3.024391    
    957000     256       1       9     248    10211.71       -3.192024    
    958000     263       1       9     248    10490.94       -3.084300    
    959000     242       1       9     248    9653.257       -3.135759    
    960000     261       1       9     248    10411.16       -3.050337    
    961000     254       1       9     249    10131.93       -3.005566    
    962000     259       1       9     249    10331.38       -2.906422    
    963000     248       1       9     249    9892.594       -3.131411    
    964000     227       1       9     249    9054.915       -2.809202    
    965000     253       1       9     250    10092.04       -3.049570    
    966000     260       1       9     250    10371.27       -2.817434    
    967000     254       1       9     250    10131.93       -3.013506    
    968000     238       1       9     250    9493.699       -2.858482    
    969000     223       1       9     251    8895.357       -3.148901    
    970000     226       1       9     251    9015.025       -2.999554    
    971000     237       1       9     251    9453.810       -3.175632    
    972000     250       1       9     252    9972.373       -2.824854    
    973000     250       1       9     252    9972.373       -2.902822    
    974000     252       1       9     252    10052.15       -3.029159    
    975000     260       1       9     252    10371.27       -3.061594    
    976000     237       1       9     253    9453.810       -2.994824    
    977000     267       1       9     253    10650.49       -3.180863    
    978000     238       1       9     253    9493.699       -2.974907    
    979000     252       1       9     253    10052.15       -3.350709    
    980000     289       1      10     254    11528.06       -3.251449    
    981000     279       1      10     254    11129.17       -3.137830    
    982000     246       1      10     254    9812.815       -3.115283    
    983000     263       1      10     254    10490.94       -3.057998    
    984000     284       1      10     255    11328.62       -3.261964    
    985000     271       1      10     255    10810.05       -3.165029    
    986000     279       1      10     255    11129.17       -3.125887    
    987000     292       1      10     256    11647.73       -3.175405    
    988000     284       1      10     256    11328.62       -3.110254    
    989000     256       1      10     256    10211.71       -2.966378    
    990000     261       1      10     256    10411.16       -2.809750    
    991000     248       1      10     257    9892.594       -2.985866    
    992000     255       1      10     257    10171.82       -3.027399    
    993000     281       1      10     257    11208.95       -3.115479    
    994000     273       1      11     258    10889.83       -3.276074    
    995000     298       1      11     258    11887.07       -3.380883    
    996000     299       1      11     258    11926.96       -3.388441    
    997000     304       1      11     258    12126.41       -3.369482    
    998000     282       1      11     259    11248.84       -3.109901    
    999000     307       1      11     259    12246.07       -3.163427    
   1000000     298       1      11     259    11887.07       -3.292781    
   1001000     284       1      11     260    11328.62       -3.276997    
   1002000     311       1      11     260    12405.63       -3.002050    
   1003000     301       1      11     260    12006.74       -3.131432    
   1004000     278       1      11     261    11089.28       -3.282901    
   1005000     317       1      11     261    12644.97       -3.057837    
   1006000     286       1      11     262    11408.39       -3.178979    
   1007000     298       1      11     262    11887.07       -3.326322    
   1008000     274       1      11     262    10929.72       -3.230900    
   1009000     282       1      11     263    11248.84       -3.234708    
   1010000     307       1      11     263    12246.07       -3.205977    
   1011000     302       1      11     263    12046.63       -3.098023    
   1012000     312       1      11     264    12445.52       -3.272270    
   1013000     307       1      11     264    12246.07       -3.188637    
   1014000     287       1      11     264    11448.28       -3.196261    
   1015000     272       1      11     264    10849.94       -3.163711    
   1016000     302       1      11     265    12046.63       -3.110219    
   1017000     271       1      11     265    10810.05       -2.992654    
   1018000     270       1      11     266    10770.16       -2.937343    
   1019000     299       1      11     266    11926.96       -3.403801    
   1020000     311       1      11     266    12405.63       -3.276226    
   1021000     281       1      11     267    11208.95       -3.317998    
   1022000     315       1      11     267    12565.19       -3.181952    
   1023000     304       1      11     267    12126.41       -3.357867    
   1024000     312       1      11     268    12445.52       -3.379566    
   1025000     311       1      11     268    12405.63       -3.463424    
   1026000     270       1      11     268    10770.16       -3.016079    
   1027000     270       1      11     269    10770.16       -2.988650    
   1028000     317       1      11     269    12644.97       -3.394529    
   1029000     293       1      11     269    11687.62       -3.103994    
   1030000     306       1      11     270    12206.18       -3.352778    
   1031000     277       1      11     270    11049.39       -3.109305    
   1032000     309       1      11     270    12325.85       -3.336221    
   1033000     310       1      11     271    12365.74       -3.276978    
   1034000     310       1      11     271    12365.74       -3.307522    
   1035000     272       1      11     271    10849.94       -3.097688    
   1036000     304       1      12     272    12126.41       -3.342693    
   1037000     308       1      12     272    12285.96       -3.275612    
   1038000     294       1      12     272    11727.51       -3.129394    
   1039000     317       1      12     273    12644.97       -3.348378    
   1040000     319       1      12     273    12724.75       -3.310045    
   1041000     304       1      12     273    12126.41       -3.357609    
   1042000     300       1      12     274    11966.85       -3.225512    
   1043000     336       1      12     274    13402.87       -3.461875    
   1044000     313       1      12     274    12485.41       -3.280247    
   1045000     326       1      12     275    13003.97       -3.184873    
   1046000     325       1      12     275    12964.08       -3.337771    
   1047000     341       1      12     275    13602.32       -3.318003    
   1048000     300       1      12     276    11966.85       -3.344747    
   1049000     322       1      12     276    12844.42       -3.215506    
   1050000     295       1      12     276    11767.40       -3.282455    
   1051000     332       1      12     277    13243.31       -3.177264    
   1052000     340       1      12     277    13562.43       -3.378055    
   1053000     298       1      12     278    11887.07       -3.143551    
   1054000     309       1      12     278    12325.85       -3.326226    
   1055000     307       1      12     278    12246.07       -3.411237    
   1056000     301       1      12     279    12006.74       -3.248838    
   1057000     327       1      12     279    13043.86       -3.272017    
   1058000     339       1      12     279    13522.54       -3.416484    
   1059000     297       1      12     280    11847.18       -3.266216    
   1060000     331       1      12     280    13203.42       -3.346597    
   1061000     296       1      12     280    11807.29       -2.902551    
   1062000     300       1      12     281    11966.85       -3.217790    
   1063000     307       1      12     281    12246.07       -3.429792    
   1064000     294       1      12     281    11727.51       -3.216197    
   1065000     303       1      11     282    12086.52       -3.090714    
   1066000     282       1      11     282    11248.84       -3.117186    
   1067000     289       1      11     282    11528.06       -3.125698    
   1068000     314       1      11     283    12525.30       -3.135590    
   1069000     297       1      11     283    11847.18       -3.223725    
   1070000     270       1      11     283    10770.16       -3.062530    
   1071000     280       1      11     284    11169.06       -3.001072    
   1072000     288       1      11     284    11488.17       -3.287440    
   1073000     275       1      11     284    10969.61       -3.247522    
   1074000     314       1      11     284    12525.30       -3.280742    
   1075000     269       1      11     285    10730.27       -3.232043    
   1076000     313       1      11     285    12485.41       -3.176336    
   1077000     303       1      11     285    12086.52       -3.377029    
   1078000     312       1      11     286    12445.52       -3.234589    
   1079000     273       1      11     286    10889.83       -3.166662    
   1080000     289       1      11     286    11528.06       -3.258064    
   1081000     273       1      11     287    10889.83       -3.087080    
   1082000     280       1      11     287    11169.06       -3.041806    
   1083000     302       1      11     287    12046.63       -3.401087    
   1084000     276       1      11     288    11009.50       -3.192312    
   1085000     317       1      11     288    12644.97       -3.318590    
   1086000     312       1      11     288    12445.52       -3.142369    
   1087000     269       1      11     289    10730.27       -3.115965    
   1088000     313       1      11     289    12485.41       -3.364567    
   1089000     295       1      11     289    11767.40       -3.410544    
   1090000     285       1      11     290    11368.51       -3.218390    
   1091000     281       1      11     290    11208.95       -3.129477    
   1092000     290       1      11     290    11567.95       -3.153960    
   1093000     300       1      11     290    11966.85       -3.229688    
   1094000     289       1      11     291    11528.06       -3.227810    
   1095000     316       1      11     291    12605.08       -3.227589    
   1096000     278       1      11     291    11089.28       -3.146362    
   1097000     281       1      11     292    11208.95       -3.221115    
   1098000     293       1      11     292    11687.62       -3.159658    
   1099000     287       1      11     292    11448.28       -3.255253    
   1100000     281       1      11     293    11208.95       -3.177862    
   1101000     276       1      11     293    11009.50       -3.207677    
   1102000     307       1      11     293    12246.07       -3.375470    
   1103000     287       1      11     294    11448.28       -3.197855    
   1104000     283       1      11     294    11288.73       -3.281774    
   1105000     273       1      11     294    10889.83       -3.281147    
   1106000     315       1      11     294    12565.19       -3.369041    
   1107000     279       1      11     295    11129.17       -3.210981    
   1108000     282       1      11     295    11248.84       -3.199100    
   1109000     290       1      11     295    11567.95       -3.337590    
   1110000     272       1      11     296    10849.94       -3.109693    
   1111000     273       1      11     296    10889.83       -2.998144    
   1112000     307       1      11     296    12246.07       -3.278866    
   1113000     293       1      11     297    11687.62       -3.057931    
   1114000     282       1      11     297    11248.84       -3.251885    
   1115000     279       1      11     297    11129.17       -3.262883    
   1116000     272       1      11     297    10849.94       -3.138391    
   1117000     304       1      11     298    12126.41       -3.203618    
   1118000     290       1      11     298    11567.95       -3.213341    
   1119000     288       1      11     298    11488.17       -3.046660    
   1120000     269       1      11     299    10730.27       -2.983689    
   1121000     273       1      11     299    10889.83       -3.000147    
   1122000     278       1      11     299    11089.28       -3.089645    
   1123000     282       1      10     300    11248.84       -3.141087    
   1124000     260       1      10     300    10371.27       -2.951937    
   1125000     274       1      10     300    10929.72       -3.217521    
   1126000     291       1      10     301    11607.84       -2.965411    
   1127000     283       1      10     301    11288.73       -3.269622    
   1128000     266       1      10     301    10610.60       -3.103866    
   1129000     280       1      10     301    11169.06       -3.352613    
   1130000     255       1      10     302    10171.82       -3.089184    
   1131000     272       1      10     302    10849.94       -3.038582    
   1132000     250       1      10     302    9972.373       -3.151931    
   1133000     286       1      10     303    11408.39       -3.043207    
   1134000     261       1      10     303    10411.16       -3.075244    
   1135000     269       1      10     303    10730.27       -3.079096    
   1136000     279       1      10     303    11129.17       -3.030567    
   1137000     270       1      11     304    10770.16       -2.882232    
   1138000     272       1      11     304    10849.94       -3.147300    
   1139000     298       1      11     304    11887.07       -3.330509    
   1140000     276       1      11     305    11009.50       -3.155790    
   1141000     289       1      11     305    11528.06       -3.298622    
   1142000     314       1      11     305    12525.30       -3.303271    
   1143000     294       1      11     305    11727.51       -3.367067    
   1144000     274       1      11     306    10929.72       -3.206132    
   1145000     271       1      11     306    10810.05       -2.991811    
   1146000     277       1      11     306    11049.39       -3.149189    
   1147000     300       1      11     307    11966.85       -3.123355    
   1148000     273       1      11     307    10889.83       -3.187990    
   1149000     308       1      11     307    12285.96       -3.489374    
   1150000     325       1      12     308    12964.08       -3.341697    
   1151000     342       1      12     308    13642.21       -3.438764    
   1152000     327       1      12     308    13043.86       -3.209084    
   1153000     294       1      12     309    11727.51       -3.181258    
   1154000     336       1      12     309    13402.87       -3.514041    
   1155000     328       1      12     309    13083.75       -3.146744    
   1156000     306       1      12     309    12206.18       -3.191524    
   1157000     329       1      12     310    13123.64       -3.238955    
   1158000     299       1      12     310    11926.96       -3.327339    
   1159000     327       1      12     310    13043.86       -3.220641    
   1160000     305       1      12     311    12166.30       -3.154078    
   1161000     318       1      12     311    12684.86       -3.147663    
   1162000     363       1      13     312    14479.89       -3.356475    
   1163000     319       1      13     312    12724.75       -3.297638    
   1164000     347       1      13     312    13841.65       -3.362339    
   1165000     328       1      13     313    13083.75       -3.389633    
   1166000     319       1      13     313    12724.75       -3.294197    
   1167000     365       1      13     313    14559.66       -3.323605    
   1168000     346       1      13     314    13801.76       -3.544635    
   1169000     325       1      13     314    12964.08       -3.380480    
   1170000     341       1      13     315    13602.32       -3.345934    
   1171000     337       1      13     315    13442.76       -3.450533    
   1172000     360       1      13     315    14360.22       -3.360016    
   1173000     365       1      13     316    14559.66       -3.464353    
   1174000     336       1      13     316    13402.87       -3.497170    
   1175000     353       1      13     316    14080.99       -3.648710    
   1176000     343       1      13     317    13682.10       -3.481762    
   1177000     341       1      13     317    13602.32       -3.431139    
   1178000     351       1      13     317    14001.21       -3.458087    
   1179000     337       1      13     318    13442.76       -3.383629    
   1180000     332       1      13     318    13243.31       -3.419515    
   1181000     337       1      13     318    13442.76       -3.146593    
   1182000     335       1      13     319    13362.98       -3.362563    
   1183000     364       1      13     319    14519.78       -3.259842    
   1184000     358       1      13     320    14280.44       -3.205011    
   1185000     336       1      13     320    13402.87       -3.467043    
   1186000     326       1      13     320    13003.97       -3.360734    
   1187000     333       1      13     321    13283.20       -3.281622    
   1188000     344       1      13     321    13721.99       -3.390097    
   1189000     356       1      13     321    14200.66       -3.395636    
   1190000     298       1      12     322    11887.07       -3.058088    
   1191000     320       1      12     322    12764.64       -3.408853    
   1192000     302       1      12     322    12046.63       -3.289517    
   1193000     319       1      12     323    12724.75       -3.342034    
   1194000     302       1      12     323    12046.63       -3.022102    
   1195000     331       1      12     323    13203.42       -3.230699    
   1196000     337       1      12     324    13442.76       -3.363109    
   1197000     322       1      12     324    12844.42       -3.329483    
   1198000     329       1      12     324    13123.64       -3.450160    
   1199000     308       1      12     325    12285.96       -3.217024    
   1200000     318       1      12     325    12684.86       -3.545188    
   1201000     317       1      12     325    12644.97       -3.110039    
   1202000     321       1      12     326    12804.53       -3.288229    
   1203000     322       1      12     326    12844.42       -3.249807    
   1204000     320       1      12     326    12764.64       -3.481487    
   1205000     331       1      12     327    13203.42       -3.211341    
   1206000     298       1      12     327    11887.07       -3.201219    
   1207000     336       1      12     327    13402.87       -3.393687    
   1208000     310       1      12     328    12365.74       -3.217305    
   1209000     294       1      12     328    11727.51       -2.943050    
   1210000     294       1      12     328    11727.51       -3.123232    
   1211000     340       1      12     329    13562.43       -3.346534    
   1212000     336       1      12     329    13402.87       -3.257763    
   1213000     302       1      12     329    12046.63       -3.232730    
   1214000     317       1      12     330    12644.97       -3.280376    
   1215000     325       1      12     330    12964.08       -3.442745    
   1216000     316       1      12     330    12605.08       -3.207934    
   1217000     299       1      12     331    11926.96       -3.283527    
   1218000     304       1      12     331    12126.41       -3.244024    
   1219000     298       1      12     331    11887.07       -3.382482    
   1220000     332       1      12     332    13243.31       -3.472150    
   1221000     341       1      12     332    13602.32       -3.434967    
   1222000     316       1      12     332    12605.08       -3.436002    
   1223000     306       1      12     333    12206.18       -3.285879    
   1224000     326       1      12     333    13003.97       -3.256200    
   1225000     305       1      12     334    12166.30       -3.225229    
   1226000     295       1      12     334    11767.40       -3.209360    
   1227000     324       1      12     334    12924.20       -3.206378    
   1228000     327       1      12     335    13043.86       -3.426978    
   1229000     342       1      12     335    13642.21       -3.457621    
   1230000     303       1      12     335    12086.52       -3.071469    
   1231000     320       1      12     336    12764.64       -3.327104    
   1232000     331       1      12     336    13203.42       -3.253729    
   1233000     319       1      12     336    12724.75       -3.265639    
   1234000     321       1      12     337    12804.53       -3.473075    
   1235000     325       1      12     337    12964.08       -3.457513    
   1236000     307       1      12     338    12246.07       -3.108028    
   1237000     298       1      12     338    11887.07       -3.141660    
   1238000     312       1      12     338    12445.52       -3.269642    
   1239000     328       1      12     339    13083.75       -3.327712    
   1240000     321       1      12     339    12804.53       -3.071793    
   1241000     333       1      12     339    13283.20       -3.408322    
   1242000     342       1      12     340    13642.21       -3.242615    
   1243000     336       1      12     340    13402.87       -3.350229    
   1244000     308       1      12     341    12285.96       -3.261002    
   1245000     299       1      12     341    11926.96       -3.331233    
   1246000     342       1      12     341    13642.21       -3.155170    
   1247000     319       1      12     342    12724.75       -3.404643    
   1248000     322       1      12     342    12844.42       -3.407544    
   1249000     317       1      12     342    12644.97       -3.203744    
   1250000     299       1      12     343    11926.96       -3.315295    
   1251000     338       1      12     343    13482.65       -3.246893    
   1252000     339       1      12     344    13522.54       -3.369830    
   1253000     315       1      12     344    12565.19       -3.317327    
   1254000     319       1      12     344    12724.75       -3.356753    
   1255000     323       1      12     345    12884.31       -3.409140    
   1256000     309       1      12     345    12325.85       -3.283838    
   1257000     296       1      12     346    11807.29       -3.129664    
   1258000     305       1      12     346    12166.30       -3.361078    
   1259000     306       1      12     346    12206.18       -3.109013    
   1260000     342       1      12     347    13642.21       -3.528436    
   1261000     342       1      12     347    13642.21       -3.235610    
   1262000     306       1      12     347    12206.18       -3.212913    
   1263000     336       1      13     348    13402.87       -3.312466    
   1264000     330       1      13     348    13163.53       -3.379492    
   1265000     359       1      13     348    14320.33       -3.393201    
   1266000     363       1      13     349    14479.89       -3.381764    
   1267000     359       1      13     349    14320.33       -3.492250    
   1268000     366       1      13     349    14599.55       -3.408117    
   1269000     351       1      13     350    14001.21       -3.362277    
   1270000     337       1      13     350    13442.76       -3.432133    
   1271000     352       1      13     350    14041.10       -3.365373    
   1272000     344       1      13     351    13721.99       -3.403183    
   1273000     361       1      13     351    14400.11       -3.458162    
   1274000     329       1      13     351    13123.64       -3.230068    
   1275000     298       1      12     352    11887.07       -3.148677    
   1276000     324       1      12     352    12924.20       -3.326423    
   1277000     296       1      12     352    11807.29       -3.230610    
   1278000     302       1      12     353    12046.63       -3.034223    
   1279000     315       1      12     353    12565.19       -3.343430    
   1280000     300       1      12     353    11966.85       -3.172946    
   1281000     340       1      12     354    13562.43       -3.247462    
   1282000     316       1      12     354    12605.08       -3.311972    
   1283000     332       1      12     354    13243.31       -3.310779    
   1284000     303       1      12     355    12086.52       -3.132142    
   1285000     328       1      12     355    13083.75       -3.181352    
   1286000     308       1      12     355    12285.96       -3.256578    
   1287000     306       1      12     356    12206.18       -3.055138    
   1288000     295       1      12     356    11767.40       -3.247490    
   1289000     300       1      12     357    11966.85       -3.258672    
   1290000     313       1      12     357    12485.41       -3.351455    
   1291000     310       1      12     357    12365.74       -3.222552    
   1292000     319       1      12     358    12724.75       -3.228321    
   1293000     322       1      12     358    12844.42       -3.278936    
   1294000     297       1      12     358    11847.18       -3.193306    
   1295000     306       1      12     359    12206.18       -3.381360    
   1296000     332       1      12     359    13243.31       -3.309211    
   1297000     331       1      12     359    13203.42       -3.314044    
