         428          16         392         440
         428   1000.0000000000001     
           0  1886440367          -1           1
  0.14260646    
  0.11081817E-01  0.50000000E-01
   10.000000       25.000000    
   10.000000    

       1       1       1   0.4660720150872066        9.912062144719746        8.048241299441706    
       1       1       2    1.001668131374644        9.880446119125160        8.172031240227835    
       2       1       1   0.5260526104353781       0.9258656124414867E-01    4.872692412089549    
       2       1       2   0.3989259907139164       0.6034283974797501        5.031016212124758    
       3       1       1    2.274658934796510        8.776003877706302        7.079172555793282    
       3       1       2    2.586558491613845        8.603519402871770        6.660582485317971    
       4       1       1   0.2199150229893030        9.261241285027843        6.993899764023463    
       4       1       2   0.4410132273435392        9.237682177238932        6.491348933568898    
       5       1       1    8.553606056008663        9.795032521964480        5.757747598681864    
       5       1       2    8.123765216069561       0.1001782054924103        5.599830432906084    
       6       1       1    1.387949798981975       0.3609856533787301        8.229980837494040    
       6       1       2    1.138229117646643       0.2638464865831091        7.749553774902713    
       7       1       1    1.229540601817260        9.416960814358172        7.097427278251637    
       7       1       2    1.746452351062548        9.602406121026096        7.064909543126799    
       8       1       1    2.526530483194062       0.6635418133011992        6.718114276860610    
       8       1       2    2.563243073994074       0.4261892680414733        7.213109302654814    
       9       1       1   0.9308922713021477        8.408696979379622        7.364432593479741    
       9       1       2   0.9234514793381007        8.353422617212637        7.911283920428952    
      10       1       1   0.8167810247071203       0.4005899853356772        6.247951876017852    
      10       1       2   0.3440608315429016       0.6016505205898577        6.052165735159959    
      11       1       1    2.197852466477148        9.849503776461887        7.770554186217080    
      11       1       2    2.377924839719272        9.516524034369942        8.169857614395793    
      12       1       1    2.536142749233694        7.012263416401249        7.387684124404439    
      12       1       2    2.583662882653258        6.481825706339579        7.250708843148872    
      13       1       1    3.015162417428586        9.977710568338811        5.871714723162219    
      13       1       2    2.746915883254520        9.856026755981093        6.335926864525423    
      14       1       1    3.232632759511306        7.708327882364333        7.988124130640392    
      14       1       2    3.341544295715147        7.320286012019815        7.612889965696723    
      15       1       1    4.137184624468293       0.1788111010238840        6.552983131608402    
      15       1       2    3.806755080755134       0.1765999655509733        6.992751592633066    
      16       1       1    6.696301981236155        9.273072954842986        6.768570475834387    
      16       1       2    7.138650025189584        9.300945858259862        7.095033759046544    
      17       1       1    3.049045278506254        7.586749529639063        6.708266587291067    
      17       1       2    2.718546479043723        7.817150318933543        6.333752191164618    
      18       1       1    4.278085170619676        8.306972965418110        6.228023948815567    
      18       1       2    4.239219667972891        8.666935945994242        5.813529613051195    
      19       1       1   0.1800663516973576E-02    8.196947907243430        6.932373803594550    
      19       1       2    9.975339820437560        7.736435712711682        7.232637781589474    
      20       1       1    3.848698493838200        7.045788871706214        6.994130293313321    
      20       1       2    4.114527501935265        6.570325577859694        7.069926269416385    
      21       1       1    1.802539135776575        7.751105432018175        6.590819081742885    
      21       1       2    1.371104984137032        8.054631550074527        6.434885909799076    
      22       1       1    1.578777435409980        8.151124313685640        8.603955565769459    
      22       1       2    1.938960809416433        8.041295103608933        9.005372550603820    
      23       1       1    8.662124832733257        8.870869605173469        8.374106910892486    
      23       1       2    8.291234239810230        8.757769117518672        7.983806488484748    
      24       1       1    9.041770846083038        8.015755300552890        7.395507022897275    
      24       1       2    9.226883914054181        8.419151080974736        7.070733973144128    
      25       1       1    3.449570152403538       0.4359028080152502        7.758383487833621    
      25       1       2    3.269238304346208       0.6354833316916638        7.279109469253135    
      26       1       1    2.255953957327251        1.940941033865660        6.936755319049326    
      26       1       2    2.609843848268956        2.121538135498922        7.316582209255323    
      27       1       1    9.354669962361541        9.303576943174875        7.635993112387483    
      27       1       2    9.305316797790125        8.771734693545197        7.766998245183783    
      28       1       1   0.3072606017231987        7.860918051675938        9.196716076484368    
      28       1       2   0.5584167762137343        8.128312069454561        9.605699372857213    
      29       1       1    1.317852333969484        8.746265631205807        9.696581783925319    
      29       1       2    1.043965058300212        8.273181825899920        9.639717253328136    
      30       1       1    2.661347732528947        2.495842005867040        8.081243548791761    
      30       1       2    3.144948154281322        2.389877974566371        7.841651713860983    
      31       1       1    2.544454260617646        5.855873729646170        7.885018493065806    
      31       1       2    2.036127815016353        6.026303107526800        7.761261227538220    
      32       1       1    7.744789472878455       0.3784256459365211        5.932595187576176    
      32       1       2    7.247859806847255       0.1477381367701307        5.983994029068870    
      33       1       1   0.5067116071318853        1.685548374217494        7.436584915268471    
      33       1       2   0.9915847272659249        1.571317777484866        7.203209521032548    
      34       1       1    8.340433995071994       0.3954560971565371        6.907178282678817    
      34       1       2    8.524173984663337       0.6646145518454729        7.350410744618409    
      35       1       1    8.103949947849616        1.748349236695107        6.574501546896395    
      35       1       2    8.539431334189096        1.941540072107648        6.300422338969999    
      36       1       1    1.969103714390230        6.948870601490078        8.378349141802715    
      36       1       2    2.107780182782942        6.439754970982580        8.532426628041192    
      37       1       1    9.392841581584147        8.871808174127972        6.415571002877531    
      37       1       2    9.005899920541811        8.483261547700170        6.457588540562520    
      38       1       1    1.433833328226290        9.667039712959001       0.2708719631842852    
      38       1       2    1.826673759731088       0.3838572887690556E-01   0.1692599714208047    
      39       1       1   0.3443943345376584        9.354306139736826        1.202130601362753    
      39       1       2   0.4281944182809562        9.127859491646243        1.696609234327510    
      40       1       1    1.149509580544241        8.860219240661079        4.627347593675297    
      40       1       2   0.8623633525628212        8.893081313870976        4.159922204481137    
      41       1       1    4.954807805929545        9.932881475526912        5.987484252313837    
      41       1       2    5.333695909721701        9.883852777800826        6.382675640335438    
      42       1       1    9.280296746077205       0.6184000013079674        7.581699906125022    
      42       1       2    9.188395792915706       0.5712891970347510        7.041475887734843    
      43       1       1    4.947861214323312        2.226189543325101        7.448305621082139    
      43       1       2    4.432487041031015        2.096859682444381        7.591678514367901    
      44       1       1    3.841688091044171        9.345985476866568        5.591307337367208    
      44       1       2    4.036631091335623        9.344862630489136        5.077033059346729    
      45       1       1    3.132912144703730        9.288307019301364        6.833342594980966    
      45       1       2    2.590644154251262        9.274992133546935        6.743676059893295    
      46       1       1   0.1027863199670564       0.9223720164936430        8.223133820927220    
      46       1       2   0.3638870972897488       0.4481401419150857        8.323581595938467    
      47       1       1    3.463734058219784       0.9274561760128309        6.457974894241400    
      47       1       2    3.539250511256922       0.4668707643110177        6.748639302869025    
      48       1       1    3.576987868083282        1.078854466649291        5.307766364604165    
      48       1       2    3.759637508767714       0.5696588965876813        5.407880625980529    
      49       1       1    6.064453363837270        1.322497153816602        7.040392272775255    
      49       1       2    6.387462097213250       0.8995658282985116        7.179193869894791    
      50       1       1    5.870633119040220       0.2387313206266997        6.758481951078754    
      50       1       2    5.749579440421595       0.5284081660069313        7.209778145181473    
      51       1       1    9.706081268403940        9.622318770166503        5.460493497692060    
      51       1       2   0.4799859489966453E-01    9.297514601664073        5.744061874967636    
      52       1       1    8.714402041668778        9.144185043950133        4.709486101223451    
      52       1       2    8.727978795650065        9.410546153891316        5.190589677548937    
      53       1       1    9.901371191582596        9.099093567244740        4.572130859185038    
      53       1       2    9.991904807954693        8.655289579407119        4.884249705922288    
      54       1       1    3.572163211048085        4.367208366884086        6.937391335587156    
      54       1       2    3.946829576640538        3.973891511595883        7.021004465247185    
      55       1       1    9.567594571503779       0.6608056814938630E-01    6.780678991551795    
      55       1       2    9.292324028605382       0.3293858103165384        6.383555068270003    
      56       1       1   0.3162335977102265       0.5715347305536713        7.221052277594199    
      56       1       2    9.845245459944664       0.8137559616144642        7.073024326292837    
      57       1       1    2.996018670610242        6.706139182246672        5.825871319841088    
      57       1       2    3.433492150196686        6.887036237811105        6.107271449976422    
      58       1       1    1.685833851418100       0.1824329499847058        5.576690025085300    
      58       1       2    2.162100622127349       0.1700661057355722        5.851073050527514    
      59       1       1    1.363544157199353       0.6635357176432646        7.248486679185753    
      59       1       2    1.272718800853880       0.1208807953125347        7.244438785124101    
      60       1       1    9.428397432656052        1.477120644411815        6.525650226633768    
      60       1       2    9.756449783060706        1.914146655772466        6.464458331729440    
      61       1       1    8.658028805686051        9.251199168821540        3.457476632580530    
      61       1       2    8.248696166125386        9.514841775158578        3.711851644250445    
      62       1       1   0.2786231993189814       0.1849523701982231        2.929384644952786    
      62       1       2   0.5057306615954632       0.5710386263493168        3.248983117693697    
      63       1       1    2.991511762506748        8.786567895119870        5.840125645320590    
      63       1       2    3.493811513079012        8.594679353779840        5.723261071277887    
      64       1       1    1.477296635295704        7.244050025314206        7.499794301792336    
      64       1       2    1.461800645185709        6.817926200401109        7.847856434287792    
      65       1       1    5.592477686697203        8.232128516782705        7.193790470043666    
      65       1       2    5.839594060072892        8.702615149619177        7.334288932976732    
      66       1       1    7.738374533124554        9.272052318097932        6.143713289273402    
      66       1       2    7.522585532865282        8.905651694593967        5.795106043713183    
      67       1       1    6.702784163983787        8.170710878217674        7.779138812605196    
      67       1       2    7.146628901189714        7.868581997711458        7.658153753689942    
      68       1       1    8.511339103385499        9.033691744111611        6.917103530714442    
      68       1       2    8.418176708904465        9.560074926199141        6.788062144948247    
      69       1       1    7.007225470782552        8.836942104372318        8.500863679339968    
      69       1       2    6.802114521667435        8.360360676696327        8.318056505915237    
      70       1       1    2.299941681762256        8.070652351184348        7.792859587258933    
      70       1       2    1.884650301175343        8.312391954903154        7.524697739349380    
      71       1       1    7.082158859377134        8.700610099267251        5.442102317494533    
      71       1       2    7.342401416702100        9.149717425169404        5.623977594795165    
      72       1       1    2.804239841456718        7.802301144474371        5.667664351809447    
      72       1       2    3.204475777176514        8.176947713613213        5.714045222813547    
      73       1       1    6.664606277369255        9.849630816240790        5.913027495950713    
      73       1       2    6.251600266397342        9.486996106052796        5.903627083062535    
      74       1       1    8.735447824347018       0.9031513852488943        6.052037567061154    
      74       1       2    9.196277233739817        1.194918496230085        5.980533736725527    
      75       1       1    8.308936627523311        8.647798096795240        5.523106239166704    
      75       1       2    8.770475075681020        8.900869161923866        5.683318169697146    
      76       1       1    8.507346073001701       0.1406141811600225        8.074829933503070    
      76       1       2    8.526529424858794       0.4040699806028475        8.557437447891619    
      77       1       1    1.359118915349796        8.990577221814691        8.093339609346888    
      77       1       2    1.144981981551163        9.468264944021950        8.261873894351664    
      78       1       1    6.666670538491299       0.7920601043042076        6.330832664512950    
      78       1       2    6.467703275325575       0.5283700381399475        6.770663164800883    
      79       1       1   0.9046882854293237E-01    8.712991839400365        7.999091426615700    
      79       1       2   0.3983150382025468        9.005429835324543        7.649755461846167    
      80       1       1    9.108434546070008        7.710963402763542        8.376300931683268    
      80       1       2    8.641130836525681        7.441662158630692        8.269660500197391    
      81       1       1    2.123282033513770        9.646943109098903        6.347823426651239    
      81       1       2    1.683469634763497        9.550126408431689        6.663041294615185    
      82       1       1    7.727286850681614        9.585716026080817        4.909463429738569    
      82       1       2    7.263620936652999        9.695909747929973        5.184224935520007    
      83       1       1    6.653793957576656       0.7419729338625282        5.031665435068526    
      83       1       2    6.572893647469905       0.4228540736283844        4.591431850240359    
      84       1       1    1.224916682556254        2.297764653575120        6.781239130259964    
      84       1       2    1.774725000422506        2.303569891021839        6.791947550021889    
      85       1       1    4.853813809559836        1.073434090606523        6.784562351986692    
      85       1       2    4.459446865365595        1.453860081461266        6.738292854489628    
      86       1       1    6.125663711981249        2.256231924694830        7.559819510826293    
      86       1       2    6.390858002585929        1.816208612739052        7.363361088172295    
      87       1       1   0.5249268263750850        8.063203395354213        4.903589411368752    
      87       1       2   0.7980677697439801        8.256828711116158        4.467270545346648    
      88       1       1    1.629874266362145        8.195970544107054        5.370813773219449    
      88       1       2    1.562657409255031        7.657970932747316        5.464991299761447    
      89       1       1   0.9672683535812904        9.289094779246774        5.515555285095418    
      89       1       2    1.264137447667570        9.565949871880779        5.886622515330303    
      90       1       1    9.865233162500285        8.910224296860356        2.211075767178939    
      90       1       2    9.946070569708283        8.929044687276887        1.666910715916261    
      91       1       1    8.078160541398706        8.338489579538665        7.630563992581620    
      91       1       2    7.705676169246147        8.027173898128861        7.888389897642734    
      92       1       1    7.548740988944522        8.388088476104992        4.320557428634705    
      92       1       2    7.005157104327790        8.334469703213719        4.387034266492973    
      93       1       1    2.178481281237990        9.301750892821511        4.932303384250202    
      93       1       2    2.505391177420285        9.485365405479817        4.529795628708044    
      94       1       1   0.4447514365964441        8.657799925993462        3.430084491774816    
      94       1       2   0.2170017021183961        8.166197746319144        3.334930836370058    
      95       1       1    2.390004957349954        8.268938711075462        4.639607927261615    
      95       1       2    2.897893243188185        8.292658196692116        4.848460560450452    
      96       1       1    3.030335339124821        5.756162755387333        6.794199511581116    
      96       1       2    3.429308926887489        6.091222882899350        6.970993341594424    
      97       1       1    2.104745881307355        6.772729970094222        6.336649498721016    
      97       1       2    2.382286070263040        6.641335513814284        6.792966651962775    
      98       1       1   0.4902563011422463        7.347996813448505        7.158109195630903    
      98       1       2   0.8668646687981932        7.466371849233298        7.540363299645858    
      99       1       1    7.972292704080862       0.8454480296172722        4.881822322748991    
      99       1       2    7.783301536491740       0.4942523023707093        5.260219423554084    
     100       1       1    1.011367026196963        7.308339949167272        6.090617983826143    
     100       1       2   0.9163790639717979        7.056404371227879        5.611326307297131    
     101       1       1    3.006480213992929        1.502661079830211        8.296620186966505    
     101       1       2    2.769539462087421        1.097141346668430        8.583962836647855    
     102       1       1    4.163458808446110        7.248897735460123        5.844377204095988    
     102       1       2    4.692179744036653        7.313836322344107        5.982777648671447    
     103       1       1    9.245119582635175        8.393438160970668        9.480044920442738    
     103       1       2    9.644277651069261        8.772357510156983        9.483284376122617    
     104       1       1    9.939055343983862        1.494710605720802        9.043180878960058    
     104       1       2    9.582943959467618        1.535734562215024        9.460090473097663    
     105       1       1    1.620264391306650        3.137912612876296        7.374650375921977    
     105       1       2    1.240777283209653        2.800435878698284        7.162458937207132    
     106       1       1    5.481540986283421        2.133205291376474        6.451735447169740    
     106       1       2    5.644049270024218        1.629675188500820        6.302830817328468    
     107       1       1    2.400016049667011        1.392211560145873        5.174433808140749    
     107       1       2    2.528160081005935        1.602469061506384        4.682484272612246    
     108       1       1    7.467178383531818        8.415245539445635        6.595228963701467    
     108       1       2    7.548887502951602        8.463228483638472        6.053194727095979    
     109       1       1    9.199963995430661        7.843567247155770        6.367000529838431    
     109       1       2    9.019385111911149        7.435995671789217        6.045268864022204    
     110       1       1    4.373737566156639        1.396050893201674        5.894012319277141    
     110       1       2    3.876365797779535        1.601104661379536        6.009820960127589    
     111       1       1    1.927862917001249        3.987137100971964        6.877015770223998    
     111       1       2    1.508942033150989        4.295106551084083        6.697283841995824    
     112       1       1   0.4705659594895383        6.297090683893799        7.599228036580339    
     112       1       2    1.007027506533358        6.299781251885814        7.478422849609665    
     113       1       1    5.646342189159378       0.1812408337044877        5.226951312196644    
     113       1       2    5.802072179835665       0.3468229710541369        4.725452815905851    
     114       1       1    8.887320278041249        2.613867748077773        6.948925092485928    
     114       1       2    8.675948333517280        2.396138839992990        6.489661913875349    
     115       1       1   0.3600922370126018E-01    2.829802477300960        6.609361237534126    
     115       1       2   0.2357411318450963        2.962424133765577        6.114525367794755    
     116       1       1    9.329598750152636        8.294212788720101        5.346442131012026    
     116       1       2    9.217682593933031        8.268571751334882        5.884229400367317    
     117       1       1    3.112150395010008       0.1782698311849450        8.687884195321333    
     117       1       2    2.914108102957210       0.5043904920858548        8.292160745063141    
     118       1       1    8.240561305108717        7.288402453526563        7.789248396462678    
     118       1       2    8.116976714541616        7.820865170858402        7.850204288399753    
     119       1       1    2.389310953684289        5.657199648697853        5.808532225196847    
     119       1       2    2.934147497336489        5.611953560785044        5.745469088495593    
     120       1       1   0.5663869288862019        1.659280982082552        6.281231003248738    
     120       1       2   0.8955300121740771        1.318034044859800        6.560125957545895    
     121       1       1    6.515316375336576        7.978922087918880        6.580363270870224    
     121       1       2    6.875752680073935        8.391950723733171        6.623222261754033    
     122       1       1    2.214829419740389       0.7033127145492926        9.150511606413509    
     122       1       2    2.258450420098666       0.5609051780703004        9.679814146324890    
     123       1       1    1.700372452091745        4.839351814125862        6.106649956638446    
     123       1       2    2.017507912645631        4.732391268892042        6.543331134149461    
     124       1       1    2.532565010314992        4.877015495698537        6.963430884634978    
     124       1       2    2.925935965079442        4.703531549197213        7.306750737867910    
     125       1       1    2.998150666475345        1.746957278166710        6.057692577055987    
     125       1       2    3.149268932788762        1.906286343911736        5.552822437388899    
     126       1       1    2.873408318445149        3.883978303562551        6.379937398437573    
     126       1       2    3.131508104525758        3.729754792262887        6.841148790881173    
     127       1       1    2.039479847304665        2.770065864810715        6.283867738122734    
     127       1       2    1.554153217616800        2.534732090395700        6.175615545324739    
     128       1       1    6.649462707435792        9.504329179705445        4.463917653692267    
     128       1       2    6.188518996234430        9.424941490184249        4.752443002112959    
     129       1       1    1.727114785933505        1.368512310566606        6.051244734573723    
     129       1       2    2.155189101285196        1.023652326205351        6.036351527252100    
     130       1       1    9.811960757229667        7.148885963604638        5.914158630299786    
     130       1       2    9.466795021333704        6.844899144449898        5.611836977988994    
     131       1       1    6.053051426884470        8.618319216529002        5.604800081972244    
     131       1       2    5.678691361364621        8.222739860514492        5.528843842327918    
     132       1       1   0.7630220260056356        4.576332254183387        6.843155437033742    
     132       1       2   0.9804895253626237        4.145541491658653        7.106559909891482    
     133       1       1    9.384724756880914        6.927164681613865        6.944759631970974    
     133       1       2    9.884865396811231        6.712430527282157        7.021789330810269    
     134       1       1    3.330258336346034        9.923158569990198        4.557334760378914    
     134       1       2    3.424072903465364        9.927156564525045        5.099303713868248    
     135       1       1    6.410456960059509        6.527907030906245        6.568483069025041    
     135       1       2    6.016818579378103        6.146041523696246        6.521864268417167    
     136       1       1    6.060332393655326       0.5607011657917695        3.891036046719972    
     136       1       2    6.108593853604393        1.092058391069813        4.025568007403892    
     137       1       1    5.089161170728225        7.650132265997899        5.519235429436739    
     137       1       2    4.696510473883306        7.304572001194153        5.688359789718096    
     138       1       1   0.9794047297705697        3.384247162757194        6.619248824117917    
     138       1       2    1.430080131226670        3.100921349915832        6.757807170159888    
     139       1       1    6.069747857783756        7.220669529203803        7.219049137013546    
     139       1       2    5.690768664223222        6.821813078495269        7.210062706859349    
     140       1       1    8.666607964313934        6.790533512364354        5.739416978601834    
     140       1       2    8.341383596163304        7.196099911700666        5.919118146101710    
     141       1       1    5.600794727943831        7.618447764389255        6.383631839821210    
     141       1       2    5.480357084028327        7.114247662228452        6.199483599150000    
     142       1       1    1.974954019604608        7.038141946820707        5.094556936542618    
     142       1       2    1.664636220178306        6.732058213218261        4.758924466396494    
     143       1       1   0.4178174696066216        5.275347094661893        6.063330799793961    
     143       1       2   0.3477099897200825        4.994361855221756        5.595606757100078    
     144       1       1    9.874923512733202        5.279021228929629        6.949933449713816    
     144       1       2    9.718459282129404        5.480508756540114        7.436885556095848    
     145       1       1   0.3862010306519998        6.249512553007156        5.409684999292903    
     145       1       2   0.5362338265073125        6.068801223265917        5.906710359432518    
     146       1       1    9.395419568805288        6.108784973045704        5.903737697458001    
     146       1       2    9.875391612741657        5.908920785985473        5.724539088636977    
     147       1       1    9.735198468641887        4.206274946418648        6.586536321104648    
     147       1       2    9.824038045783110        4.322689976533042        7.116217433344178    
     148       1       1    5.097990606473201        9.014858069445948        5.410220644746807    
     148       1       2    5.197161609503784        8.581752533779465        5.733926283072560    
     149       1       1    9.299731197665871        8.351190467845838        4.061299748562583    
     149       1       2    9.746451390827314        8.163768406497253        3.801510076256912    
     150       1       1    1.675901251995312        1.640058688009211        7.815132115427094    
     150       1       2    2.129629105576188        1.923198855515635        7.943088074131546    
     151       1       1    5.305124835313345        6.621213578294800        5.423521392560887    
     151       1       2    5.192019615549419        6.122735110615464        5.219476325211369    
     152       1       1    8.645550873968542        3.533924058652596        6.419182017930053    
     152       1       2    8.573355374758806        3.459728816740329        5.878938520914290    
     153       1       1   0.8328890912616483        1.197150106238216        4.138228229025724    
     153       1       2    1.219194846673362        1.587262231127759        4.105148911575838    
     154       1       1    7.498019016917262        6.910643856281165        6.944180455096689    
     154       1       2    7.981414809273456        6.717494412424225        6.768331814321877    
     155       1       1    1.877455296837277        3.497078696793096        5.615317213751655    
     155       1       2    2.006270691420499        3.592924744220574        5.088805370505146    
     156       1       1    1.879807823764870       0.6193330717011003        4.508239699155066    
     156       1       2    1.831444862991812       0.9271220318173928        4.961603251916110    
     157       1       1    7.734010414448313        8.237227253869420        1.938367692196177    
     157       1       2    7.841666625923214        8.587880911302667        1.528531138735463    
     158       1       1   0.7532074171823775        1.159061282120778        5.432404150041393    
     158       1       2   0.4561115607986580        1.620513860524555        5.394892806151185    
     159       1       1   0.6600016926971239        6.421081883172902        6.553935250168868    
     159       1       2   0.7142890809377862        5.944242617232049        6.823512299828013    
     160       1       1    7.639888541839719        9.290344419936250        3.878035729053948    
     160       1       2    7.275848740646534        9.635721120466860        4.101866400742436    
     161       1       1    9.075526395292489        3.554486309860646        7.445562033892929    
     161       1       2    8.709726443892302        3.152124610565081        7.363428352800677    
     162       1       1    6.401384204641644        7.340907262584310        5.801421910733381    
     162       1       2    6.903273286717146        7.523012274215585        5.670429576992531    
     163       1       1    8.446500346890103        1.337419954517951        7.828713848176638    
     163       1       2    8.992250570390990        1.334440369321205        7.763123110103310    
     164       1       1    2.081901186298693        1.946475807859191        8.694409906899050    
     164       1       2    1.886234793436336        2.208851220485681        9.136460689845768    
     165       1       1    7.621898917595255        7.188621089990274        8.708780064350993    
     165       1       2    7.238468441703924        7.214652171625332        9.101931053204346    
     166       1       1   0.6794915139355906        3.927471236606848        5.682234412855245    
     166       1       2   0.1735997977110595        3.837175796059012        5.877526938289716    
     167       1       1    8.565737859030106        4.280731118398921        5.676397783522987    
     167       1       2    8.447865317130985        4.494581798797593        6.168934904944477    
     168       1       1   0.8855368628632040        6.985857898357525        4.802487323055662    
     168       1       2   0.7363598727052330        7.297486944845591        4.373791451687784    
     169       1       1    1.379267810503617        2.902082803585025        8.520522376634680    
     169       1       2    1.226884386896472        3.430642943948890        8.496496482768961    
     170       1       1    7.399033870846806        2.100108782324897        7.784293470824112    
     170       1       2    6.940898394900264        1.796753650676480        7.819808582108706    
     171       1       1    9.462341197438235        9.921063566715040        8.614118836123069    
     171       1       2    9.707376840043613        9.685614037497617        8.181423868792800    
     172       1       1    9.816392486634976        2.168150137202404        5.641704613922676    
     172       1       2    9.490274446644150        2.522424319611951        5.907863794450542    
     173       1       1    1.050322936283278        2.929153522665090        5.513394363202049    
     173       1       2   0.6351194605948400        3.190992194624432        5.761542474993084    
     174       1       1    9.068948476014716        1.435388644183546        5.239808850271991    
     174       1       2    9.310633092944695        1.196055937494014        5.672349172597638    
     175       1       1    5.894212378045320        7.915792784003558        4.898308114681956    
     175       1       2    6.239367368624968        8.335898946273044        4.814570173402179    
     176       1       1    3.470467164477158        8.373784004857496        7.207486452335144    
     176       1       2    3.273054527297925        7.903160167791608        7.411616361198304    
     177       1       1    7.462410953885717        1.375530286898311        5.839177194342072    
     177       1       2    7.371195421225713        1.448709998582312        6.376864078493897    
     178       1       1    6.923782562571874        3.016085949823460        6.906777545945914    
     178       1       2    6.966257092371435        2.745643712058305        6.429917859277810    
     179       1       1    7.632850264085282        2.670792655811133        6.264942124517529    
     179       1       2    7.516963122476600        2.219517334632266        5.973063887931264    
     180       1       1    3.795943083516449        9.461592721389287        7.663181762545398    
     180       1       2    3.827414599053161        8.955104308610762        7.450950425509654    
     181       1       1    1.192384657262021        7.466437794570651        9.818068513700169    
     181       1       2    1.581242515378978        7.160311740933413       0.5768443447627039E-01
     182       1       1    6.800327390387374        1.903274804707152        6.628000250528066    
     182       1       2    6.700764372253341        1.550390884784020        7.038001899313628    
     183       1       1    4.070796648115141        6.450556074882149        4.831041467303638    
     183       1       2    4.076358666631474        6.975524224920783        4.665649682595711    
     184       1       1    9.948964602371291        7.718666991520656       0.4234708976894629    
     184       1       2    9.460602074334501        7.476978616233184       0.3476154430892461    
     185       1       1    8.447020114272862        5.247854015310097        5.367598678155130    
     185       1       2    8.224259204456764        5.456108006425716        5.825139522319432    
     186       1       1    5.205938694103077        5.807719460706073        6.693820643888127    
     186       1       2    5.739790226499029        5.685335930237279        6.644043493551556    
     187       1       1    7.402642769802839        1.173869454144238        7.062342126763875    
     187       1       2    7.501171334701519        1.670353872968652        7.277465830851552    
     188       1       1    6.917282980884142        7.760398231913490        4.879539155309733    
     188       1       2    6.795413879219286        7.224622399946472        4.895144387656367    
     189       1       1    1.446118337350887        5.085951777569471        5.146365621739404    
     189       1       2    1.463418579381304        4.567090527122589        5.327853213670399    
     190       1       1    8.648278961792982        5.145954644434510        6.600622917444312    
     190       1       2    8.996354330418242        5.475687052190008        6.330852272469409    
     191       1       1    9.458477829784472        4.803951354941701        5.680826612358548    
     191       1       2    9.795328713270031        4.434804287445560        5.451101904280472    
     192       1       1   0.7550985894309452        1.672083845740035        8.420291940496195    
     192       1       2   0.8429617558835808        1.709237135606654        8.962228301806917    
     193       1       1    4.082342303699727        2.131745748237320        8.125282221802660    
     193       1       2    4.503131361426457        1.911924439466743        7.848834779338761    
     194       1       1    6.486044726346992        8.539711248939884        4.237772789048621    
     194       1       2    6.457647560889889        8.402315183499255        4.769700035678134    
     195       1       1    4.623670977960788        9.190257300830591        6.708292180748558    
     195       1       2    4.367818350302218        9.469619574996289        7.107543325285865    
     196       1       1    8.739980987197981        2.575889038402714        5.919609674749309    
     196       1       2    8.389329003245095        2.980539912573755        6.046597840213048    
     197       1       1    4.039456725781537        6.273693270067404        6.100684563665616    
     197       1       2    4.021884454479355        6.103124715876703        5.578450892266242    
     198       1       1    6.271853560251252        6.424668197915559        5.234799080843344    
     198       1       2    5.934662722042558        6.789517392465385        5.471057577782350    
     199       1       1    9.323620304858037        1.909719377903991        7.908817697430943    
     199       1       2    9.034711629067814        2.375487573770811        7.961578464026847    
     200       1       1   0.9415942141528560E-01    2.331787290629008        4.666063192079446    
     200       1       2   0.2521260110685923        1.811329912689051        4.582699276430096    
     201       1       1    9.713172991980024        9.852220465009831        3.725848518206965    
     201       1       2    9.868786161218384        9.933318563701830        4.247319228054343    
     202       1       1    5.591661558287183        9.016882414156999        4.517244221746799    
     202       1       2    5.693837203309664        9.510928475128740        4.735969880240822    
     203       1       1    4.480687730817298        5.426643590140418        5.336222647418366    
     203       1       2    3.969056271991445        5.424767461194363        5.537452310812481    
     204       1       1    2.931758171572340        3.843979209470305        7.928294351895959    
     204       1       2    3.306711999066441        3.846062646011454        7.525718144541671    
     205       1       1    9.476490880353479        3.282384976710819        5.430465788275121    
     205       1       2    9.611388199336288        3.073557455281341        5.921291017335084    
     206       1       1    7.111427634106382       0.6101842008475986        4.092497341573972    
     206       1       2    6.814796731013897       0.7595569674298992        3.654198977429988    
     207       1       1    7.491372933229473        4.881038045627152        5.834327806765821    
     207       1       2    7.307049898453809        4.503747379513486        6.189411380297183    
     208       1       1    5.306540199643725        8.871959280720048        7.935829617201175    
     208       1       2    5.641309974406266        8.990153769164770        7.515271909073712    
     209       1       1    8.575949570351510       0.3993850164728497E-01    4.230503593578099    
     209       1       2    8.752101204256606       0.5527427007996601        4.139897725375781    
     210       1       1    9.244172753354423        9.637415971636088        2.641598920086810    
     210       1       2    8.906704524987083       0.7124362638912606E-01    2.634798206270285    
     211       1       1    4.766241709981346        9.979660002797436        7.516758839842705    
     211       1       2    4.966608195418742       0.1713874258085639        7.991344296502841    
     212       1       1    1.111117017112318        9.291209726193749        2.674621036403746    
     212       1       2    1.654331163295682        9.208882016244113        2.671478207255199    
     213       1       1    5.349172147140041        1.003600362231815        7.935388284461887    
     213       1       2    5.847890053628961       0.9933912773817861        7.702824853560702    
     214       1       1    7.859937194214537        3.969132054698084        6.865446527492524    
     214       1       2    8.166290473723720        4.309929700367615        7.168375790260127    
     215       1       1    9.455602969329892        8.843044808406058       0.7106407150861294    
     215       1       2    9.814560699059966        9.171438092560226       0.4550076414114436    
     216       1       1    6.578214448081619       0.9455679244979761        7.845314751259173    
     216       1       2    6.893870400271473       0.5116392973754591        7.967004628692423    
     217       1       1    2.844385009575625        8.782873910731080        8.430630385691337    
     217       1       2    2.351705283501978        8.873336313927323        8.656749718912272    
     218       1       1    7.414165712033022        6.163506925837996        5.835602270755964    
     218       1       2    6.922701226734496        6.260319835088501        5.608771481898275    
     219       1       1    6.319399201707751        9.538184301237710        3.321457528327146    
     219       1       2    6.045984242711952        9.606286780488155        3.793312783340971    
     220       1       1    6.907200400170457       0.1863119774272750        7.143702797124345    
     220       1       2    6.602456537324789       0.4598583599997731E-01    7.579417525091205    
     221       1       1    2.052906939263178        9.610898026042957        9.124655567926887    
     221       1       2    2.068554631906239        9.923466057256956        9.577024805534897    
     222       1       1    1.876851066762833        4.222165552892189        8.174154869638546    
     222       1       2    1.581092222190431        4.168797230250908        7.713514671387796    
     223       1       1    9.606146867268128        9.861465459792926        1.696885212110009    
     223       1       2    9.222767594491184        9.762150381401923        2.077941061220778    
     224       1       1    2.825346378673650        4.696637767360647        5.299938750620441    
     224       1       2    3.059749504885973        4.405078252281666        4.896664929073715    
     225       1       1    1.215792592919647        7.798207102962935        4.032670387796078    
     225       1       2    1.053545133927781        8.264307668936185        4.275826417546733    
     226       1       1    1.361740454622529        8.423786961502175       0.8701615098044689    
     226       1       2   0.8752285867381797        8.176627372048218       0.9412206559843720    
     227       1       1    4.550868010486984        4.865624613449535        6.291476427430418    
     227       1       2    4.785456392954149        4.551990786529220        6.677025556021153    
     228       1       1    3.415018292863896        2.778381664761861        7.359347423594746    
     228       1       2    3.035663364870259        3.001775869031186        7.689094731222866    
     229       1       1    3.405720563469560        1.686433435562182        7.165832685658535    
     229       1       2    3.046350903855247        1.671972559733309        7.582359707284984    
     230       1       1    9.008202784407887        2.380393360003880        4.854046123509882    
     230       1       2    9.258434472168634        2.859458001337570        4.955717034414032    
     231       1       1    7.700402982931321        3.590409110874660        5.773897676712054    
     231       1       2    7.189447179550140        3.420899518475366        5.661441981423030    
     232       1       1   0.4426608053077099        9.003956169439034        9.185510125397455    
     232       1       2   0.1688670139659021        8.578285180748368        8.970342814986147    
     233       1       1    7.958328894565476        2.314513887707522        5.352056918855746    
     233       1       2    7.485929753141733        2.198640359487833        5.608515243314245    
     234       1       1    5.907441412399097        8.203818486673541        8.454179694977265    
     234       1       2    5.575024832693238        7.871192962332275        8.168741591262659    
     235       1       1    1.271239957779719        1.974669616551017        5.013998471618749    
     235       1       2   0.8564087846132814        1.827815209049164        4.684100073639909    
     236       1       1    9.470402750917469        9.625162575251620        9.681376231314552    
     236       1       2    8.979471764043392        9.724647443651262        9.908763478197898    
     237       1       1   0.4032204417985093        9.722755707776013       0.1383567178226842    
     237       1       2    9.940714375107959        9.440205180581819       0.2310741019324702    
     238       1       1    4.463038592228704        8.086878700485563        7.505706621222500    
     238       1       2    4.047024750813374        8.416231944816397        7.360989668442318    
     239       1       1    2.199367089256275        2.374359969809088        5.320637294560008    
     239       1       2    1.865467920154734        2.778781539991773        5.154991254261305    
     240       1       1    8.191566938152112        8.210591467898427        9.240255572139175    
     240       1       2    7.688605715220880        8.313736383368646        9.043445231710592    
     241       1       1    8.179305974849312        9.233078816897265       0.2277008745613302    
     241       1       2    8.269001711271201        9.344704362763812        9.696860938186786    
     242       1       1    7.449113100544383        6.709138618258461        4.855129020727598    
     242       1       2    6.905514785969888        6.643742330539855        4.908715971480901    
     243       1       1    3.801534402967973        3.866593362859030        5.805564447296366    
     243       1       2    4.172403473793311        4.234295178320643        5.978636780956639    
     244       1       1   0.3799909150766808       0.3673619755644151        9.011673148503892    
     244       1       2    9.866234651217081       0.4544891912746645        8.836478456309399    
     245       1       1    5.477513476141881        4.383235976914827        5.112367423567983    
     245       1       2    5.955248079485639        4.617984101047846        5.249818496788740    
     246       1       1    8.088405905145926        9.877269205642172        9.169131795700855    
     246       1       2    7.599605694074064       0.1250077884227046        9.217524325743176    
     247       1       1    9.341063204207080        9.844609884504703       0.7312246605741900    
     247       1       2    9.351969118343757        9.559727893135650        1.201401741565914    
     248       1       1    3.008430096750656        2.808823733632939        6.012082648027912    
     248       1       2    2.603826763629868        3.144681544599187        6.172827318545979    
     249       1       1   0.4324335395824843        4.530800059435840        4.768012346490533    
     249       1       2   0.9499134446532153        4.346657090668300        4.742236186080252    
     250       1       1   0.2120941720024261        8.491563999311913        5.799359794407717    
     250       1       2   0.9876152778993823E-01    8.248912041214544        6.279668217082828    
     251       1       1    7.815719376386124        9.371313414216608        7.628607476415808    
     251       1       2    8.047696913602604        9.328787585462271        7.132011255466374    
     252       1       1    4.198496234725748        1.125427936394022        7.572788908850381    
     252       1       2    4.460601995597671        1.566335445978184        7.374377303812685    
     253       1       1   0.2174790489830386        2.727446014374085        7.604497668090953    
     253       1       2   0.5888352264101847        2.432898010779667        7.325760231406761    
     254       1       1    4.678609531094431        9.760006681390749        4.830004078403502    
     254       1       2    4.306955296669190        9.376739126114082        4.960144810875418    
     255       1       1    4.042567436868755        2.288186660513218        6.659391458087165    
     255       1       2    4.589595823341973        2.302298089383352        6.602799049818389    
     256       1       1    5.740481782973014        9.020169006515241        6.552082159556570    
     256       1       2    6.098784063536586        8.691763313023662        6.809310130976495    
     257       1       1    1.044181552423314        8.452176205793313        2.084132745202098    
     257       1       2   0.7146305508636697        8.892680359966731        2.097068389157944    
     258       1       1    1.616937573525520        4.099907107919262        4.694726021105524    
     258       1       2    1.450753167191275        3.605599812361329        4.518873512327694    
     259       1       1   0.4515971498587752E-01    2.576547740838662        9.033591429756253    
     259       1       2    9.633210772908058        2.331032841430032        8.764376114786671    
     260       1       1    1.182492396084463        8.608973909620627        6.263067263941304    
     260       1       2    1.713818177419630        8.698067489099770        6.150655910519652    
     261       1       1    1.333839270997394        3.051179745194342        4.465162572178582    
     261       1       2    1.437377182161122        2.639148528748095        4.814463563983352    
     262       1       1    7.648824384681377        7.296768297368285        5.924410367894724    
     262       1       2    8.130369303131566        7.430327333492975        6.153733999000350    
     263       1       1    3.526182723255885        2.104988903179602        5.007722379759365    
     263       1       2    3.248416478872542        2.579333869377194        4.995247648363263    
     264       1       1    6.372673553738646        1.834963732477935        5.483617620967395    
     264       1       2    6.314123371622952        2.199367463732159        5.075967219424886    
     265       1       1    8.116283571905900       0.2344890454829513        3.238953743229195    
     265       1       2    8.645718071424952       0.1002803799312655        3.302861472537937    
     266       1       1    7.426284926323199        8.989328361777520        9.554251147974385    
     266       1       2    7.777009981440051        8.610907256602827        9.745120976856663    
     267       1       1    1.485809728837237        6.136325169120100        4.891884355775789    
     267       1       2    1.151477715683363        5.770418724585062        4.654025164190080    
     268       1       1    7.119084802603093       0.1336172969357485E-01    8.751544631450075    
     268       1       2    6.960503523870770       0.5389747807681066        8.782848810584676    
     269       1       1    9.747161241097524        8.162204911177566        1.556962036526369    
     269       1       2    9.810840524928095        8.346506606182574        2.070985625695882    
     270       1       1    7.138892708574470        1.935154513989653        4.682866647887439    
     270       1       2    7.507585371974097        2.128951638492272        4.323723750097884    
     271       1       1    8.396807132028041       0.5405357222587884       0.1105587351976859    
     271       1       2    7.988456589127552       0.3765580075590625       0.4402874865080776    
     272       1       1    3.078879621950220        3.421731098300278        5.154306838259506    
     272       1       2    3.492527531136438        3.150996418700555        4.912317373537189    
     273       1       1    6.787889866634504        7.719457658518428        9.275387662062752    
     273       1       2    6.995375255365050        7.248088843006049        9.082719139797772    
     274       1       1    9.078294851905669        8.321103268152624        3.036251518331286    
     274       1       2    9.412280398192664        7.961891043946377        3.284882340852810    
     275       1       1    8.897120222027002        7.986366626726474       0.3364135981035052    
     275       1       2    9.192322598158352        8.445474327307974       0.4021257932180798    
     276       1       1    9.981230845925745        7.403648819730545        3.523695968445548    
     276       1       2   0.1163807287440464        7.386793516618922        4.056434472945822    
     277       1       1    7.658290637439841        1.406980268790712        3.485797550151444    
     277       1       2    8.162180881422868        1.626325865276372        3.504291807829212    
     278       1       1    6.173142040635716        5.499574903331489        5.730890262297714    
     278       1       2    6.358920714646226        5.979772400531696        5.924638905316074    
     279       1       1    9.313422675266059        7.353989804074968        9.541605306558576    
     279       1       2    9.113518341076423        7.215828129591902       0.3515520026955855E-01
     280       1       1    8.113075594087874        9.673480310235691        1.189929449622564    
     280       1       2    8.268504824927021       0.1991563260281371        1.231749263286916    
     281       1       1    8.849491014319007        7.438128368961919        3.617573175599518    
     281       1       2    8.784407312482816        7.576928980969154        4.145643633121704    
     282       1       1    8.269429495960866        7.728511936036052        4.758502121044165    
     282       1       2    8.160920481875438        8.260183264362210        4.669348065871898    
     283       1       1    9.866719644720474       0.6910786708498382       0.3059242837061587    
     283       1       2   0.2635289909606602       0.8570148117741474        9.962923658958227    
     284       1       1    8.967521170246435        2.776250642526419        8.420757112987587    
     284       1       2    8.820508974503435        2.597907235557865        7.921415242908208    
     285       1       1    1.897321234835099        1.905299093616929        4.111155998318244    
     285       1       2    2.259040725316364        2.038182240486950        4.503257382755350    
     286       1       1    4.177381153552672        5.630780969935913        6.902050425122224    
     286       1       2    4.288372756088140        5.434682379630349        6.400372052009350    
     287       1       1    7.899607290514808        8.049409544424847        3.137963600392250    
     287       1       2    8.045802483504197        8.498204688687226        2.855732617609892    
     288       1       1    3.509399659782453        4.878285830248891        6.039395981119445    
     288       1       2    3.243798909243572        4.690646495198093        6.482505384143395    
     289       1       1    8.846339617536664       0.7421019155409010        9.030636152295942    
     289       1       2    8.546605896382570       0.3094658824517725        9.190104653527417    
     290       1       1    8.139295889128817        9.237767539572344        2.469208689152406    
     290       1       2    8.118775083349862        9.035980480788425        1.957718572768699    
     291       1       1    7.395435507854098        7.328768328665832        3.879303507074082    
     291       1       2    6.991018646323111        7.047114750263924        4.124006436364944    
     292       1       1   0.8267721744511696        6.749926474641610        3.774317718186900    
     292       1       2   0.8060491825069744        7.123837911675966        4.177434784360456    
     293       1       1    9.705270354793109        6.810773274220048        4.838038559665215    
     293       1       2    9.390191811504236        6.439984013313571        4.581534893558597    
     294       1       1    2.033144179208366        7.195810817617548        4.019771448579463    
     294       1       2    2.433150551685475        7.123996077974867        3.648809423862612    
     295       1       1    2.379785557599333       0.8983116543412382        7.709639284000396    
     295       1       2    1.985141062093814       0.8103596988297642        8.082564840726732    
     296       1       1    8.939157604172605        8.732673813987518        1.856892594179629    
     296       1       2    8.678716537498310        9.011174845727696        2.253590068119042    
     297       1       1    6.584573310823056        4.228506918568474        5.110330788961355    
     297       1       2    6.437466424556204        4.706534008692945        5.339247717760306    
     298       1       1    7.921761475117739        2.857230333407405        7.360070859312738    
     298       1       2    8.452941679785789        2.984416006963977        7.297854140471848    
     299       1       1   0.5351201100754014        5.661121405321764        4.306460916143959    
     299       1       2   0.4816023370577175E-01    5.899586403170088        4.398465116131265    
     300       1       1    8.553196547188419        7.484235334236145        2.498837329822273    
     300       1       2    8.036602685158739        7.298741382089853        2.453917453730518    
     301       1       1    7.795804967540857        2.921571332781356        8.750931599115361    
     301       1       2    7.641531247281769        3.400785633350299        8.528904917051623    
     302       1       1    7.844116665547288       0.9686771051499320        9.262497094457396    
     302       1       2    7.817099182011918        1.493680464585624        9.101424857736832    
     303       1       1    4.514526672162895        7.338205664625933        4.401656153358764    
     303       1       2    5.030455930716275        7.374662865052930        4.589403676448378    
     304       1       1    8.806025152196273        7.727841947539279        1.303774496088406    
     304       1       2    8.980329156595236        7.361493676912786       0.9324696242277019    
     305       1       1    5.837995144728131        3.603823251770428        4.512871988475295    
     305       1       2    5.748579581147953        3.102385494508324        4.304767190928040    
     306       1       1    3.119494047439386        6.720792598592435        8.725085216077648    
     306       1       2    2.589067830701575        6.864310350423130        8.753250046758277    
     307       1       1    5.508844043325291        6.994246396479526        4.384683469133717    
     307       1       2    5.824352543932764        7.237342426636181        4.764031893032066    
     308       1       1    8.439878773093129        2.008815161532584        8.900900328766182    
     308       1       2    8.463735375349271        2.190711506761336        8.382588338360087    
     309       1       1    9.457097156488615        7.041965438846040        2.407708199238002    
     309       1       2    9.611697165791997        6.989711466704099        2.933696202291753    
     310       1       1    5.068425648537710        6.902394357132199        6.862560015649858    
     310       1       2    5.289586286610309        6.458329295736414        7.099618933837700    
     311       1       1    3.305435314866387        8.672136087763738        4.863086178159271    
     311       1       2    3.587922949241060        9.135697729129518        4.776563352710433    
     312       1       1    3.685860254244784        6.120559336917708        8.036365600633445    
     312       1       2    3.152920854015820        6.147915600462436        8.169303836904209    
     313       1       1    2.687202651393969        6.357049529919920        4.691457719735930    
     313       1       2    3.224216067395687        6.351728561225035        4.809921311023007    
     314       1       1    7.758426531447732        1.935641627173163        9.852603550892937    
     314       1       2    7.979517563521604        2.363566675879301       0.1180862773708559    
     315       1       1    3.249781592540142        7.345384291663568        4.870071394310496    
     315       1       2    3.430070604082534        7.088532973462913        4.418442545818761    
     316       1       1    5.082846423303251       0.2738172102306993E-01    3.633160440998194    
     316       1       2    4.871400362757822       0.4858437253228252        3.851464012347838    
     317       1       1    9.582775957125808        6.892115142120534        1.051393295072605    
     317       1       2    9.362946842099527        6.638835048145405        1.487265527946805    
     318       1       1    5.332385220954256        5.933834115315810        4.641690929418474    
     318       1       2    5.037829002857311        5.584863047833871        4.335490724130413    
     319       1       1    9.372042267909588        5.670399198259957        4.961157873510096    
     319       1       2    9.327452439468049        5.211325200981543        5.260219189073235    
     320       1       1    5.636521009748406        1.171617964104682        5.742755977040422    
     320       1       2    5.424329615223320        1.378074310826992        5.279449030982964    
     321       1       1    1.543922088615527        5.184764455993649        4.040222837419464    
     321       1       2    1.963090479178069        4.996958152742415        4.342844627750325    
     322       1       1    8.663651282588589       0.3893535986913728        2.170788008856838    
     322       1       2    8.496946566812278       0.9106936092792342        2.226972573274326    
     323       1       1    9.484046760123851        6.132156075823519        3.838162048466797    
     323       1       2    9.845860732299046        5.736442183482613        3.959382424714383    
     324       1       1    9.678332552249238       0.7264455993984573        5.634387312193729    
     324       1       2    9.622574087283672       0.1795620532328374        5.632776353352093    
     325       1       1    6.870866469070338        2.955436330908440        4.786308209166660    
     325       1       2    6.614313430845455        3.072580497239012        4.313867358844748    
     326       1       1    7.515796223616897        2.827106346449611        4.017262839235639    
     326       1       2    7.151332964597830        3.015649074188515        3.651460450899584    
     327       1       1   0.4881608802352210        8.612062386555694       0.3187507224008190    
     327       1       2   0.7078051620747999E-01    8.269149903216615       0.2175314044829608    
     328       1       1    9.836054406268243       0.7153398648253132        4.478150294537818    
     328       1       2    9.595330425776694       0.4968237386406342        4.921729957080609    
     329       1       1    6.390452693444412        1.515235867039945        3.811713578542240    
     329       1       2    5.942787675874831        1.833416257197773        3.834781513157681    
     330       1       1    7.005352225939966        1.355039470639216        8.822486568769435    
     330       1       2    7.273160275026069        1.190094907795023        8.371657334716431    
     331       1       1    1.216937787226769        9.902589357884652        3.644737002521645    
     331       1       2   0.8032727389678029        9.578415364592679        3.482305634710568    
     332       1       1    6.096575723696163        2.445047479113749        4.059488874928967    
     332       1       2    5.622289583433202        2.204705538599335        3.917385634838785    
     333       1       1   0.1081002581190007        7.241451721131422        8.088893011210441    
     333       1       2   0.9254552588425925E-01    6.812046455185427        8.431959903087677    
     334       1       1    1.776483508247026        8.854812368276777        3.722972360423568    
     334       1       2    1.411495196962158        9.266215925698003        3.711920442331499    
     335       1       1    4.203977063595657        7.164457492720692        7.948415735437187    
     335       1       2    4.437836846113456        7.235605253292507        8.440798526522265    
     336       1       1    4.587068062447052        3.235885248641099        7.056191353257066    
     336       1       2    5.124250797475616        3.143546455828163        6.981562078765812    
     337       1       1    8.502644342713696        6.579453770325653        4.079624696731750    
     337       1       2    8.735651434838916        6.557932248776183        4.577037379896874    
     338       1       1    5.403901617254917        1.262223823174929        4.553861340434253    
     338       1       2    5.370497361301104        1.238443351939009        4.005710283519714    
     339       1       1    8.319119156479339        6.553684616921393        1.677350861130880    
     339       1       2    8.776445731814226        6.327550926843632        1.471428367969897    
     340       1       1    3.401791142871043        5.553184426775498        5.275418982709480    
     340       1       2    3.863207937581556        5.385071628821612        5.523435574065243    
     341       1       1    1.290135704288550       0.6118165343215858        9.905852987101790    
     341       1       2    1.043429459968945       0.3970988978078808        9.463816936354590    
     342       1       1    8.752845310098547        6.958898944555068       0.4488680576756742    
     342       1       2    8.897434967391948        6.434334301452913       0.5301938327795250    
     343       1       1    8.642570609701282        2.955865840834843        9.452452942316235    
     343       1       2    8.299305607533730        2.850913923198801        9.868919281452310    
     344       1       1    9.258472279436948        3.902596499290869        8.790284350935423    
     344       1       2    9.572072154150149        3.451132660725208        8.801487002826823    
     345       1       1    1.587860201545223        5.951484165063389        6.745879153020983    
     345       1       2    1.979953469542483        5.613714656770714        6.557943312729432    
     346       1       1    6.720896192586502        3.591934586986101        3.354517638888710    
     346       1       2    6.911495364174932        3.632238230907643        3.868608431898249    
     347       1       1    6.611210566991671        2.980762219358748        5.759383780840754    
     347       1       2    6.950479396082581        2.558564613814332        5.855102643456046    
     348       1       1    4.875361592707149        3.255850699030262        5.872433028953012    
     348       1       2    5.046899052076298        3.495138509859593        6.337186559855385    
     349       1       1    6.429976606795367        8.702813200258200        9.603774958210458    
     349       1       2    6.381812856795620        9.013440229804814       0.5490749569033368E-01
     350       1       1    4.118856723724378       0.8125374931575178        3.959273843741350    
     350       1       2    4.148936519744312       0.2967080541163784        3.771505456970226    
     351       1       1    7.506500352909740        7.937979669978540       0.1101483781543751E-02
     351       1       2    7.195110454611696        7.561214578278380       0.2532931848635236    
     352       1       1    5.832625522878391        6.287397610366903        7.636597092994796    
     352       1       2    5.628415975303434        5.902165493807748        7.301403229300036    
     353       1       1    5.088570040770872        8.164989938756186        4.207349065030351    
     353       1       2    5.126799253996893        7.641728833873782        4.370344394965393    
     354       1       1    6.358064076906231        4.524856006318344        4.110653207765907    
     354       1       2    6.696699036867139        4.426079413752520        4.532330003468597    
     355       1       1    2.236449277183101        7.685178571580769        9.362587366833983    
     355       1       2    2.340686210670444        7.633934575666576        9.900411904816835    
     356       1       1    3.479875675847556        3.295871028994123        8.762791907356657    
     356       1       2    3.776796745774098        3.647153467379102        8.461580179367925    
     357       1       1   0.5929388042717290        3.366594590071548        9.675825110440631    
     357       1       2   0.6504298547869821        3.375601301213345       0.2225018244552109    
     358       1       1    9.338869805894435        3.623557331133143        9.834502579304573    
     358       1       2    9.190304471304065        3.322265822814984       0.2702757857434022    
     359       1       1    5.918746316585080        3.213524661062281        6.795768535140956    
     359       1       2    6.113378738823960        2.919842646481844        6.373477943565159    
     360       1       1    1.453842809892993        9.296698231823196        1.473138930926799    
     360       1       2    1.005012032807979        9.050866341612400        1.675287723585122    
     361       1       1    5.220098204495726        8.969406255062282        3.357822937839920    
     361       1       2    5.692694348245985        8.750607221296489        3.180915829684086    
     362       1       1    3.870691450418523        9.799563164368575        3.528553935192159    
     362       1       2    4.317647756259749       0.2069977908968359E-01    3.759118009812895    
     363       1       1    9.764382367821431        2.263356324317377       0.5625314866267253E-01
     363       1       2    9.941921160299172        2.781852580567704       0.1027059914224272    
     364       1       1    5.918040920940351        9.704004658424692        7.951944832094790    
     364       1       2    5.930727638173440        9.743447859688699        7.403354150430340    
     365       1       1    4.151034376896458        4.055780484800912        8.017728520407681    
     365       1       2    4.082840820849894        4.564242028048925        8.216475706669890    
     366       1       1   0.9081822177069661        1.709466307901243        9.689378806249426    
     366       1       2   0.7147319311863310        1.522021608769372       0.1688594842964854    
     367       1       1   0.6560657928302761E-01    3.154021963302449       0.6108031477797731    
     367       1       2    9.995562248765715        3.640363795426258       0.8587261162078728    
     368       1       1    8.997418521426088        4.175495489261865       0.7018078231287221    
     368       1       2    9.403024905932211        4.015695854118313       0.3658793759242274    
     369       1       1    8.780651597166830        4.243624909869140        4.668648658523362    
     369       1       2    8.899782461368753        4.173301124662109        5.201434970789100    
     370       1       1   0.4324782260318134       0.5902405620305934        1.419118638142633    
     370       1       2   0.3469964016269004       0.5594280430781713        1.961716003876548    
     371       1       1    5.641296630950293        9.743287749629927        2.388265133980476    
     371       1       2    5.955777633988685       0.2869090710280854E-01    2.736960828205530    
     372       1       1    7.341921109579786        3.842187284600965        4.446956413881325    
     372       1       2    6.928168171041043        4.137890653922227        4.656661615119188    
     373       1       1    6.228722222204364        6.744659791836286        8.530264593080414    
     373       1       2    6.404558748199929        7.065523708091985        8.118870173080197    
     374       1       1    7.453606026689119        2.486023592976335        2.786257304851410    
     374       1       2    7.290518490396249        1.981455742254609        2.932878195653339    
     375       1       1    9.119379664961425        1.106008995302470        2.715778057912472    
     375       1       2    8.606906786250541        1.218055664740143        2.550619522977885    
     376       1       1    1.423550088321683       0.2014061103193488        2.230248366247203    
     376       1       2    1.500922790375156       0.4193457149686963        2.729762776260864    
     377       1       1    6.366301272962168       0.7674570294839359        2.711301493920375    
     377       1       2    6.356642445785941       0.3397695684244986        2.364907217381087    
     378       1       1    2.094815996374581       0.8419093292805493        3.493711031994859    
     378       1       2    2.351155668692591       0.9089516536453679        3.011773057761108    
     379       1       1    6.500537136131055        1.933736258904256        2.605550926785400    
     379       1       2    6.080652406427309        2.069216795049928        2.276993342348671    
     380       1       1    6.130782084458898        4.480943085620965        6.216636093448094    
     380       1       2    5.643903383153849        4.414275202200545        6.463967810914576    
     381       1       1    7.778442732749665        3.510443650087486        3.064647615282282    
     381       1       2    7.313118856528011        3.388095488515422        2.797864796294327    
     382       1       1    6.835552597886789        5.164157963208948        3.117886442506355    
     382       1       2    7.276801390021253        5.386527868874402        2.876408953488745    
     383       1       1    6.289601402849333        6.165719028037739        3.925780545868704    
     383       1       2    6.073602853768389        5.660712039543992        3.941734200811269    
     384       1       1    2.104557378999160        1.548868355162254        9.958122726181264    
     384       1       2    2.296931862665134        1.052676340930898        9.818365572075125    
     385       1       1    1.176904540426989        1.181772047715508        3.150577692849986    
     385       1       2    1.590478401353417        1.460308598561366        2.918073934822571    
     386       1       1    7.166288676687777        1.154726858820054       0.1397413283070381    
     386       1       2    7.047364785394641        1.660890165765297        9.961983725036257    
     387       1       1    7.299134655063312        1.551510936090614        2.051437488169092    
     387       1       2    7.695597735351747        1.307235936655534        1.758765682172943    
     388       1       1    6.347754815063756        7.616149541096231        3.716274949352443    
     388       1       2    6.217801823130709        7.104279268664470        3.562051117913020    
     389       1       1    1.210895145245738        1.524986669405591        2.193123250040181    
     389       1       2    1.011183226955523        1.706463544958637        1.713696771566666    
     390       1       1    2.765428582832810        8.518586216405284        9.649520667974945    
     390       1       2    2.990608226255084        8.021111237112230        9.583029906442258    
     391       1       1    4.563214917893092        5.909853885555928        3.879000082942922    
     391       1       2    4.706854214054331        6.319818968554305        3.541648013546148    
     392       1       1    2.352922820952432        9.188674853279062       0.2699365728530097    
     392       1       2    2.506351211495070        9.691241426714750       0.1067401043949776    
     393       1       1    2.760341731357537        7.947078858547684        3.727704443335456    
     393       1       2    2.248487046433479        7.905666125955745        3.925082816086198    
     394       1       1   0.6601474807198912        2.409250007176734        2.298148650024907    
     394       1       2   0.4085871096338292        2.615278832262167        2.742013519111802    
     395       1       1    7.032207234287398        8.576217190906073       0.7821324714045204    
     395       1       2    6.942495849315883        8.041035998407080       0.8718152122619351    
     396       1       1    2.810400399052326        5.274798049364586        4.084858620225165    
     396       1       2    2.726310148523420        4.737111537628234        4.167447342045079    
     397       1       1    9.809656681648811        3.108324539773557        1.845985901040005    
     397       1       2    9.648030753046607        2.835639437379368        2.295407911341883    
     398       1       1    1.503362500335622       0.8778149817681313        1.009266149524419    
     398       1       2    1.657894510133430       0.7669888969256352        1.525354777835664    
     399       1       1   0.2352151469178750        1.805818607599915       0.9274574501738926    
     399       1       2   0.4233413136028519        1.998123119977715        1.407183992417912    
     400       1       1   0.2549674802660128        3.585227071984889        8.322676662398754    
     400       1       2   0.6961432314484322        3.641487212300422        8.646629239571514    
     401       1       1    1.795315028296463        2.584797428176756        2.338543566621609    
     401       1       2    2.168658716366657        2.239729502308633        2.128242441539532    
     402       1       1    7.708173354896330        5.001519563892085        4.264581585257684    
     402       1       2    7.250235449661809        5.278860083422017        4.390617875992278    
     403       1       1    2.696112694641168        2.032883598023095        3.016974490948206    
     403       1       2    2.861513294042598        1.522331869765800        3.139844666042013    
     404       1       1    8.151198464299004        3.924021890867658        8.174102936153400    
     404       1       2    7.743338959920638        3.883401359710219        7.806976896679777    
     405       1       1    9.906584108108444        1.700604876662217        2.268073275352098    
     405       1       2    9.849570840398629        1.249299583211876        2.577676167993006    
     406       1       1    1.051465710283223        3.028419760879984        1.178432525337978    
     406       1       2   0.8541495738138334        2.598277312935994       0.8970763059256611    
     407       1       1    1.459536570164190        2.899408538227692       0.2507059236541365    
     407       1       2    1.296936383570825        3.247522915608080       0.6443980171251308    
     408       1       1    1.777292025331862        2.241893455199314        1.158477119659724    
     408       1       2    1.690720241824200        1.709745936231040        1.046934079569094    
     409       1       1    3.238990540978550        5.616645365163286        2.772878905721955    
     409       1       2    3.677405595199803        5.481493074752803        2.469329892365490    
     410       1       1    8.294263393088439        1.050699404268302        1.510642011658465    
     410       1       2    8.027190230964166        1.136772625404513        1.983872687726435    
     411       1       1    8.039403361593010        4.029382349549658        9.949485706734619    
     411       1       2    8.339880897093058        4.162025491802545        9.508138335152701    
     412       1       1    9.454407886625445        2.369483884653708        3.033301938930011    
     412       1       2    9.981229153451888        2.354973929508389        3.190493106713379    
     413       1       1    2.992420223015547        3.021100911436946        2.401502719445509    
     413       1       2    3.403911761389036        2.995228918790496        2.037237294323812    
     414       1       1   0.9769734586116569        3.444504469986501        3.156949253288973    
     414       1       2    1.035368295456523        3.516260845077293        2.614558633218660    
     415       1       1   0.8498074230591496        7.256760905790189        2.399956961736311    
     415       1       2   0.9791327875533049        7.790740885030286        2.428396138910919    
     416       1       1    3.940469388865707        3.004283349119965        9.813908732926434    
     416       1       2    4.381680781649949        2.694016936310446        9.705577228326554    
     417       1       1    9.054430799874819        1.513684434412288       0.1666093229810417    
     417       1       2    8.556082002918652        1.672090748165911        9.997796210119668    
     418       1       1    6.616673620707211        3.561354146194150       0.2743363325839357    
     418       1       2    6.070995452338462        3.629607407919995       0.2682471587857331    
     419       1       1    9.347501430989947        5.104383487400544        3.768495188711021    
     419       1       2    9.118415981948148        5.141774024166880        4.267125151913685    
     420       1       1    5.578983769075686       0.3320693977501042        8.714284393040694    
     420       1       2    5.978997333851166       0.5640268579584671        8.416175636468756    
     421       1       1    5.930223854665361        1.363838575925356        9.493928773946548    
     421       1       2    5.865606714865303        1.895607289272173        9.369870753072250    
     422       1       1    1.744429976181825        3.843213062119474        9.126044375469212    
     422       1       2    1.860393284577171        3.930233667633222        9.657172825807239    
     423       1       1    7.574141608059345        6.123727948513731        3.473797136552359    
     423       1       2    7.480629686597609        5.648258024074608        3.214544961831384    
     424       1       1    5.973288319018966        8.364228250171378       0.8379272798976769    
     424       1       2    5.482796385830543        8.239236285868957       0.6238653941354715    
     425       1       1    2.022471869450373        6.160832660380747        3.360767200914278    
     425       1       2    1.786330694129485        6.078192444557870        3.850411635009607    
     426       1       1    3.264381193256206        1.470793024166217        3.919917446347165    
     426       1       2    3.389396272699660        1.244720817464060        3.434524493099715    
     427       1       1    5.225503692661024        3.309421794936251        9.968094880253776    
     427       1       2    5.153827150207936        2.871046167043682        9.643750437511782    
     428       1       1    2.564544255993159        3.416458026130528        9.735954869996672    
     428       1       2    2.724099026628330        3.452838789064707        9.210690497179085    
