         399          15         367         415
         399   1000.0000000000002     
           0  1920855005          -1           1
  0.12944808    
  0.11615776E-01  0.50000000E-01
   10.000000       25.000000    
   10.000000    

       1       1       1    8.855329630992580        5.305055010055105        5.592912302411567    
       1       1       2    8.358958527162232        5.526682037184608        5.677844135686172    
       2       1       1    3.723591822015005        5.163108536914517        1.987629595477900    
       2       1       2    3.611157095001145        5.678797556790586        1.832797110274610    
       3       1       1   0.9561216228757009        5.605902567556234       0.4338361762297880    
       3       1       2   0.8715519780368572        5.917435234106081       0.8792908717037058    
       4       1       1    3.796043107770311        4.651628701028486        3.196365932542815    
       4       1       2    3.921117643502730        4.296842760107346        2.794948493056521    
       5       1       1    4.141820802146022        6.163920555393118        2.737650872623120    
       5       1       2    3.793125698288045        6.222632384775446        3.158887312701179    
       6       1       1    5.676282873879616        5.404648569868361        3.680300294236833    
       6       1       2    5.206810567364001        5.119612812189173        3.657774967313046    
       7       1       1   0.5334258995243475        5.806409548863339        6.634313613865211    
       7       1       2   0.1562985666334113E-01    5.955665918057020        6.741481173038965    
       8       1       1    7.009613791751472        5.123800557342969        6.254354559201326    
       8       1       2    7.269346307865741        5.225401200203053        5.780282632954195    
       9       1       1    7.300460436001121        6.189055329125579        5.896005685658991    
       9       1       2    6.761839608497270        6.128029340616503        5.802758828562759    
      10       1       1    9.915197298058398        5.769928033874958        7.477769319988123    
      10       1       2    9.587139886743033        5.802148745078913        7.037943358641532    
      11       1       1    3.148026795597598        5.574887974932557        9.301996510800873    
      11       1       2    2.855466136654766        5.994575138486251        9.504240772975718    
      12       1       1    2.439505644305852        4.729295513596581        1.329610125039667    
      12       1       2    2.544427182985889        4.212484709420059        1.485952064872017    
      13       1       1    9.701914104071989        5.873610014312652       0.5455642583649800    
      13       1       2    9.535065992431404        5.606475020172009       0.9960012924466480    
      14       1       1    6.495829905994765        7.115867822461356        5.587650398271059    
      14       1       2    6.132621106110145        7.452765487909086        5.348150572700935    
      15       1       1    7.026488331469801        5.194533129113885       0.1366812840181112E-01
      15       1       2    7.375180039567907        5.617846891364523        9.968701257581920    
      16       1       1    2.013333048547176        5.099608354465672        9.322827738498571    
      16       1       2    1.940404394718428        5.561553752268082        9.611626371100698    
      17       1       1   0.7184860622344259        4.558404740984806        1.143553388766496    
      17       1       2   0.9926912533736153        4.157051658981548        1.402348166575859    
      18       1       1    2.666871233303825        5.295463185873068        5.915605132708035    
      18       1       2    2.624944549591549        5.435283402931121        5.385972392275422    
      19       1       1    8.594617071659703        5.838429040537890        1.340063858217326    
      19       1       2    8.481323133087116        5.391626866973041        1.639990749057907    
      20       1       1    6.257828548242145        5.834262221961890        9.262210388715609    
      20       1       2    6.113877810771404        6.196908544461524        8.875081342534525    
      21       1       1    3.322199832000885        4.909241174781417       0.2335875056825166    
      21       1       2    3.479897286562262        4.416493553677300       0.4214272143393206    
      22       1       1    4.509488861720095        6.214857149139402        3.964561795992971    
      22       1       2    4.196536563200051        6.581271593287872        3.699589630369440    
      23       1       1    3.248949374398638        5.462638596954928        4.111633377577914    
      23       1       2    3.345112694344084        5.303299722637371        3.593992710247778    
      24       1       1    9.436763433708393        4.825938835334024        3.441388163712227    
      24       1       2    8.889546316112241        4.837341728385471        3.384958167626439    
      25       1       1    5.772415895035059        4.983612397795315        8.050933667728021    
      25       1       2    6.005066310019735        4.490094173750882        7.978172719354982    
      26       1       1    5.052851585093869        4.924871895386135        1.661794973446649    
      26       1       2    4.874839745841486        4.635738974153992        1.229317959607282    
      27       1       1    8.391523035529010        5.601025876303025        9.586001940545138    
      27       1       2    8.792926887870529        5.456861667440467        9.933831772946371    
      28       1       1    1.026035980953382        4.347632475240389        9.744229713054217    
      28       1       2    1.511425004649121        4.194419417853067        9.952350728761228    
      29       1       1    1.950310614392309        4.289542304391291        7.802065839048506    
      29       1       2    2.069174674121532        3.811135656283784        8.044928599597931    
      30       1       1    6.109991126655649        6.339985815828271       0.1811138509712669    
      30       1       2    5.869360754472909        6.821490788847024       0.2940786086538520    
      31       1       1    1.126688958630405        5.064694874649072        3.109614187266557    
      31       1       2    1.201143414523458        4.800337561203713        2.633187921704204    
      32       1       1    2.343674061324450        5.716785415108558       0.3302503410404662    
      32       1       2    2.600079820014090        6.183302381157330       0.1934658460705405    
      33       1       1    1.529751628836937        6.639037425783033        2.435393386013282    
      33       1       2    1.982324567131580        6.334472896412149        2.362630383217968    
      34       1       1    9.813049770329272        4.535184515928167        8.855908960422790    
      34       1       2    9.797316245111960        4.071984799136118        9.152942554213958    
      35       1       1   0.6172774075500512        5.642573336854842        1.540103462985046    
      35       1       2   0.6895098935036673        5.974740601488596        1.972062485658725    
      36       1       1    1.097490128740930        5.691564533335885        9.215313527252739    
      36       1       2   0.8965029753165279        5.856307484755411        8.729932084481286    
      37       1       1    5.197881702752450        4.999063994691354        9.036055205858661    
      37       1       2    5.244664602518073        4.669936191901183        9.474720889672446    
      38       1       1    5.335320014416371        6.187486482215322        8.352295640494029    
      38       1       2    4.942984845216938        6.395781902694900        8.028036263407538    
      39       1       1    8.084950940515665        5.356847104852628        2.972343110582869    
      39       1       2    7.622999341815642        5.611707116688382        3.125950559294244    
      40       1       1    1.506123027210001        3.914962124256984        1.322383710611966    
      40       1       2    1.580260779968820        4.455323370428500        1.395298145862953    
      41       1       1   0.5408520923435480        6.016892295059986        2.951509860244208    
      41       1       2   0.2031930149661910        6.050084942744522        3.384751439378553    
      42       1       1    5.870397853121976        5.205282601298765        5.121457212227233    
      42       1       2    6.037136374539593        5.504269846676596        4.692182330831127    
      43       1       1    3.903993135591767        5.464751149243587        5.250695723203306    
      43       1       2    3.389002565276054        5.320798265938767        5.378478513686359    
      44       1       1    8.079876728990875        5.235661789960528        8.210365033899549    
      44       1       2    7.765589382017721        5.682802464646556        8.272357762210357    
      45       1       1    9.846694020788080        6.174761695640594        5.936602167170802    
      45       1       2    9.705472539251184        6.611577880844427        6.239546265638210    
      46       1       1    8.077421446414542        5.386724363755691        6.991234915042420    
      46       1       2    7.581742118787746        5.512849740925859        7.193767877092006    
      47       1       1   0.1904855599172407        5.497593922112950        3.898882500010174    
      47       1       2   0.4840758574120487        5.925674979820533        3.716687967758376    
      48       1       1    4.722378392168902        4.327649145423738        2.482641519195357    
      48       1       2    4.503778249260860        4.385413428344404        1.981068075637028    
      49       1       1    1.721505995132003        5.875800260033875        3.300974441514508    
      49       1       2    1.521641394615342        6.190707438168201        2.897229722585305    
      50       1       1    6.907648023780007        5.098392705756174        2.921520749405353    
      50       1       2    6.410695349237347        5.140769488839497        3.153463005919841    
      51       1       1    1.797973301712639        4.955088647056310        2.360988289935962    
      51       1       2    1.385021985644487        5.126008948522931        2.041416499926782    
      52       1       1   0.6566177304209817        4.430858084335334        2.340125864936022    
      52       1       2   0.9063249371919805        4.838152949662509        2.613194756690151    
      53       1       1    6.628294567963240        5.187423420524376        4.022525018839010    
      53       1       2    6.615985391117261        5.705188868941596        3.838272399642768    
      54       1       1    6.316986794889838        6.353735748432848        4.284848050842610    
      54       1       2    6.198002537815351        5.979552671949355        3.899557014107709    
      55       1       1    3.637413926010907        5.358023871026655        7.690764696406536    
      55       1       2    4.060053735831351        5.018943191077771        7.597149466100758    
      56       1       1    2.454124831836897        6.337433389997645        4.093308454024723    
      56       1       2    2.737920825025141        5.866864363089865        4.103041127268385    
      57       1       1    7.545124358955021        6.146396287639226       0.2892158270059756    
      57       1       2    7.919829820523608        6.506909506635352       0.4677857897456571    
      58       1       1    5.414002736821235        6.384900126318205        4.932248609637266    
      58       1       2    5.681978361100040        6.355803449260457        5.411464460570021    
      59       1       1    8.914324986550980        4.371448053553174        2.458804655995171    
      59       1       2    8.659215386710594        4.848031800120694        2.357433703948203    
      60       1       1    5.938695594989475        5.182563505469887       0.5781788615077212E-01
      60       1       2    6.215233661835840        4.861746063927681        9.706354119526598    
      61       1       1    7.759161102776787        4.825759696303101       0.6414564145503070    
      61       1       2    8.017527472742582        4.848938541391896        1.126349994104649    
      62       1       1    7.939266345012491        5.068471034324587        1.774907805108374    
      62       1       2    8.461136069425418        5.198156625404765        1.890905000749746    
      63       1       1    6.420753659532079        5.031359873605114        1.044788851434345    
      63       1       2    6.467358113286972        4.557479812059962       0.7691010922446030    
      64       1       1    6.223477979531156        4.422341409177802        9.348295434800221    
      64       1       2    6.517412908913307        3.972856301374667        9.468036622503853    
      65       1       1    4.756257846338387        5.300056009661416        2.986125700728932    
      65       1       2    4.582283816638723        5.336599445942178        2.465528935857103    
      66       1       1    5.914766356069804        4.514552365568719        2.014084138634856    
      66       1       2    6.089015713076721        4.953292154565444        2.296516318943604    
      67       1       1    6.469487482051549        6.147267183861710        3.274795553195360    
      67       1       2    6.559088670163442        5.616460716645206        3.160654878477253    
      68       1       1    5.766478215441185        6.021177041348313        1.246804476970275    
      68       1       2    6.209672605781222        5.724086294304301        1.112867186673209    
      69       1       1    6.465679221858872        5.821748744861504        2.118187809795701    
      69       1       2    6.484385201308762        5.511711963240419        1.664539884188544    
      70       1       1    4.715270038943181        5.963766979588284        1.437921295667388    
      70       1       2    4.663214383104695        6.493314210394058        1.577953305820971    
      71       1       1    5.338815328703412        6.441911614514781        2.764746047491852    
      71       1       2    4.845009674046996        6.493943759515470        3.001678838067991    
      72       1       1    2.817863809017759        6.574879068836807        2.797491425310473    
      72       1       2    3.013176843838583        7.065011809125667        2.643440624136135    
      73       1       1    7.369123751629850        6.170725143814909        2.532496808525274    
      73       1       2    7.441894678595665        6.693263636510101        2.687345850674984    
      74       1       1   0.7711343883691698        6.074444841055848        5.191716080131734    
      74       1       2    1.263198629566639        5.894802376800469        5.024618271692113    
      75       1       1    1.208735594067436        5.927336397299801        4.193593947738329    
      75       1       2   0.6652185846842511        5.906307480172219        4.272159902449319    
      76       1       1    4.461458632152618        7.491708619947746        3.252515361782682    
      76       1       2    4.844105648208740        7.869137343740090        3.133522709259994    
      77       1       1    9.488183049181238        6.198570214381799        4.975669902228994    
      77       1       2    9.665571749108063        5.690096383836916        5.086531948366494    
      78       1       1    3.061409455369107        6.477391775689145       0.4399883942085002    
      78       1       2    3.552530721627958        6.371126360266864       0.2170617557074932    
      79       1       1    5.658538457125965        5.374635379226281        2.505736035677434    
      79       1       2    5.346990052699326        5.825411128774356        2.458944300187901    
      80       1       1   0.8368467177523530        4.422530215002632        8.501296101353002    
      80       1       2   0.5267604647742884        4.848485019165514        8.343626599812234    
      81       1       1    3.164391713108005        4.276798927025319        9.249708575540888    
      81       1       2    3.327060347132973        3.791301125879769        9.450805286647123    
      82       1       1    3.931473585482550        4.800477464243010        8.572325064611970    
      82       1       2    3.684990074943395        4.403230814572903        8.283043608729455    
      83       1       1    5.603844019737299        7.153866609181931        1.607692807875775    
      83       1       2    5.399279407542001        7.399851499135289        2.054448305774565    
      84       1       1    5.504821241283227        3.507810648779385        9.022646760107248    
      84       1       2    5.465488206313156        3.234790651498765        8.546531486872494    
      85       1       1    4.246102404784459        5.251670128916232        9.526678315499415    
      85       1       2    4.419377320482164        4.737668905871574        9.432592305252767    
      86       1       1    6.669435832224757        4.206780142601189       0.2558504500204615    
      86       1       2    6.893933208853380        4.445196488794872       0.6984151496076270    
      87       1       1    4.968788117234631        5.133312312739354       0.4577783449318950    
      87       1       2    4.710573858796602        5.095964449286547        9.973006063483817    
      88       1       1    9.588323624807311        3.766713321286005        1.058805887458072    
      88       1       2    9.054047470942656        3.772148526392520       0.9294166320678340    
      89       1       1    4.324945056463165        5.986838869007357        6.852443162678486    
      89       1       2    4.691106168561283        6.204684974353795        6.504506880762971    
      90       1       1    7.977877929297986        4.693926356595552        9.666951845568578    
      90       1       2    8.523220508765684        4.689752701888406        9.737733797247969    
      91       1       1    7.251099125959737        5.405672589634444        9.060532381653983    
      91       1       2    7.633585365915840        5.376887670790852        8.666110504266104    
      92       1       1    8.989934824370604        4.356037442431243       0.9239547516398683E-01
      92       1       2    9.220610788989575        4.134682712644169       0.5398954421201905    
      93       1       1    7.394005152112800        4.218901368711909        8.641928566781111    
      93       1       2    7.299052193743816        4.245429633276268        8.100983666090540    
      94       1       1    4.902228925166409        5.506524724705167        4.811640966393432    
      94       1       2    5.282858995720265        5.789650141669656        5.090872981861317    
      95       1       1    9.116001111714617        5.936925346705301        3.624347698577306    
      95       1       2    9.287976899225461        5.593120569656030        3.230874307002476    
      96       1       1   0.8828001735843187E-01    4.023951885884969        3.069394284751589    
      96       1       2   0.3401465864164647        3.641585271702641        3.373782249060039    
      97       1       1    6.880519600892543        5.743007766510466        4.993098606459859    
      97       1       2    7.091127893876708        5.380774735120593        4.635857289132621    
      98       1       1    3.578838111056421        3.271865878924356        1.164368858471867    
      98       1       2    4.068344913695951        3.034901683648821        1.246179961371293    
      99       1       1    2.919959860847748        3.922931365508970        6.371802065079877    
      99       1       2    2.974434438595767        4.043568548037496        5.838089867886230    
     100       1       1    6.860329119426254        7.255648922247586        3.303929519529216    
     100       1       2    6.965311138116238        7.725649096181243        3.038565146867233    
     101       1       1    4.291667097259297        4.549363118329868        4.232175824427552    
     101       1       2    4.651922473247851        4.478760773713702        4.641622765862901    
     102       1       1    4.135962850398596        4.827642098456963        1.121425234917913    
     102       1       2    4.110396465251755        4.523794604825314        1.579477230225477    
     103       1       1   0.3212555665068886        3.651518117457480        1.736568369437213    
     103       1       2    9.826506900167301        3.606475080252737        1.972724616031660    
     104       1       1    4.097869883142629        5.941834733537847       0.5351767757397801    
     104       1       2    3.656623569322804        5.656280047388462       0.3709605535651240    
     105       1       1    4.681550607597054        5.081975957899243        7.939420302441471    
     105       1       2    4.189207859256195        5.321719889435141        7.994646686181799    
     106       1       1    7.561661916199848        6.669394100168739        3.895393509664056    
     106       1       2    7.913350535158330        6.281158209695407        4.063674720493701    
     107       1       1    7.217669426906378        5.688539965030959        1.250264540634506    
     107       1       2    7.063685245465778        6.190779306001808        1.087730054085967    
     108       1       1    5.334277296825828        4.171724632337058       0.2268850819667939    
     108       1       2    4.975020110308714        4.252587923696285       0.6351960324194158    
     109       1       1    9.817301563859347        5.410750207848026        9.543977472427457    
     109       1       2    9.468186929641048        5.835599358896857        9.554241884731390    
     110       1       1    1.110046521805468        5.317102924804426        5.764587339472062    
     110       1       2    1.275186889847044        5.020123063731875        6.196375525665136    
     111       1       1    4.732172436755665        3.906965408745397        1.200260439212831    
     111       1       2    5.272972429802037        3.966070069388328        1.281417381374573    
     112       1       1    9.151629830773482        4.951870647443993        7.547538700455148    
     112       1       2    9.401200901555677        5.234124299119420        7.147841113811473    
     113       1       1    8.393369038383582        4.732716406419232        3.757085027486870    
     113       1       2    8.290596254200358        5.212630005246257        4.004649403059005    
     114       1       1    7.210172286252833        4.411146786976889        1.427194170365026    
     114       1       2    6.989841406396200        4.470024388258076        1.927352772214209    
     115       1       1    8.675215263815785        4.588190938015485        1.295406131472431    
     115       1       2    9.085939600268359        4.332628157716008        1.557793525889402    
     116       1       1    2.196727894379126        5.112223504444023        4.971171422472607    
     116       1       2    2.320342407082908        4.682195774173044        5.291561128026226    
     117       1       1    8.307397720549547        5.982520558101753        4.867494911198285    
     117       1       2    8.074063647000013        6.031001904193221        4.371811823924129    
     118       1       1    2.815970342845187        3.859852837078825       0.8815538821095280    
     118       1       2    2.988452588624054        4.367019317317020        1.007731616111826    
     119       1       1   0.8564464427301959        4.333584514048301        6.450032262557889    
     119       1       2    1.303381766148549        4.170727793476991        6.173156706299379    
     120       1       1   0.2272964982780751        4.453850324400722        7.546042513906510    
     120       1       2   0.4482485524723028        4.864799707051946        7.837991761300128    
     121       1       1    9.663819139510665        5.234625213671819        6.424079421000048    
     121       1       2    9.289655115017105        5.500051159840840        6.727899575679278    
     122       1       1    8.558387668849228        6.244106410579080        7.499414287308306    
     122       1       2    8.108949198027982        5.941562893716395        7.406837574240900    
     123       1       1    7.360523411002300        6.285783996192897        6.906570849319643    
     123       1       2    6.881673565607074        6.092313398752834        7.096331565841045    
     124       1       1    8.915914543132688        3.779026172137304        3.548688928525945    
     124       1       2    8.723320539028956        4.134480538883628        3.175463904193676    
     125       1       1    6.738165981055135        4.113783437395995        3.717976958725262    
     125       1       2    6.546524224073751        4.200733207040935        3.210135874940740    
     126       1       1    3.681029210626178        4.156736356010611        1.874018257454292    
     126       1       2    4.118853535348795        4.021568428176289        1.570150655131762    
     127       1       1   0.1777719202909187        5.200763140263853        4.986517955468467    
     127       1       2    9.648162719249106        5.063321375507480        5.046221577342891    
     128       1       1    3.452930658213216        6.936837349479741        3.951044264799942    
     128       1       2    2.936005815717051        6.747865124881484        3.946700011916565    
     129       1       1    8.640394314059501        6.221950388366391        6.305588508980693    
     129       1       2    8.896712896028497        5.892837814626991        6.664127255065845    
     130       1       1    1.723276345506044        4.784722936847100       0.6136359953934933    
     130       1       2    2.218736725349010        4.548757327086114       0.5679078639882086    
     131       1       1    1.816861310971180        6.171377385716784        5.184139387963334    
     131       1       2    1.739891673840709        6.489518607752158        4.741354432317461    
     132       1       1    7.666383838086472        6.384406765193575        8.023793494246515    
     132       1       2    7.652281724816359        6.457798324174717        8.568487166373634    
     133       1       1    5.858854874363377        4.271580743263804        3.146869387973578    
     133       1       2    5.460034902924694        4.424887227237918        2.800231230329794    
     134       1       1    7.474384849229666        6.551548401294960        4.917742729137197    
     134       1       2    7.460819968565530        6.278658096367534        4.440235372392495    
     135       1       1    8.138596632873956        6.514675644247868        3.087668850223213    
     135       1       2    8.091137801578837        6.341543973139770        3.607653604770462    
     136       1       1    9.880311792242592        5.301840069619516        2.635543638796754    
     136       1       2   0.2321880271745802        5.186700942866633        3.042513135694246    
     137       1       1    1.665775187737347        3.512302702683424       0.1681271397502863    
     137       1       2    1.524198642199201        3.537716662852050       0.6991591229810639    
     138       1       1    8.921798247801036        6.803590460752940        4.193093464815794    
     138       1       2    9.124303535763296        7.282968164352397        4.371697013119881    
     139       1       1    7.667349338856324        4.701532715316391        4.631839359241789    
     139       1       2    7.501062192220235        4.227341774602946        4.408114609629320    
     140       1       1    9.503593776830705        6.604490721018800        2.905016835957621    
     140       1       2    9.581035722995841        6.792746384596477        2.393560296279798    
     141       1       1   0.8747991899321725E-01    6.815389639278791        4.264435657462002    
     141       1       2    9.774068913277507        6.856560105587072        4.714635031383250    
     142       1       1    9.547548344794036        6.634566091906392        7.830745971199829    
     142       1       2    9.909770822471158        6.810312933256816        8.205890389892003    
     143       1       1    4.863387557335364        3.643781692736622        4.269453057023225    
     143       1       2    5.039094071170073        4.043926407422265        4.604056761196274    
     144       1       1    3.370458327375236        3.375457779404827        2.724879541649893    
     144       1       2    3.083334334548961        3.560981004013823        3.155699494263956    
     145       1       1    6.553157803836052        6.726640586491389        1.172940369089367    
     145       1       2    6.934120758648817        6.573122641840451        1.538706018239594    
     146       1       1    5.099065710108948        4.152061004581399        7.899891663278503    
     146       1       2    5.577926119719391        4.324434736885799        7.689801256294745    
     147       1       1    4.721921764453803        4.196685145029031        5.775631616792134    
     147       1       2    4.646508005964622        4.733441457721489        5.868746124316675    
     148       1       1    6.418323765210032        6.903240124489308        2.173150853753929    
     148       1       2    6.611736122195939        6.612451480423050        2.598562328818895    
     149       1       1    9.788638918057487        4.995004631836865        1.477249015937845    
     149       1       2    9.861599929313874        5.025274466076325       0.9325456779259942    
     150       1       1    8.933951347482141        5.666958534568527        2.390678186907407    
     150       1       2    8.874964494442690        5.827209653586530        2.913483286719749    
     151       1       1    5.219716860847552        3.273558858994190        2.272294564765381    
     151       1       2    4.948557694235639        2.965658675570165        2.637881965047614    
     152       1       1    6.566518133210227        7.313749720554201        4.600877066903860    
     152       1       2    6.209813492712704        7.409955764763646        4.193290590840317    
     153       1       1    5.726592626879070        4.465713961912985        4.262198606095108    
     153       1       2    5.965020237872673        4.529410176019510        4.753746093754633    
     154       1       1    6.551250533280646        4.370579885380402        7.887101633302104    
     154       1       2    6.984766192411848        4.496568710840465        8.200779307822248    
     155       1       1    7.030986147496140        4.173881661713534        6.583125306269505    
     155       1       2    6.484717717641704        4.110771973010269        6.566646417193533    
     156       1       1    6.962289639211801        6.527771569847925        9.049572127800207    
     156       1       2    7.400224654838562        6.655320362137448        8.742415213440148    
     157       1       1    7.581222697493356        3.349799691157387        9.734504825701020    
     157       1       2    7.975709964432323        3.157273604045853        9.403309279986008    
     158       1       1    8.770099707492989        4.527194068892590        8.610945208934169    
     158       1       2    8.603935990053756        4.894166689205694        8.985437640029014    
     159       1       1    6.127626358977656        3.591990866305057        1.142226328135209    
     159       1       2    5.628980088343312        3.779264701764621        1.006913711821517    
     160       1       1    6.139328785149422        3.123310567670233        9.878387713503175    
     160       1       2    6.411641350777730        2.675827642979169        9.710574330740897    
     161       1       1    4.944894935823854        2.745990208259070       0.9004908300215966    
     161       1       2    5.475502223544527        2.781001737661626        1.041155437332256    
     162       1       1    5.725976984625028        3.594267726237337        5.089185217837503    
     162       1       2    5.681463574282757        3.675219270691848        5.631100367316502    
     163       1       1    3.820058290382265        4.041424065698417        7.296972902118282    
     163       1       2    3.458506370168608        3.689108035704091        7.079112827148972    
     164       1       1    1.657818754030850        5.142143542476704        7.331235161232242    
     164       1       2    1.338339851938375        5.000518394326216        7.756526310280519    
     165       1       1    1.828760482903328        5.922485420975308        6.242023817437811    
     165       1       2    1.312659478808649        6.110999605936551        6.215662569753310    
     166       1       1    9.864579961462185        6.629547931007273        6.873956492896795    
     166       1       2    9.802538914362067        7.156760850700365        6.728350331496053    
     167       1       1    2.256544503192665        4.208538974272333        9.756588828426466    
     167       1       2    2.111043936888539        4.641856880642179       0.6188502291682933E-01
     168       1       1    9.088413946903009        6.883762253851499        5.652839379195346    
     168       1       2    9.577769502494693        6.915425668930494        5.402870248958227    
     169       1       1    1.013588671704623        7.160271161303766        4.509545541871220    
     169       1       2    1.459812048175021        7.370549503946722        4.265770260284573    
     170       1       1    5.068338070675306        3.522583688658371        6.653429990643984    
     170       1       2    4.647526464819077        3.861664749229340        6.757821678307239    
     171       1       1    1.627351885927836        5.556228666624517        8.308457975592603    
     171       1       2    1.731715156083439        5.486826641175462        8.843669619236248    
     172       1       1    1.245930940789497        6.870371496460106        5.950776411358006    
     172       1       2    1.558234672705485        7.066855470203197        6.359139663594352    
     173       1       1   0.6820936529185228        6.531602312733345        7.803665316787628    
     173       1       2    1.032729479614691        6.183191769706949        8.044174462360473    
     174       1       1    8.748078008644027        3.462376372740813        9.506797035796236    
     174       1       2    8.303338619709658        3.248929572641017        9.749128670395720    
     175       1       1    2.871302367324065        6.300721864379677        5.262679385178705    
     175       1       2    2.719912970964477        6.784813077742281        5.049331278156639    
     176       1       1    2.386946505662255        3.337641015379102        7.071476124631610    
     176       1       2    2.865374853198633        3.164485372983731        7.280560317049109    
     177       1       1   0.4088651802196793        5.669268386116261        8.366988601770377    
     177       1       2   0.8903593686428030E-02    5.914114190914153        8.079806643348952    
     178       1       1    2.694085741077630        4.872818405117758        8.298567140103232    
     178       1       2    2.715344551740515        4.325704789395245        8.245641452830144    
     179       1       1    6.033482070241691        3.395020417996583        3.845895075176253    
     179       1       2    6.353250994795668        3.668473988117448        4.200659696329278    
     180       1       1    4.704504809681215        3.585321431588918        3.217816301654553    
     180       1       2    5.059944930005918        3.221869665143316        3.007693698767034    
     181       1       1    7.864378603588975        7.161196174212178        5.632873661256457    
     181       1       2    7.894453568958102        7.042881202575968        6.169234955402352    
     182       1       1    3.774447046903949        3.471541858993569        6.054919490168679    
     182       1       2    3.843972683007292        3.807808126277483        5.625066796784878    
     183       1       1    6.163540681916408        5.190947708099188        7.029356974216605    
     183       1       2    6.526698818772404        5.032957699592214        6.647790630761142    
     184       1       1    2.122366023164142        7.256437261460547        3.497515827956031    
     184       1       2    1.886133317845780        7.155157309529737        3.984129684198910    
     185       1       1    3.044795056165197        5.699390884930400        1.103799300723713    
     185       1       2    2.955054555287437        5.415227483298619       0.6414644548172983    
     186       1       1   0.8016130270510938        6.969936028707250        3.467090510813572    
     186       1       2   0.9507326995090402        7.215028875656492        3.936094564243902    
     187       1       1    2.477698466947750        3.754344576740244        1.862865357977940    
     187       1       2    1.957253209845144        3.777380444763526        2.039997346401736    
     188       1       1    4.167059583368653        3.038883065712914        2.187225097735405    
     188       1       2    4.144971667968855        3.030250779835576        2.736958911333378    
     189       1       1    5.105106744340409        4.853533495367415        6.974297756547376    
     189       1       2    5.333410114209764        5.071657537502285        6.523797989636610    
     190       1       1    4.876825740196406        6.610722047840679        5.768732486494820    
     190       1       2    4.376251876259629        6.766178167217520        5.603088604003791    
     191       1       1    5.781085367269754        4.442374546225822        6.105000638045719    
     191       1       2    5.661665299137230        4.956245636501273        6.260332365801960    
     192       1       1    9.153490184953698        4.962989517377520        4.444834702589673    
     192       1       2    9.112783027271963        5.370946174209404        4.811401727556089    
     193       1       1    3.704921439296859        6.564921890016699        1.524675763036709    
     193       1       2    3.375489258025445        6.962263688492026        1.714767622783143    
     194       1       1    6.531333733561672        5.874695444136197        7.956031246329124    
     194       1       2    6.329661462833680        5.448129857553315        7.673345771680490    
     195       1       1    9.828350673054175        4.113585927172704        4.540714040872047    
     195       1       2    9.707801597357532        4.093069253712261        5.076903916009773    
     196       1       1   0.6713100214881375        4.263987457033585        3.943563902803358    
     196       1       2   0.1822584928391223        4.460420548054650        4.100347758847224    
     197       1       1    1.108884640294892        3.780426610511122        7.320795642690157    
     197       1       2    1.248960533337596        4.130725403047930        7.721043599576409    
     198       1       1    3.686991306654742        3.584699833923631        4.138141413264885    
     198       1       2    3.228927581892020        3.885071088046404        4.086979631834883    
     199       1       1    5.110384455295351        6.073113125852553        9.571932621165930    
     199       1       2    5.433418872420927        6.155530131804380        9.134480635208275    
     200       1       1    1.474265288769627        3.205104059379079        6.230183466109566    
     200       1       2    1.136501455450222        3.194329739845798        6.664127638182415    
     201       1       1    1.468986773712525        3.901956165808716        2.623223680029053    
     201       1       2    1.254348332963238        3.943578059476263        2.118785708774094    
     202       1       1    9.346693054759655        4.145428792059252        5.638831492143292    
     202       1       2    8.860570191201065        3.965371040673360        5.822659385966636    
     203       1       1    7.533315921178296        3.926474864587096        5.692862205523520    
     203       1       2    7.182920358391866        4.303651396381534        5.498969235354298    
     204       1       1   0.3371331556814364        7.147667773089711        5.613119712135574    
     204       1       2    9.878159790317047        7.097413933915655        5.313499149931087    
     205       1       1    4.937709776551515        5.507186032523246        5.987696384819448    
     205       1       2    5.464921663398387        5.390536681501568        6.090480471400330    
     206       1       1    6.676328112195137        4.621294829942674        5.371386015583417    
     206       1       2    6.217588876214624        4.348106664972421        5.503954214152348    
     207       1       1    4.142805721426134        6.026410795046080        8.541766319534130    
     207       1       2    4.410866525300944        5.844111723910737        8.097727970702273    
     208       1       1   0.5608857690503631        3.105420146226781        5.116228353802341    
     208       1       2   0.7859740759099472        2.616190101730875        5.004250767844340    
     209       1       1    7.815907693278437        3.729671548224467        4.283409911739938    
     209       1       2    7.515785698172817        3.288153075018134        4.415840980416181    
     210       1       1    2.181266619306950        2.934111755631923        1.000500134195895    
     210       1       2    1.872073442757655        3.364541701366349       0.8541732132432909    
     211       1       1    2.342989868477872        7.344596419023254        4.814360184385210    
     211       1       2    2.235653439707447        7.307204283400199        4.275968975724689    
     212       1       1    3.241089458405764        2.691769248312437        1.994299752847862    
     212       1       2    3.097938929167181        2.813529329969991        1.476751230520160    
     213       1       1    3.060604267613206        3.098899335772899       0.7644666925224992E-01
     213       1       2    3.609529328261468        3.098405431063344       0.1099378952696279    
     214       1       1    1.742234832871394        6.604722089689232        8.491945468564309    
     214       1       2    1.256246396661370        6.352279053783339        8.548839874388099    
     215       1       1    2.422041943217686        6.926490359899516        1.137048580799017    
     215       1       2    2.619456655665489        7.415572090550750        1.294742709814429    
     216       1       1    2.478056259742965        5.986143388040159        1.988013530297646    
     216       1       2    2.732810107281972        5.500482147811748        1.947095743534651    
     217       1       1    7.038213830153975        3.163944898147490        6.168471441566055    
     217       1       2    6.591567121622363        2.954857919452321        5.924687058892420    
     218       1       1    2.451790987976041        4.064169957503202        3.263667501453937    
     218       1       2    2.615100959571893        3.939725362803437        2.753290319200523    
     219       1       1    9.143501679648962        3.415513362259662        4.792783699089314    
     219       1       2    9.410377127782027        3.297890293235698        4.326333295235812    
     220       1       1    8.564690039623347        7.414532654799678        6.826667442832008    
     220       1       2    9.113451617550643        7.388637059370392        6.854663887363279    
     221       1       1    2.808120344275407        5.481515612655276        3.061451249248077    
     221       1       2    2.900054048451496        5.726449017480133        2.577870978957571    
     222       1       1    6.299929942316757        5.804981401326474        6.069991768674367    
     222       1       2    5.832328458210497        5.845967632036072        6.356269869697683    
     223       1       1    5.448671504418398        6.752321406921559        3.948625162864898    
     223       1       2    5.041157470224285        6.995136098462108        4.226583563505504    
     224       1       1    6.998447690179002        3.399281621152707        4.951048944313939    
     224       1       2    6.962277403246302        3.667242910509271        5.430091854633937    
     225       1       1    1.945750723430071        4.607540399512313        6.469312544545790    
     225       1       2    1.643074133088311        4.338520810116545        6.842360211877607    
     226       1       1    3.950348359372401        1.986863700749161        1.590920533530697    
     226       1       2    4.296443058814911        2.017483317437787        2.017171420594112    
     227       1       1    3.261664852405254        6.167546932186006        6.495115409949982    
     227       1       2    2.893711091753836        5.999809582148782        6.867785682517672    
     228       1       1    7.623814866728282        2.821237094129910        3.695801490205412    
     228       1       2    7.893894985060930        2.390657247946607        3.906892862015955    
     229       1       1    1.700624401653223        2.816732199917098        5.202517973509766    
     229       1       2    1.340644943771685        3.042550534672504        5.551818898227007    
     230       1       1    2.440469165544336        2.734017232858069        2.775402214753997    
     230       1       2    2.172424470479008        2.292940120985324        2.964773713996464    
     231       1       1    6.824360295433919        7.296813095348603        9.924008360630484    
     231       1       2    6.699934067486995        6.784569407950148        9.768315362231636    
     232       1       1    7.997275928898135        3.045605342117249        5.126815313381900    
     232       1       2    8.338053271024249        2.642774664390457        5.282341885363498    
     233       1       1    1.339920239276923        7.757909470868754        2.931592302280280    
     233       1       2    1.127064037902729        7.271754670761037        2.787384291188630    
     234       1       1    1.844785590067591        4.277218949081367        5.405933348958151    
     234       1       2    1.826920925786875        3.816298818611209        5.106018928184445    
     235       1       1    4.471600168295936        7.060075949189555        2.240644668590219    
     235       1       2    4.863934791144347        7.160541700291276        2.613019069303714    
     236       1       1    2.092164599168409        4.952984637584053        3.825387287650449    
     236       1       2    1.612398328412744        4.752567631538079        3.647173211063740    
     237       1       1    9.632352916042544        2.866380063301621        3.843153704512031    
     237       1       2    9.223294504159805        3.215619857757056        3.959461038475342    
     238       1       1    9.457784919658540        3.640557673189526        8.287639748148816    
     238       1       2    9.565116636728739        4.138653149610795        8.080345114122409    
     239       1       1    7.661941309594298        2.267697984219190        4.536646981508849    
     239       1       2    8.068756035171834        2.138690927856042        4.189650769515297    
     240       1       1    3.565428770374120        7.350022180333087        2.760114634045182    
     240       1       2    3.196362381958420        7.126287945547068        3.102282093991918    
     241       1       1    2.483609281376967        4.117138809564996        4.421125948478851    
     241       1       2    2.750030282690432        3.963627161838065        3.965490675974370    
     242       1       1    9.540865365653387        2.868805641387835        5.694719896034625    
     242       1       2    9.916595338603617        3.183629904507690        5.443457449971535    
     243       1       1    2.973203155402750        4.593148531591653        2.555672632798111    
     243       1       2    2.813817042591086        4.467318674886135        2.044401515046006    
     244       1       1    5.329168996050800        5.810330323632470        7.387706830281958    
     244       1       2    5.796724785437615        6.034470656272965        7.571521782714861    
     245       1       1    7.245406711531494        5.132618621596465        7.647028071211217    
     245       1       2    7.336553837846066        5.115561290652259        7.104955882838960    
     246       1       1    5.220262596337440        2.477054746000708        3.980825224781258    
     246       1       2    5.389844268972382        2.053425374828155        3.674243698048270    
     247       1       1    8.513811518221484        6.740839527655141        1.993410600686464    
     247       1       2    8.927214596192423        6.473814718350923        2.238745082443147    
     248       1       1    2.949930491075149        4.875969832482716        7.096096532188243    
     248       1       2    3.399738777558689        4.626003474697361        6.901909518197916    
     249       1       1    5.937854232943295        2.421854942557877        3.063941939323160    
     249       1       2    5.815961918896249        2.810483628024394        3.434792521947180    
     250       1       1    7.859424008107329        2.028192802982597        5.693295464045909    
     250       1       2    7.597803369826138        1.558334433823158        5.810114429151722    
     251       1       1    6.668146482421517        2.325339888162776        5.253318863362908    
     251       1       2    6.911063575138813        1.882596201069864        5.472745203051000    
     252       1       1    8.609062512420445        3.182947765703524        6.042942739476993    
     252       1       2    8.596024101071357        3.619206821150661        6.377856984456996    
     253       1       1    8.359113465844473        4.192959126749031        7.608350506537491    
     253       1       2    8.636978433816639        4.623850915774393        7.407726860622655    
     254       1       1    4.148125501714835        3.906043036835895       0.3056163322814323    
     254       1       2    3.921748898224806        3.427851940359080       0.1537888653353849    
     255       1       1    8.477393124407275        4.124511835468162        5.120563436478458    
     255       1       2    8.066818382374354        4.455321635860797        5.279219864373932    
     256       1       1    7.774481799013970        3.956570786197650        2.937916042805735    
     256       1       2    7.272954244652286        3.992308343242290        2.716003980006409    
     257       1       1    8.589914461182820        2.513995739949116        3.895875779524499    
     257       1       2    8.155078013235846        2.572229236470226        3.563152578705035    
     258       1       1   0.6169849138982417        4.058460251588476        5.419070369191922    
     258       1       2   0.7928425344317309        4.516109901749627        5.168879310030511    
     259       1       1    7.928998603976088        3.591298520151962        6.880505825569647    
     259       1       2    7.802886461071364        3.890486442299667        7.324363824910128    
     260       1       1    8.478267432912611        4.333213125257500        6.427307662043328    
     260       1       2    8.934153403208439        4.409794940416708        6.725338664944987    
     261       1       1    1.079069513654931        4.964082679873620        4.535383735070238    
     261       1       2   0.8532765128198855        5.264251329900817        4.937424853750749    
     262       1       1    9.341071472520065        3.587912656190062        7.206450618844198    
     262       1       2    9.369104910312259        3.055419909865372        7.070294043952653    
     263       1       1   0.3749874155655780        3.137215531911267        2.641504211247997    
     263       1       2   0.6337181041834156        3.276325688787529        2.176024387734845    
     264       1       1    5.984064712477694        6.535502106598813        6.764512406811757    
     264       1       2    6.342699249480737        6.284106243214568        7.097875946665519    
     265       1       1    6.751587311223265        7.777409650921362        1.199594181328974    
     265       1       2    6.796036245134199        8.147035185020098       0.7942865596075703    
     266       1       1    1.521812508875409        6.308854064906338        1.222989482107205    
     266       1       2    1.809278784314808        5.856499314275767        1.098574302738662    
     267       1       1    8.068042918976145        2.462809135195335        6.934830855457040    
     267       1       2    8.512331225529115        2.217702462388888        7.147912133412430    
     268       1       1    9.306243816761057        5.828889189070797        8.662635629670751    
     268       1       2    9.536645996252316        6.289385432471098        8.468783255350298    
     269       1       1    1.642728215278859        3.033986112790888        1.903033067055866    
     269       1       2    1.172044316229958        3.078578573390966        2.184708751208424    
     270       1       1   0.8190864982003682        3.350543419815421       0.7822548641648883    
     270       1       2   0.7505591683271909        2.994658243073212        1.195346365363346    
     271       1       1    4.029575223277043        6.537118210591482        5.135879117108598    
     271       1       2    3.669790113920381        6.948400434774877        5.199921398914679    
     272       1       1    7.430785204399633        7.545149883524712        2.291890591466525    
     272       1       2    7.082058893402362        7.596577962932499        1.869463178329529    
     273       1       1    8.488430635592989        6.577885414377698        8.638143305292202    
     273       1       2    8.426477605042166        6.110091073573845        8.921111666611647    
     274       1       1    9.566648642194954        6.727329652849512        9.566176957087563    
     274       1       2    9.455025389469906        6.537621420678771       0.7045054640993778E-01
     275       1       1    6.284945350591810        7.926278304863558        2.342393163562049    
     275       1       2    6.102207163987165        8.419005739318603        2.504525572414587    
     276       1       1    9.957273995228897        3.603211235723397        6.379459873991178    
     276       1       2   0.4087148858320357E-01    3.939780950219741        6.806580574837763    
     277       1       1    8.775832030263087        1.925798320316593        6.288120972969936    
     277       1       2    8.915172260593799        2.097286753790649        6.791579678901548    
     278       1       1    3.023091628194762        2.023593967983640       0.8104972636198045    
     278       1       2    3.232591715575309        1.958399951025530       0.3060689463303802    
     279       1       1    5.738059657183209        7.328132503018868        3.106972188450997    
     279       1       2    5.621764035237687        7.865427558580717        3.081052958283861    
     280       1       1   0.5797804399654476        6.820272253503307        2.110541880309309    
     280       1       2   0.1999355434124938        6.754086597779846        1.718563291719794    
     281       1       1    5.078899178666994        6.579852475517188       0.6093297851371375    
     281       1       2    4.995055474591281        6.461634951402371       0.7908578534132471E-01
     282       1       1    6.700432974901917        2.349443607657578        4.250483945029553    
     282       1       2    6.910084943554771        2.069167263208946        3.826454319701335    
     283       1       1   0.3905948691636117        7.862886624758389        4.042161374033376    
     283       1       2    9.924527318323561        8.149586594343555        3.988364851215415    
     284       1       1    3.826263348569452        4.857304360505037        6.299364786449487    
     284       1       2    4.026725290524985        4.776225028199144        5.793140848747133    
     285       1       1    2.183849452993508        2.188055677786888       0.4564477554377998E-01
     285       1       2    1.693739137425613        2.182589909279369        9.796795718907056    
     286       1       1    1.947075407023840        3.751206863518769        8.867398738672545    
     286       1       2    1.780668498147206        3.963654882863688        8.388037059907004    
     287       1       1    6.648459716600216        3.534268849135425        8.925291316664488    
     287       1       2    6.806644598227876        3.330962820050958        9.411313687444647    
     288       1       1    7.603683705117995        5.479597100131044        3.905513072772143    
     288       1       2    7.398855923863668        5.191230733197550        3.484734903794188    
     289       1       1    8.211718058673542        3.060965318206624        7.842567584623957    
     289       1       2    8.658716403793198        3.373139164758653        7.912594850953813    
     290       1       1    8.808748966643721        2.112061031311473        5.265757186991339    
     290       1       2    9.048777371264395        1.616999268292623        5.252241615257760    
     291       1       1   0.6253110415089843        6.852013895484079        9.212523410495001    
     291       1       2   0.8733054286328543        7.321029526198367        9.356859900940867    
     292       1       1    2.454179920339675        3.135563121974668        4.070718614431443    
     292       1       2    2.649761356817074        2.693509695305898        3.808992576910776    
     293       1       1    2.608115780891458        2.896001077816334        9.207012222506110    
     293       1       2    2.064149860084140        2.940699807154814        9.273442644522431    
     294       1       1    3.617277674041632        4.216665267843710        4.991797116037928    
     294       1       2    3.460743533772374        4.688485844743248        5.228055154677579    
     295       1       1    9.463946955919322        2.581786180004094        6.677487305886270    
     295       1       2    9.698632180098860        2.662104685289290        6.186155200342520    
     296       1       1    5.957161270789538        3.314368097142566        8.064511272467229    
     296       1       2    6.236309091103871        3.197521548744570        8.523409112494470    
     297       1       1    4.334595215850740        7.250780255502793        4.395569535102271    
     297       1       2    4.101196396167310        6.843706184149424        4.108534285457583    
     298       1       1    5.618851583813679        7.607220775587525       0.3979431241816813    
     298       1       2    5.644716124089267        7.476092663771007       0.9312982686303140    
     299       1       1    4.246612339656770        2.687263611520815        3.349634977717443    
     299       1       2    4.790264814524105        2.643393725811624        3.420544374411347    
     300       1       1    8.130769714779710        1.233657274588045        5.107018817178964    
     300       1       2    8.248497743242728        1.718493529258004        4.875535253371878    
     301       1       1    9.326626782643984        3.145778374347981        2.021300875693067    
     301       1       2    9.708140246310998        2.863329629418438        1.743848025821209    
     302       1       1    6.303342479905177        3.506214666173148        7.057679092404978    
     302       1       2    6.710301153043568        3.571931211346680        7.421111589928605    
     303       1       1    4.936039493729221        2.285838455627290        2.080328668728829    
     303       1       2    4.616670011947742        2.312204369644216        2.526703388956681    
     304       1       1    3.819074069363537        8.177068926424235        3.863825560517439    
     304       1       2    4.011722120486231        8.475573678840368        4.283109291887948    
     305       1       1    3.330203985292035        7.359070242109716        5.846903903278562    
     305       1       2    3.875140189300989        7.372364482728033        5.918336452068609    
     306       1       1    9.660500990088757        6.030474876097228        1.556513924319708    
     306       1       2    9.218040062089242        5.704355853748785        1.544379310951333    
     307       1       1    9.895845527276157        2.288441610285480        4.737262220618930    
     307       1       2   0.6171531419402261E-01    2.721418699062162        5.032808546023689    
     308       1       1    2.926306976272151        3.726778121733785        7.979831918243002    
     308       1       2    2.440130468898805        3.497116577700795        7.864864292588617    
     309       1       1   0.5190063092630152        2.276122537205290        5.912096572210172    
     309       1       2   0.5926446245794805        2.533678514073411        6.392464181586440    
     310       1       1    9.979529030790495        4.484928236188813       0.4038510187951269    
     310       1       2   0.4754005556908941        4.447277008015116       0.6384216731573493    
     311       1       1    5.424525090442304        7.471368491891638        4.834434207222777    
     311       1       2    5.720328846416121        7.345467964059493        5.280707573988461    
     312       1       1    3.237444005629672        8.126148112997351        4.814023482314862    
     312       1       2    3.389132983913316        7.599513779693231        4.770646701054188    
     313       1       1    4.148549247683224        7.868985045127080        5.488343500330187    
     313       1       2    3.755988260956051        8.242756861074204        5.394474863197474    
     314       1       1    4.718176935317793        6.736398005475857        7.450899592234570    
     314       1       2    4.971760421731894        6.806872408821204        7.933848343896894    
     315       1       1    8.109464188548936        7.055312976770596        9.441381350266060    
     315       1       2    8.262169407438600        6.758718754774624        9.878720958002507    
     316       1       1    7.914615016957860        3.763866628310704       0.6089868935051387    
     316       1       2    8.104217416981117        3.271741626063846       0.4528631127734351    
     317       1       1    5.928916321294681        2.637751975126422        6.241690684188760    
     317       1       2    6.415511189082939        2.706630635707201        5.995208021220304    
     318       1       1    5.131467360053210        8.163405852677839        2.647901814555215    
     318       1       2    4.828508251841748        8.135621065007241        2.189891595887788    
     319       1       1    8.812515769399164        6.334607851946188       0.3818815511022908    
     319       1       2    8.880369541009570        6.231272990568811        9.846201997262224    
     320       1       1    5.909303392891680        8.362212585328239        1.521086168339010    
     320       1       2    6.083375410511246        8.883269177220503        1.501595555310431    
     321       1       1    9.341661183326607        7.242871796535445        8.691727232028891    
     321       1       2    8.903388468062195        7.333015575409576        9.011147069725070    
     322       1       1    5.047950133246798        8.272852689868714        3.655767482451294    
     322       1       2    5.184416523866155        7.839198334598270        3.964888230195998    
     323       1       1    4.051380108287086        6.912587322774109        6.470259927347757    
     323       1       2    4.588944553524803        7.025492125908321        6.446818275725335    
     324       1       1    9.481767390237559        1.319186902483650        5.539440091966569    
     324       1       2    8.975672917083401        1.501784411213464        5.426460268204624    
     325       1       1   0.4140056100964035        2.526053702013339        1.570780502086412    
     325       1       2   0.9494542940317960        2.552991090196130        1.690202045998948    
     326       1       1    1.288699563237443        3.479188944402815        4.049866961262801    
     326       1       2    1.250450975950621        4.002593089714199        4.211970531248568    
     327       1       1    1.857670247572775        6.578572417092865        9.797048102334569    
     327       1       2    1.744945083037502        7.100618215192521        9.664571002877333    
     328       1       1    1.865483067678330        2.284399631672789        4.324913154396257    
     328       1       2    1.835016049545348        2.261489124974939        3.776187523154616    
     329       1       1    1.265123835629544        2.396551009466424       0.5353218403625528    
     329       1       2   0.9859679738761984        2.345231504757317       0.6436706014247234E-01
     330       1       1    6.669766184806258        8.587996403701105       0.1175003109630609    
     330       1       2    6.844044785632704        8.089490496969814       0.2721217524309399    
     331       1       1    5.608258274371004        7.046008291800741        9.425577120746937    
     331       1       2    5.509586863111427        7.496069227399628        9.125760459907925    
     332       1       1    2.348898159149567        6.881582965017468        6.381595051218512    
     332       1       2    1.857405507406011        6.646351364738925        6.304469620206404    
     333       1       1    7.566564940146182        6.999882015900964        1.028074400709705    
     333       1       2    7.937339116473732        7.184636013121738       0.6666504350135740    
     334       1       1    7.403391358065477        7.868792972528799        8.788466001331200    
     334       1       2    7.328821100711430        7.488375178947945        8.398113442611429    
     335       1       1    1.945854889210978        1.089053433483019       0.8439921283229898    
     335       1       2    1.644223379355231        1.058621936426750        1.302547773275504    
     336       1       1    2.733228057750473        2.154440554236567        5.097612869488289    
     336       1       2    2.275040300934385        2.205353680943130        4.797537252069580    
     337       1       1   0.6957004902009702        6.716661945894694       0.7031922825609602    
     337       1       2   0.8615530721238132        7.240741233789964       0.7171175400342800    
     338       1       1    2.791206784520857        3.332994520904628        5.162499812647762    
     338       1       2    2.720505530569012        3.873361214386286        5.087153740565023    
     339       1       1    4.320866379339048        7.189339736757382       0.3219833692063906    
     339       1       2    3.794434636603982        7.083840333371675       0.4427590319969638    
     340       1       1    2.366059570538577        7.414456349771744        2.409304204816178    
     340       1       2    1.836077802805302        7.480304779375400        2.278850678650758    
     341       1       1    7.395150530203535        1.842370637773942        3.299598034618413    
     341       1       2    6.936141462545439        1.545783685225996        3.235287729848636    
     342       1       1    6.433969049155018        7.077274335522887        8.242662643083339    
     342       1       2    6.132206531613873        7.520200903280815        8.367573423954058    
     343       1       1    6.669030630496747        1.960738709192498        6.192261859456804    
     343       1       2    6.893836623262264        2.175489170229409        6.645670414075140    
     344       1       1    3.330347044378821        1.064680811731782        1.310560037854007    
     344       1       2    3.680184981781006        1.048676806731964       0.8863102345891234    
     345       1       1    8.572385946796429        3.009149535493294        2.967088888708145    
     345       1       2    8.253780986553609        3.079767227089945        2.524039251696846    
     346       1       1    7.461641598989522       0.7578392802414008        3.864667327231941    
     346       1       2    6.987725816198506       0.9823093179652106        3.698391534712430    
     347       1       1    3.051847471692048        2.697945754283289        7.881429227694173    
     347       1       2    2.673106585418408        2.779559984103432        8.272251083725591    
     348       1       1    2.790726653191554       0.8993574013661156       0.1748014225008983    
     348       1       2    2.774512597044144       0.8932259807924121        9.624533942202085    
     349       1       1    2.729134754909146        1.490451118844162        2.107465916473144    
     349       1       2    3.255839482586341        1.597526341964002        1.988252594039158    
     350       1       1    6.751885734911736        8.340492008617117        3.410893383159563    
     350       1       2    7.095037692643048        7.915745072782427        3.345018407388655    
     351       1       1    9.057590797244004       0.3300753733676661        5.763983407731942    
     351       1       2    8.931994112575364       0.2054407100364251        5.243477417568045    
     352       1       1    8.506384278920978       0.1920021192229665        4.625415787813441    
     352       1       2    8.230743136031199        9.789995499847862        4.370335056712763    
     353       1       1    3.781377682543774        2.446825209862652        5.560263418372523    
     353       1       2    3.414111612934140        2.631967910076198        5.926231455884749    
     354       1       1    9.687571980023199        1.046638846562269        4.554619647260713    
     354       1       2   0.4600074725214522E-01   0.7358004868122315        4.833910038681647    
     355       1       1    8.145958733942264        7.921157328708040        3.536322446805413    
     355       1       2    8.177403901173463        8.212193750470894        3.070979761287286    
     356       1       1    4.764255755810765        2.913564463713365        5.516074283268748    
     356       1       2    4.228903305444634        2.891261350604702        5.641331159112964    
     357       1       1    6.554801245534621        8.381745761997056        8.467421533476566    
     357       1       2    6.243193079220324        8.424791887844290        8.918968481569570    
     358       1       1    8.710572762083105        2.945514912571115       0.3925724155164500    
     358       1       2    8.347424418983007        2.623733188936311       0.6521273483377703    
     359       1       1    3.976206374218112        8.898905622738759        3.057632895140105    
     359       1       2    4.415031880501383        8.747658380538986        2.762574960505556    
     360       1       1   0.2394520780583098        7.716810089045627        2.703183826483858    
     360       1       2   0.7067829971306410        7.887096045477886        2.467176845802390    
     361       1       1    3.385074203431659        7.610618357068034        1.337829396870658    
     361       1       2    3.097650423250930        8.078651429115675        1.366706068581337    
     362       1       1    9.759009769570357        1.297579718418640        6.541799129155115    
     362       1       2   0.2665632537638894        1.180100646491172        6.718120927169068    
     363       1       1    4.410503834428223        3.992511604765163        9.158948871594166    
     363       1       2    4.080862602624719        3.579405541167744        9.310325391616461    
     364       1       1    3.026199635097269        7.723514344817809       0.2056766984378748    
     364       1       2    2.773148677969697        7.699572747925886        9.718206878515637    
     365       1       1    4.290074435145161        2.928498367923057        8.516501191447658    
     365       1       2    4.379265197779813        3.438196405551937        8.703333895629140    
     366       1       1    5.716496474986065        8.550499931330227        9.603197443482495    
     366       1       2    5.234360448638737        8.737895986626288        9.415800745837485    
     367       1       1    8.405645824380148        1.261025201983546        3.815262821278332    
     367       1       2    8.577527303636966       0.8538961870562113        3.487314674631479    
     368       1       1    1.417446187645258        7.821845303577232        1.716921810146613    
     368       1       2    1.563029194480722        8.260367853403688        1.418005724914039    
     369       1       1    1.194511697394385        2.674284395070870        3.270039875374858    
     369       1       2    1.429911147508457        3.140676169175482        3.098972353030785    
     370       1       1    3.965682844500410        8.287695078571902       0.7632814424282180    
     370       1       2    4.022272886044793        7.740710570006897       0.7460923086898646    
     371       1       1    1.831730377650079        2.277570883283177        8.632951827634253    
     371       1       2    2.073518875323760        1.870600505970427        8.352653815803148    
     372       1       1    3.802066210308635        8.940290033007287        1.780272101416347    
     372       1       2    4.211425523408548        8.573168846412065        1.798627995893499    
     373       1       1    7.449471355631125        8.033006529665315        7.585404503559965    
     373       1       2    7.017083935064730        8.319111086054031        7.400255668405709    
     374       1       1    3.216311724725090        1.937362392251353        4.073320948589186    
     374       1       2    3.281425124308953        2.467531867700667        3.941148589867543    
     375       1       1    4.269588535593955        2.664564574967739        9.773788148638985    
     375       1       2    3.731862332068984        2.698704837998043        9.660740537906758    
     376       1       1   0.5324732320107386        3.192890606074718        9.568024773577255    
     376       1       2   0.6331238804082322        3.595323390606764        9.929980697303293    
     377       1       1   0.8647522198152536        7.572332524853009        9.951459036954938    
     377       1       2   0.4341240879377312        7.511211483280158        9.614307891459267    
     378       1       1   0.5929844444958912        2.959327093364120        6.811344569172344    
     378       1       2   0.1887591687845623        2.864418520096493        7.172854014423538    
     379       1       1    6.235483580591468        2.330540544658146        1.364105225818114    
     379       1       2    6.045433170942968        2.729962046688087        1.691688963426086    
     380       1       1    7.689041123635772       0.9641625634541604        6.193465750212794    
     380       1       2    7.532628584669251        1.371370805189372        5.857960414765975    
     381       1       1    7.487695537118771        8.224952952416309        4.826820636975831    
     381       1       2    7.125081013619704        8.630959916153870        4.746096927073038    
     382       1       1    7.030620887269229        2.618173991105810        7.493714928472707    
     382       1       2    6.911015377538838        2.615447701578602        6.957165420360974    
     383       1       1    9.361039930136776        8.316664944485352        9.510485324216965    
     383       1       2    9.044465064472019        8.262462545825553        9.063618768067165    
     384       1       1   0.8815448378177725        1.781101683862618        9.784738809436536    
     384       1       2    1.238978223899374        1.948307322095865        9.400839813779244    
     385       1       1    4.930397741391978        8.476797198647581        5.003559019908583    
     385       1       2    4.670770283939272        8.945662756171663        5.128249164739221    
     386       1       1    2.793805421606080       0.2887995216756880       0.9683563258430080    
     386       1       2    2.866146798479908       0.5552550411763967        1.444336515801809    
     387       1       1   0.1972315014434480        7.853134479225891        1.348870602180678    
     387       1       2   0.1301448133339689        7.330149476368336        1.191973600116496    
     388       1       1    2.843497734128969        8.696812136250234       0.7710378326845332    
     388       1       2    3.321261655929290        8.476910352446666       0.6087028698989044    
     389       1       1    9.920155789022468       0.4581252767279748E-01    4.894548714616541    
     389       1       2   0.1555146481346946       0.5331043876507596        4.796285859654902    
     390       1       1    1.610260975121092        2.110089954808956        6.823487377141127    
     390       1       2    1.300487388232322        1.998762024119470        7.264435646928042    
     391       1       1    8.296669805771241        7.728423193024321        8.096879354645402    
     391       1       2    8.278302991820340        7.638240910285532        7.554203009424847    
     392       1       1    1.083424317265362       0.7685161583851783        9.915495076175780    
     392       1       2   0.9122795166736014       0.4899428987936466        9.473073328899387    
     393       1       1    3.774544052508107        6.407612585729553        9.634738456716448    
     393       1       2    3.314294484972248        6.135779831379269        9.503417898988356    
     394       1       1    5.192764919471371        9.675396191382339        6.764866117203080    
     394       1       2    5.072032602270061        9.211191610554632        7.034013944150253    
     395       1       1    9.773004424169732        1.562778030473462        3.493322163547200    
     395       1       2    9.281578346576278        1.388655018516077        3.318156998400648    
     396       1       1    1.140848569198184        8.083268041459508        9.030739446240050    
     396       1       2    1.502164247193747        7.677294620411745        8.942811338977323    
     397       1       1    9.056901310705321        8.400666038012458        7.319541473834206    
     397       1       2    8.762975720875035        7.945976415893039        7.221286422598008    
     398       1       1    8.268242178539799        1.276112762255661        7.202323714998276    
     398       1       2    8.334703946082087        1.781664811988807        6.995096607701553    
     399       1       1    7.737170813570772        1.819181887993912        8.212347890562418    
     399       1       2    8.119850300215534        2.046392053071923        8.536044069073757    
