         443          17         416         464
         443   1000.0000000000002     
           0   173975393          -1           1
  0.13410406    
  0.10887515E-01  0.50000000E-01
   10.000000       25.000000    
   10.000000    

       1       1       1    6.316768438325469        3.552820182434676        5.751291480371253    
       1       1       2    6.224368600440033        3.237960597341506        6.192624331257267    
       2       1       1    5.444123011951752        2.190335216754815        7.536320126265685    
       2       1       2    5.900288138603981        2.151092552761284        7.231650049502786    
       3       1       1    6.168950908440139        3.561689987522586        9.332142808844498    
       3       1       2    5.630237749505870        3.620500304034365        9.235811279818815    
       4       1       1    7.638930193672282        2.065142934566822        4.280728467254944    
       4       1       2    7.984953764308401        2.001695331333925        3.858711402076461    
       5       1       1    5.215779001926902        3.550191016402085        5.533350083383308    
       5       1       2    4.977471368278009        3.159734923886401        5.226872976035837    
       6       1       1    6.979381416040599        2.211420048049400        1.052787806937155    
       6       1       2    6.485837910391171        2.123097759877251        1.279320735315383    
       7       1       1    5.408562688506359       0.7974317914514875        2.300786180386861    
       7       1       2    5.494591266032623       0.2971728508575945        2.088649765463968    
       8       1       1    6.506660227487718        1.097575641805033        6.432253614396041    
       8       1       2    6.075615873930820        1.320182760118910        6.692303040314360    
       9       1       1    5.820212941775146        3.606044766576883        4.452248219147380    
       9       1       2    6.248032494244097        3.830201088388182        4.188604445369380    
      10       1       1    5.597404469588568        1.884098024947340       0.8386928847492923    
      10       1       2    5.487767775369093        2.216038359872669       0.4146498467548974    
      11       1       1    7.243814578811865        2.580197727561124        3.099101279661670    
      11       1       2    7.484315704006193        3.073514260777192        3.139441409299536    
      12       1       1    6.875512159841469        4.330789024480373       0.1271466659043960    
      12       1       2    7.295762990908906        4.596700120820545        9.892739815333133    
      13       1       1    6.197059262147595        3.485083334843574        3.230561556459147    
      13       1       2    6.391595482310988        3.076303752028794        3.542552009535249    
      14       1       1    6.969017539400620        4.175774215098778        4.897379437701405    
      14       1       2    6.455383301839976        4.347705154266644        4.804987207304785    
      15       1       1    6.432755911073270        5.662293283969206        7.704087730087724    
      15       1       2    6.720070882654209        5.212196669316994        7.835412705865542    
      16       1       1    6.001110358763398        2.552746977884540        3.984639279265606    
      16       1       2    5.734239236824537        2.873161942687302        4.343628408363505    
      17       1       1    6.957821769620738        5.782859745100295        4.094215291675070    
      17       1       2    6.524714070697055        5.820297480309938        3.758296503137409    
      18       1       1    6.664902623391176       0.1585077954229502        2.136507355070886    
      18       1       2    6.366467530883352        9.887773937645047        2.510694748945546    
      19       1       1    5.762986885520243        2.558570759078477        3.007856752245355    
      19       1       2    5.527506659371022        3.054051142505715        2.968221072833864    
      20       1       1    6.650704828334860        6.084705083419592        1.123671233227055    
      20       1       2    7.199066992248530        6.042040051076522        1.124840230227623    
      21       1       1    6.655363554365438        6.368637665736091        8.397824330660534    
      21       1       2    6.394529827596211        5.894230789096919        8.300733565249789    
      22       1       1    6.270490936694383        3.009412000983078        1.271484654062465    
      22       1       2    6.747972246942677        2.742367973242519        1.325322071217185    
      23       1       1    5.739195616061350        4.962572227936913        2.163366314472913    
      23       1       2    6.227802081836846        4.711077227249377        2.148330892062869    
      24       1       1    6.988965883414493        7.053380541175377        9.093665463573197    
      24       1       2    6.779609230149656        6.933292553319617        9.587544621782474    
      25       1       1    6.204355439553298        3.507673510455934        2.156387515484365    
      25       1       2    5.971731049577459        3.884978777426464        1.830589514362985    
      26       1       1    5.246842776773848        4.536944290775737        3.004480470177489    
      26       1       2    4.707289000031835        4.430601832440678        3.011642454172850    
      27       1       1    3.934933600030187        3.882342074137577        5.998214800359120    
      27       1       2    4.254796692434960        3.769055668760124        5.565278373241347    
      28       1       1    7.408184516183635        7.994056872801601        2.358365764882083    
      28       1       2    6.919566067131592        8.245216226753652        2.386225390678947    
      29       1       1    6.646740164983832        2.198017700438655        9.395284722949514    
      29       1       2    6.118041247454194        2.047297619050060        9.375073726937758    
      30       1       1    5.003665049750742        3.419518156740259        3.691797378143860    
      30       1       2    5.021172253805056        3.036600774932680        4.086230692229289    
      31       1       1    6.686745324390411        1.303908788694643       0.3270796769406194    
      31       1       2    7.144974872823766        1.530612850343530       0.5295195529475262    
      32       1       1    6.277942802098832        1.325408705089564        1.403161492199638    
      32       1       2    5.823556896918871        1.425698420000225        1.109305745938447    
      33       1       1    5.632040132052772        2.553289457940824        4.920375810697538    
      33       1       2    5.288629876119007        2.232589347625343        4.634768056274843    
      34       1       1    5.968221670222764        4.463856485278408        8.115432207404059    
      34       1       2    5.733605584971874        4.297952452124487        7.645524362400484    
      35       1       1    6.013819024203417        8.561829818827109        7.988538049077977    
      35       1       2    6.533674981352804        8.734328361055155        8.043735771701831    
      36       1       1    6.330263707536493        5.432957796987194        8.711523691129852    
      36       1       2    6.697582247619651        5.240296671321528        9.071416743216478    
      37       1       1    5.150831851906716        6.057203557899857        9.795320895922924    
      37       1       2    4.980978920300002        5.741096647930089       0.2118747449994604    
      38       1       1    5.234469306602923        9.529076657939399       0.2080274010613157    
      38       1       2    5.058702254676642        9.625029716085773        9.695516810236372    
      39       1       1    6.817899366376796        7.638559874805187        7.886250825334696    
      39       1       2    6.333048519788727        7.421043401609998        7.745413037090187    
      40       1       1    5.792089823783549        2.438289221911011        8.923044275227685    
      40       1       2    6.306198426402974        2.497106609159110        8.735014659918011    
      41       1       1    6.364665338017695        9.601392982620846        7.198675136448827    
      41       1       2    5.918309696345037        9.535484513523285        7.512296060111114    
      42       1       1    5.986503767157171        7.021053840023541        7.395311290830843    
      42       1       2    5.765491156039467        7.071822469983005        6.894259808196902    
      43       1       1    5.681450050717339       0.4949899064347184E-02    8.052435069808878    
      43       1       2    5.810863527253423       0.2435513333025518        7.573928847497566    
      44       1       1    6.247357881639497        7.309298313449474        2.627471957750173    
      44       1       2    6.174252121975811        7.390738008634629        3.166417605272585    
      45       1       1    5.920324005174590        6.226770323834004        1.803067303333612    
      45       1       2    5.945828971611977        6.102952268626206        2.338478624666960    
      46       1       1    6.972908355454135        8.895282569948128        1.642081700747007    
      46       1       2    7.219692973875424        8.844401701600578        2.131069685696533    
      47       1       1    5.545063749009756        7.979623296649669        1.509724090900355    
      47       1       2    5.956309910305020        8.050422626139696        1.867434156500428    
      48       1       1    6.961858573475615        2.565572377975209        6.153278436303875    
      48       1       2    7.387266433574922        2.913527100340975        6.130906902482486    
      49       1       1    5.654756625692708        8.162820264524486        7.098372116904049    
      49       1       2    5.342582023258823        7.756969889609484        7.299313184267167    
      50       1       1    5.888628850201322       0.5579569801859526        4.419638981130844    
      50       1       2    6.430762335036711       0.4685394807538032        4.391303219809826    
      51       1       1    6.150097580958681       0.7921085758388131        7.518452035804295    
      51       1       2    6.213494565529452       0.2601947235011985        7.392956569433935    
      52       1       1    5.097619205885393        4.500507085952735        4.437323273734795    
      52       1       2    5.543355184569942        4.471300157617391        4.116071135415726    
      53       1       1    5.991848443120215       0.3544954901874387        3.128378404979745    
      53       1       2    5.481884187537282       0.2495591910451620        3.305934322493437    
      54       1       1    6.591227507723326        4.396502328904424        7.083225306789624    
      54       1       2    6.670825991390381        4.256402504651277        6.557613114257935    
      55       1       1    7.551193115777757        1.514402854826845        3.327938480971860    
      55       1       2    7.060045527311155        1.442426274754566        3.564992675110254    
      56       1       1    5.289123082379768        5.782782514992268        4.967271743076173    
      56       1       2    5.687179344139929        6.125419721902658        4.803710654768963    
      57       1       1    7.188027276627072        2.887785273867228        8.825858846044044    
      57       1       2    7.375396698896463        3.398745508031923        8.906079728997854    
      58       1       1    6.985782730506878        6.701086793015682        2.195310842477667    
      58       1       2    7.480780078658121        6.578411008241011        2.403368090037661    
      59       1       1    6.884700326357428        9.747589451646160        4.106727905791367    
      59       1       2    6.663753580039886       0.1954932660800952        3.877165739152773    
      60       1       1    7.134145458586767       0.3520075380677508        3.069113275940394    
      60       1       2    6.831997767615484        9.897983273088876        3.139505729435233    
      61       1       1    6.024243350014829        5.078831143786530       0.9945754495638007    
      61       1       2    6.191420961271418        4.896057836584553       0.5035371102749089    
      62       1       1    6.598634277967056        9.300374730044791       0.3899812650622691    
      62       1       2    6.440330498879210        8.911891323129936       0.3388273758047687E-01
      63       1       1    6.968480317344544        8.274464501657267        7.039347788362617    
      63       1       2    6.966447789156529        8.824491073655254        7.019418900339117    
      64       1       1    5.270777202228833        4.213321690087978        6.320366724645861    
      64       1       2    5.093129373349425        4.517056503265225        5.897839404744272    
      65       1       1    7.680999162878285        7.217630835731232        6.769569138409957    
      65       1       2    8.216175563080297        7.250516271178643        6.893223390252024    
      66       1       1    7.227177648806641        9.380109085987304        2.780261552915474    
      66       1       2    7.025014330589712        9.598525909797283        2.317792701415019    
      67       1       1    6.318377190962285        1.386458622799549        2.707809281230753    
      67       1       2    6.446941749902981        1.671271403416029        2.255038411801302    
      68       1       1    5.527655835104524        7.987579662398187        9.085366916901881    
      68       1       2    5.344765679552794        8.076512236532940        9.596196704250801    
      69       1       1    5.771355712621988        1.258275193176225        9.697235927013764    
      69       1       2    5.422750106529596        1.357859128796423        9.283319463654241    
      70       1       1    7.146866297638745        7.770718678375045        1.384098850636092    
      70       1       2    6.789816006268515        7.369208772553061        1.502955243858217    
      71       1       1    4.977004048368708        7.172737938454562        9.305469342570690    
      71       1       2    5.221991213832351        6.683992019959888        9.248034673509528    
      72       1       1    5.219595830587074       0.1585893912304686        9.111801320157774    
      72       1       2    5.488840480727579       0.1486132709736789        9.590822941821125    
      73       1       1    5.615275728856135        5.960980953893403        8.198744643655381    
      73       1       2    5.097145904668794        6.070568901618061        8.348017164288954    
      74       1       1    6.299884468606745        4.523298841743546        4.033659342346505    
      74       1       2    6.579537174500730        4.459846655678951        3.564420698841797    
      75       1       1    5.456835076970745        7.463780139343372        3.542254227531479    
      75       1       2    5.074843860601127        7.247955709423613        3.873920372456264    
      76       1       1    7.693739678390942        6.685363243197065        5.678258886070876    
      76       1       2    7.885173516187055        7.192886240632468        5.587568374007523    
      77       1       1    6.816659148005416        3.305626978508100        7.029618374502141    
      77       1       2    6.466560663764338        3.233911239709712        7.447763123171224    
      78       1       1    5.141287307904421        1.497752500123468        3.554509924707794    
      78       1       2    4.798217760291275        1.160075794012919        3.289100490976149    
      79       1       1    7.711589964948378        8.981591037935782        6.110390449025964    
      79       1       2    7.245473491033552        9.264038542556690        6.183056036322559    
      80       1       1    6.507163607319783        7.950008350610053        3.425745871427496    
      80       1       2    6.566556910365692        7.712517246681749        2.932913839457345    
      81       1       1    6.203551542259613        8.751775621980819        2.354675181712049    
      81       1       2    5.676065567060357        8.896317157118833        2.411466577595628    
      82       1       1    6.754804023209286        4.787816083226430        5.662567853847960    
      82       1       2    6.482180791911320        4.313065500628882        5.715216473245990    
      83       1       1    4.545969023277816        2.011877606135724       0.1670425348282483    
      83       1       2    4.191238665068648        2.427997274674826       0.2261544072759757    
      84       1       1    5.389917171197545        3.261277190650409        8.469340571210253    
      84       1       2    5.280791323522636        2.959117133562819        8.023376413139687    
      85       1       1    5.788857103633720        5.738831062022224        6.758030326496620    
      85       1       2    5.471144949202943        5.997012542846579        6.391322350040856    
      86       1       1    5.855031924269380        9.147583656412079        3.421500665103694    
      86       1       2    5.616280540352414        8.671575243277928        3.560855475163215    
      87       1       1    5.618273011856841        9.449397746071334        6.112600679226990    
      87       1       2    5.307326056863312        9.547505488836755        5.669709325175798    
      88       1       1    6.434417108099094        5.999240871340938        5.742192950556753    
      88       1       2    6.023132717296338        5.687152680759176        5.931442119595240    
      89       1       1    6.005245789145942        6.614093618412553        4.487609306604687    
      89       1       2    5.840713406553956        6.981523299700065        4.862296394574281    
      90       1       1    5.901922897799372        4.460562310082402        5.203102249894619    
      90       1       2    5.742695038286619        4.935524103829430        5.430033591685400    
      91       1       1    4.214496909532765        4.926077855522917        4.063615580992739    
      91       1       2    4.415360545372475        4.493011388990592        3.790724891213114    
      92       1       1    4.843014930529063        2.115668235949756        9.202262643771622    
      92       1       2    5.090797418726821        2.190777370975380        9.687572870905971    
      93       1       1    5.392623184330152        3.490855988786927        7.287697439310331    
      93       1       2    5.915046970549691        3.663979625136309        7.291093193164603    
      94       1       1    6.592027624229743        9.654817196841114        5.604360798631272    
      94       1       2    7.116934736331047        9.564445997591708        5.741725751201674    
      95       1       1    5.385674728588144        9.662129349688623        2.248861680593092    
      95       1       2    5.476302507853073        9.609512873343395        1.709079788382847    
      96       1       1    4.596784083052486        3.739480570278944        1.216610203423311    
      96       1       2    4.602601974206707        4.271513547164811        1.077622612587893    
      97       1       1    6.738481362415788        3.463514417237466        8.130525930956701    
      97       1       2    7.282100648083705        3.380486948323002        8.141228956106927    
      98       1       1    5.542365790726899        4.123251797127412        1.563665576539152    
      98       1       2    5.286844688762977        4.039572741059446        2.043103215552875    
      99       1       1    5.227319279628613        3.124589870614669        2.275157853115416    
      99       1       2    5.443838497417067        3.396572871707436        1.849128805794934    
     100       1       1    7.084516079479147        4.338681699214968        8.479907451760800    
     100       1       2    7.082349340034980        4.849482687688546        8.277625148278897    
     101       1       1    5.050260774364317        4.994359110905051       0.6849607360333606    
     101       1       2    5.295932063595941        5.067934253667250        1.171156153217778    
     102       1       1    5.006260375922180        6.497996047791293        3.849844562954589    
     102       1       2    4.637410923980053        6.156046211263719        4.071824153337565    
     103       1       1    5.232799279718939        7.193329338132783        4.832808735496616    
     103       1       2    5.525998738736644        7.614875472932238        5.029228119801330    
     104       1       1    5.587938935568765        3.996998614847049       0.4844239756006875    
     104       1       2    6.094478067859210        4.170133988741786       0.3591646812227646    
     105       1       1    5.311598091727125        6.990864112457753        2.152957373749059    
     105       1       2    5.269984118473996        7.464039023376185        2.431633004003041    
     106       1       1    4.741834180788056        5.960985310943394        1.667759461909436    
     106       1       2    5.107117185813585        5.621778954989384        1.899917633312537    
     107       1       1    7.043870838139029        5.624108142454360        6.733399096416162    
     107       1       2    6.525628581538785        5.444486101465065        6.782868398561630    
     108       1       1    7.092753456724263       0.6060558929296600        1.036809169362629    
     108       1       2    6.763121493472733       0.2855828337305160        1.338404569709440    
     109       1       1    4.635425166324715        4.942006168015260        1.812353002176527    
     109       1       2    4.969506749030147        5.323844288651099        1.600978090548512    
     110       1       1    4.866066425732198        2.608157914495826       0.9870603230440976    
     110       1       2    5.183932140450425        2.956700213142139        1.268855478172716    
     111       1       1    6.123475733178351        7.408683925035755        5.445896949410737    
     111       1       2    6.420688294623479        6.994818425096028        5.652392872078223    
     112       1       1    6.589365609694406       0.6001571595311626        8.965702131455931    
     112       1       2    6.161709063776670       0.5101536498468922        9.300059265010523    
     113       1       1    7.330264374865448        8.510963525804843        8.156530209327801    
     113       1       2    7.457933602843450        8.158661544095265        8.558397227520508    
     114       1       1    6.642319031689654        9.439690522232713        8.578723756768072    
     114       1       2    7.187625601264550        9.499285452967847        8.612679370996004    
     115       1       1    7.386043740518763       0.2749382950382542        9.902912007852716    
     115       1       2    7.701368753298843       0.1260693105935428E-01    9.536030255778874    
     116       1       1    6.959665149697746        2.423063718341737        7.646126662589094    
     116       1       2    7.089079055338477        2.747969937652310        7.221637718199552    
     117       1       1    4.719611047754008        3.020442356956631        6.597635426208309    
     117       1       2    4.752093361804346        3.048383122848136        6.049657077963295    
     118       1       1    6.935565770997795        1.493592842562153        7.253487563404603    
     118       1       2    6.396258477112785        1.591080927495936        7.301510521999346    
     119       1       1    6.685361159137511        8.439796223621023        4.801069230524244    
     119       1       2    7.150210992463094        8.397674341790117        5.092054224210587    
     120       1       1    8.312212686540187        3.725789842846830        2.727302288516128    
     120       1       2    7.825747430579645        3.485297112391977        2.638595532972868    
     121       1       1    5.463113866878453        5.257635483723917        5.864461541611989    
     121       1       2    5.320984258849786        4.734444532071389        5.772676522311780    
     122       1       1    5.616725019892505        4.826657609598104        9.774564141404179    
     122       1       2    5.479756498843615        5.331782339623951        9.942648492200883    
     123       1       1    6.771699716197333        1.589681504473146        8.580441500370153    
     123       1       2    7.156026207869629        1.934397504050789        8.770519989167401    
     124       1       1    5.539004196663881        8.678572641842672        5.261428506003395    
     124       1       2    5.908197991291777        8.637582349258249        4.855448681900853    
     125       1       1    5.575132140232521        5.364844345159480        3.697390114710399    
     125       1       2    6.087057333209543        5.290835502376808        3.884190126899799    
     126       1       1    5.880389116114076        9.168191643180478        9.191763538400487    
     126       1       2    6.174640261429303        9.576580215702760        9.413240322813969    
     127       1       1    6.949936867916357       0.1962953957408404        6.441585573006400    
     127       1       2    7.370932991435090       0.3672084424706089        6.751372472600297    
     128       1       1    4.113142388527871        7.099190852162108        3.994475819743045    
     128       1       2    4.321879687433857        7.584726010640972        4.146539314688055    
     129       1       1    4.671739261566557        2.555638062083450        4.427418415054984    
     129       1       2    4.345717871578671        2.881322781642742        4.727599672093201    
     130       1       1    7.271616413027918       0.5911607027601973        8.057099402329509    
     130       1       2    7.201177779085691        1.040350069226498        8.366097077687794    
     131       1       1    5.899050578035532        2.931684935095430        6.559433919889639    
     131       1       2    5.798793056306003        3.450198684637631        6.713855168225949    
     132       1       1    4.860702154290507        7.733155830281945        5.712084735427130    
     132       1       2    4.906893553220562        7.189710150381456        5.779972605886868    
     133       1       1    6.480223021204078        5.624233536747359        2.942632847726974    
     133       1       2    6.652032269347430        5.676500828886714        3.462657731055609    
     134       1       1    7.130194381209231        3.189387662027059        9.798370533975596    
     134       1       2    7.623020968279365        3.022102442564337        9.974841895709480    
     135       1       1    5.932858528666411        7.846120972934273        4.437271132714871    
     135       1       2    6.044938537412747        8.303451219590103        4.721294564276750    
     136       1       1    4.229638155337775        8.047352491471885        3.061871097448275    
     136       1       2    4.049440994477796        8.513039453881030        2.832348480238192    
     137       1       1    5.412416022904117        8.963861476571926        1.140038435274932    
     137       1       2    5.702178754053123        9.002069353786863       0.6747657431350624    
     138       1       1    4.688113648299931        7.960444024357847        4.317816061602518    
     138       1       2    4.600987061576706        8.370291653494865        3.961720380094548    
     139       1       1    7.421904269031153        5.437451332655356        5.096984116384946    
     139       1       2    7.824519076127081        5.147244573839817        4.858842827031683    
     140       1       1    4.634169792584070        9.186201050732453        2.771884634261457    
     140       1       2    4.927760753842142        8.941812891231324        3.167450556227033    
     141       1       1    7.432662948983405        5.265303516088043        7.840482838606872    
     141       1       2    7.065443034548090        5.301693907315032        8.248090028592914    
     142       1       1    4.231304781439781        8.250876434859345        9.486229947617387    
     142       1       2    4.593964039602509        8.626394862074495        9.657595252166399    
     143       1       1    5.908620748620534        7.274938283807068        8.454147693059641    
     143       1       2    5.808427756405557        7.144889712296503        7.929790345755793    
     144       1       1    4.079910473740498        1.485034013594819        3.607645268839760    
     144       1       2    4.558102604716046        1.756068228662627        3.621468712531074    
     145       1       1    4.721659113380547        5.962386905923463        8.773616637818305    
     145       1       2    4.375424707830819        5.687448654150816        8.445936805640278    
     146       1       1    5.002416744104058        8.790250745728684        8.772848767961959    
     146       1       2    5.356968601507063        8.826382978621693        8.353925245376166    
     147       1       1    7.608957968808980        4.837340606206598        4.192677230158330    
     147       1       2    8.096848925866201        4.770456406208021        3.947466779422184    
     148       1       1    6.943615022402120        3.269058418893655        4.027347127758884    
     148       1       2    6.512309354528959        3.016256865298534        3.797974255070508    
     149       1       1    6.594715245299951        2.810183754957267        5.034425187124021    
     149       1       2    6.575429948618777        2.366743932573247        4.710556238985406    
     150       1       1    5.373837274524085        2.152490298883113        1.972928262121434    
     150       1       2    4.918966877594794        2.450968123822677        2.056159510602282    
     151       1       1    4.713884417359015        1.249916818601235        1.444549787204733    
     151       1       2    5.085212254485174        1.104757532871242        1.823523992093552    
     152       1       1    4.552102405558959        1.116631759987378        9.522393422368381    
     152       1       2    4.543273369847605        1.044118739609939        8.977425465255072    
     153       1       1    5.610117404068835       0.1924991770539901        1.412114266045303    
     153       1       2    5.649321112060237       0.4284223970670923E-01    1.939957001160449    
     154       1       1    7.861736739877362        4.219118785396244        7.718473360950235    
     154       1       2    8.182480364187867        4.160505325451793        7.275496728211700    
     155       1       1    6.674459789251948        1.718228729862944        4.062784346348462    
     155       1       2    6.400806942115384        1.567168890359933        3.610631767088157    
     156       1       1    8.307093389038361       0.7521533961254634E-01    6.708751819084931    
     156       1       2    8.828227834104551       0.2159891013585395        6.814258034649479    
     157       1       1    5.215652189688644        8.368050674696772        2.704694181972183    
     157       1       2    5.228893167451777        8.228101156423728        3.236297291588702    
     158       1       1    6.929526851333131        1.796889524218888        5.487192966850897    
     158       1       2    6.433605867496177        1.571620718421957        5.562554762450164    
     159       1       1    8.355008502003193        2.636963008999968        3.521825995711089    
     159       1       2    8.021254307151883        2.966032457054301        3.809449399674991    
     160       1       1    7.944574429022343       0.1855329392463704        8.811031503090801    
     160       1       2    8.374595297330647       0.1463033635100417        9.152055719552319    
     161       1       1    8.062704333619823        2.303847500903249        9.043606252255071    
     161       1       2    7.706240188804144        1.953979730971913        8.814065488973402    
     162       1       1    4.393437612186407        9.657519463269654        9.556160791176012    
     162       1       2    4.359679879621884        9.213831430924964        9.879455979963337    
     163       1       1    6.578377350091462       0.8731568905857355        5.331641258407291    
     163       1       2    6.627556707487179       0.8878353315678221        4.783812384467748    
     164       1       1    4.522935558772564        9.812048544808274        1.725340864828933    
     164       1       2    4.496849075033489        9.274540436812583        1.612616324307252    
     165       1       1    7.721948903544458        1.153543268078749        6.433409020668130    
     165       1       2    8.097915326500814        1.539880749064695        6.324985513504011    
     166       1       1    5.475589715695243        5.982681755696107        2.700079602845169    
     166       1       2    5.497408231677698        6.530601666182520        2.659954587160604    
     167       1       1    6.274977442083025        5.321868540314264        4.742069789588509    
     167       1       2    6.573843842514175        4.885786943379570        4.893316799671225    
     168       1       1    6.466987684344014        2.258044024764340        1.995507461341939    
     168       1       2    6.189128604669578        1.785444460184680        1.952998159859586    
     169       1       1    5.904645694341196        9.498153863390703        4.743791136002812    
     169       1       2    6.202787379703924        9.082335758328181        4.945721182067398    
     170       1       1    6.399361034105098        6.503618377023443        3.540411324189956    
     170       1       2    6.054462726862606        6.866955053996162        3.313590454351095    
     171       1       1    7.922122806478858        3.624911223850154        8.687103714124122    
     171       1       2    8.454699680053706        3.551876022137325        8.570878095383069    
     172       1       1    7.147609533119319        3.196374989163952        1.981252484325852    
     172       1       2    7.124416186724496        3.709608539186214        1.785552716051781    
     173       1       1    4.911422656359512        6.303123774070731        6.958179657588103    
     173       1       2    4.399675025619072        6.474849097637698        6.851510722458279    
     174       1       1    6.860858884358478        4.444826840791934        1.938242037997949    
     174       1       2    6.591521755206649        4.467170512625404        1.459272259633421    
     175       1       1    5.279091884014986        4.947326060019257        7.471306714902385    
     175       1       2    5.467598082385271        4.779540419003154        7.959735462214717    
     176       1       1    7.109688025692891        5.149892010534714        1.167073990936651    
     176       1       2    6.591835796754400        5.288778267017763        1.289521751801749    
     177       1       1    7.522201701163756        1.254918066412638        9.612101258307685    
     177       1       2    7.950685505102221       0.9099486879461954        9.627674404198793    
     178       1       1    5.286227673550475        5.085384983091727        8.789049220181838    
     178       1       2    5.678710016459038        4.823234951366018        9.071150174572876    
     179       1       1    7.235988113084180        4.993296235101962        3.143379795506867    
     179       1       2    7.284957099372895        5.267029775707676        3.617940154693065    
     180       1       1    5.096009149730258        8.421087862496108       0.1232363755131386E-01
     180       1       2    4.555978715355416        8.522495783616144        9.987441699028585    
     181       1       1    4.557251641732316        4.717097053318793        5.321398571615386    
     181       1       2    4.064049785853602        4.799258830468921        5.549791922390140    
     182       1       1    4.585531403747567        4.044512826686685        7.575985269350288    
     182       1       2    4.433483841071926        3.954542376001414        7.054181293844930    
     183       1       1    7.717904391378583        9.571916843061192        1.212454543044900    
     183       1       2    7.273739731422779        9.556059207993805        1.535525470729315    
     184       1       1    3.664268005945429        2.627205926535538       0.9861594831915870    
     184       1       2    3.874972156724899        2.304555367211705        1.378504467152778    
     185       1       1    3.944584154155148        1.875567176702728        8.767879575954899    
     185       1       2    4.334146735696654        2.214215737688179        8.958015124469545    
     186       1       1    6.687453085666240        8.098050095700239        9.237298765137179    
     186       1       2    6.701472945466527        8.560204732118017        8.939866495383043    
     187       1       1    7.036326719758834        7.547562443090632        4.507225565968342    
     187       1       2    7.211880452114901        7.730949410404567        4.994953886407673    
     188       1       1    4.381674408483185        6.203329974450268        4.809188230419092    
     188       1       2    4.154032888925232        6.281159515743235        5.303942990483526    
     189       1       1    7.324300680319586        7.009778765586328        3.349277183894243    
     189       1       2    7.747545471098886        7.263885046576515        3.107320029501388    
     190       1       1    3.747016481382933        2.806488216405718        4.088170033781823    
     190       1       2    4.086894054950392        3.208205486520540        3.927858307819076    
     191       1       1    5.140924815263578        6.611706426146913        5.725820753760461    
     191       1       2    5.429676496463319        6.863943451673795        6.120113941631921    
     192       1       1    7.828183316002091        8.932007215632343        9.118759662464136    
     192       1       2    7.502756715435197        8.685298766235363        8.750383988615036    
     193       1       1    8.054610053284611        2.224323891661657       0.3144229948372782    
     193       1       2    7.902754749259261        2.103803230104576       0.8289720341662177    
     194       1       1    4.095997186163969        7.249268306947837        5.183655067411717    
     194       1       2    4.197743021444455        6.709686368273441        5.211014453037496    
     195       1       1    4.101139667387383        5.810781790193773        5.803245088624172    
     195       1       2    3.601433361547148        5.680251237943230        5.614493814292222    
     196       1       1    7.664666243453736        6.005776321023039        3.281935886343858    
     196       1       2    8.034341933841167        6.329289244950452        3.035098507669401    
     197       1       1    7.321993558696286        8.468526489966534       0.3064403991767256    
     197       1       2    7.673363531454515        8.816997823628761       0.5468258596112281    
     198       1       1    8.069674163464263        7.338837081833081        1.812996514985187    
     198       1       2    7.634628698195319        7.180966066413476        1.516735949939056    
     199       1       1    4.596506995634225        2.683589893030878        3.109698063341848    
     199       1       2    4.436547204431703        3.197755035596896        3.221827241927034    
     200       1       1    5.383622293582344        1.498731106282893        4.781902667876455    
     200       1       2    5.618319741450451        1.351822140650135        5.257626251795863    
     201       1       1    6.936115390345818        3.717005893582703       0.9473662270414953    
     201       1       2    7.044955223069310        3.591657034918789        1.471884278418010    
     202       1       1    8.515735443399208        3.509844759144490       0.1402716068226418    
     202       1       2    8.652944450758847        3.913738831360667        9.792829995582427    
     203       1       1    8.279413422799470        8.276152609130083        7.029719106123100    
     203       1       2    7.841783842011631        8.035466952045697        7.259433466417936    
     204       1       1    8.115174891471769        2.271642146311181        5.567027225370243    
     204       1       2    8.594295725215769        2.052513054352307        5.724021787619384    
     205       1       1    4.469276843512308        4.050562552646098        2.238850819652297    
     205       1       2    4.917489406917031        4.149194488834699        2.541247958208350    
     206       1       1    3.424841034655617        1.837640815965204        9.853973263066266    
     206       1       2    3.377055974588533        1.395810490911776       0.1778826027092476    
     207       1       1    5.287454161511558       0.9389484481200044       0.6023503913990722    
     207       1       2    5.019595675200992        1.030977009810512       0.1309723228012893    
     208       1       1    5.749794712370653        1.879563001113713        5.764527780454180    
     208       1       2    6.152273257057291        2.133130291629592        5.488692651976476    
     209       1       1    6.087439434624907       0.2669926850447580       0.1698450091518256E-01
     209       1       2    6.050716237200633       0.2107428050186388       0.5625507882636808    
     210       1       1    4.234188483211249        5.328227004433892        9.645758225040291    
     210       1       2    3.904316229864431        4.967861873427712        9.898057378227040    
     211       1       1    5.142183014750622        8.907013096704405        4.090063163656314    
     211       1       2    4.812810489635720        9.297681377535230        4.293303766052876    
     212       1       1    3.644738493081339        3.355907130445768        3.108927570837561    
     212       1       2    4.025675750534522        3.639870095477802        3.385345834520530    
     213       1       1    5.654205250520399       0.6787584366605508        6.116966541417322    
     213       1       2    5.168885887867737       0.9132731590348424        6.009155700833607    
     214       1       1    3.306690171894001        3.819432974403845        1.382951457307866    
     214       1       2    3.746358152363273        4.104583175305875        1.549081986434683    
     215       1       1    4.499442799928604        5.058187734700028        6.755368384461578    
     215       1       2    4.508832191741376        4.524454494083428        6.888392398099763    
     216       1       1    4.060438118330322        3.909658415846506        4.623421268584459    
     216       1       2    3.939464758861885        3.817137623822628        5.151990175307732    
     217       1       1    6.077772851025562        8.358552196505119       0.2251817028554195    
     217       1       2    5.909852933003227        8.779400402009506        9.913881828317287    
     218       1       1    4.620922871019342        2.626138312132721        5.623865458016887    
     218       1       2    4.606806602665523        2.103898449163868        5.452172358805791    
     219       1       1    4.090092641343877        2.759333104678678        1.884433943693496    
     219       1       2    4.055592888717139        3.278836648609538        1.707337171857263    
     220       1       1    4.281380657495986       0.5795526652980612       0.3745280020488923    
     220       1       2    3.800980514476926       0.4860517320721937       0.1241622086509934    
     221       1       1    4.488585073636349        5.489178800129334        7.796428836383418    
     221       1       2    4.636479590384870        5.858212139007311        8.176995399802212    
     222       1       1    4.137067945180882        1.583884246058355        2.208683738127026    
     222       1       2    4.053247737945446        1.040779704903162        2.196758140377935    
     223       1       1    7.068101696370119        5.641103540642744        2.041739120046073    
     223       1       2    6.582367199972545        5.475858113694993        1.843353504936090    
     224       1       1    3.716205237901939        1.543170752461207        1.028519397326423    
     224       1       2    3.915310532033131        1.240392480444205       0.6149407392941973    
     225       1       1    3.469283049131977       0.5496151621816220        1.500762291742272    
     225       1       2    3.191468622668916        1.023331421755832        1.467979416585631    
     226       1       1    7.651244528266876        4.192424825883572        9.465528798782264    
     226       1       2    7.893148714558151        3.726124699736319        9.303003990050021    
     227       1       1    8.090130952193487        3.284313788946014        4.747020260682556    
     227       1       2    7.727486046580582        2.873612584463828        4.700319623497062    
     228       1       1    3.477381709024074        4.216364133558209        2.289174409871099    
     228       1       2    3.101187973040580        3.919538763460942        2.558364255935293    
     229       1       1    3.293531364461950        2.150908413675113        2.853280319603234    
     229       1       2    3.503449031766096        2.092609231364267        3.358160042645383    
     230       1       1    4.102783751230187       0.2448932467231875        2.633490916924640    
     230       1       2    4.050949306977439       0.7337327398739991        2.387082928481266    
     231       1       1    7.490654612656423        9.165583664978435        7.076447259596415    
     231       1       2    7.425419509212887        8.923310038757656        7.565790150542047    
     232       1       1    2.813832714445366        3.331970319818189        2.531132759137839    
     232       1       2    2.945930910603033        2.809135062011194        2.424908654922045    
     233       1       1    3.111375824426135        3.943425111471281        4.283092127708583    
     233       1       2    3.168030523928659        3.472097857080336        4.005587856144672    
     234       1       1    8.155364273625809        1.233779112083624        8.749255125779971    
     234       1       2    8.146626839715751       0.7497106336581728        8.488051569861543    
     235       1       1    8.863333711149274        2.843417646860439        9.409997985083706    
     235       1       2    9.060836578121997        2.357763793304073        9.244411784648836    
     236       1       1    7.857311145421237        8.499747522502155        5.004598899895072    
     236       1       2    7.945376338453729        9.018866405335654        4.846229748736380    
     237       1       1    4.114610963629615        1.886819191693711        5.029320537970995    
     237       1       2    3.607227500335793        2.088226943913867        5.097111491114249    
     238       1       1    3.150461012214842       0.9615440244637514        2.825279448978696    
     238       1       2    3.036399976153386        1.499784916938951        2.831097874375273    
     239       1       1    2.262896153838365        2.334161275256555        2.863988277009846    
     239       1       2    1.726240908839951        2.327272850375885        2.984019371834592    
     240       1       1    7.417359623853637        3.414203145055080        5.493205056392787    
     240       1       2    7.441087655070990        3.926785607684681        5.294681411515574    
     241       1       1    8.427671805376244        4.639589793299293        8.603173810354358    
     241       1       2    8.586266212839680        4.254392181326432        8.962749722960961    
     242       1       1    7.816630864842724       0.4778612958015552        5.577092945647302    
     242       1       2    8.226229896799939       0.3111757644874296        5.249571817371688    
     243       1       1    6.981390916980697        7.196876641813007       0.2501100549341526    
     243       1       2    7.107734857419765        7.427556512213005        9.767204937826726    
     244       1       1    6.041302592108448        6.615867024490879        9.240198113048757    
     244       1       2    6.499381462621219        6.608645808639913        9.545504038342079    
     245       1       1    2.947297952603624        1.858556090130005        1.930555984541787    
     245       1       2    3.087110399275814        1.551714858908591        1.496250079268857    
     246       1       1    8.347118405480570        9.350525645403241       0.2914544930435329    
     246       1       2    8.341525364157292        9.869191546121288       0.4746294807672252    
     247       1       1    7.329544531945505        7.673327224876878        5.775160765266884    
     247       1       2    7.535448559990235        8.012634797497745        6.155914755025178    
     248       1       1    7.770957570201587        5.897169430229602        8.695366731992342    
     248       1       2    7.499566329795291        5.717233371060542        8.252498710016422    
     249       1       1    7.685217933813141        6.332843583581591        7.733183506922333    
     249       1       2    7.316434862129900        5.932761555865667        7.652406278723121    
     250       1       1    5.683435412316189        6.016924734619727       0.8506351522090918    
     250       1       2    6.148191075962440        6.307373457740845       0.9043936060305396    
     251       1       1    8.077953360069143        3.194847245918144        7.651891071699876    
     251       1       2    8.324702406247090        3.631900233333372        7.426440170701699    
     252       1       1    4.654282704760062        8.495846106845445        1.777716934027362    
     252       1       2    4.310384132734091        8.909290215517258        1.892186775222365    
     253       1       1    6.565704921224341        7.055931758583152        6.503838351187632    
     253       1       2    6.440739778625629        7.365295837703997        6.067518369214890    
     254       1       1    7.180121365344276       0.7099050457899704        4.002042443639954    
     254       1       2    7.588559729740961        1.077072031965172        3.975275130422122    
     255       1       1    9.299440798805248        2.804783506484015        4.261491092416756    
     255       1       2    8.866635269614065        2.470556483090594        4.315488065624279    
     256       1       1    8.170880313314706        4.557048581114071        5.464106020643000    
     256       1       2    7.969730501506145        4.048629911510593        5.403708302023027    
     257       1       1    8.118486130316382        6.267425021194942        6.811127009099732    
     257       1       2    8.042502657487697        6.060760766456959        6.307035805915781    
     258       1       1    2.233910754755612        4.094227597750659        2.948426727316186    
     258       1       2    1.961733714530399        3.812516007255452        3.334687204571040    
     259       1       1    3.121325390477310        4.619935123605223        3.539383789630747    
     259       1       2    3.459069639508931        4.188047555035642        3.584662311459837    
     260       1       1    8.499641294915119        1.452518420619001        9.765356752402090    
     260       1       2    8.111343214128784        1.065346316754518        9.729770732292231    
     261       1       1    3.433358711127787        3.690356768422039       0.3672925565496287    
     261       1       2    3.840799270639516        3.926931852815452       0.8305022019571695E-01
     262       1       1    8.570706768121553       0.3636335037909528        9.629234327159255    
     262       1       2    8.325811069573783        9.873145935464795        9.582032844280279    
     263       1       1    9.299917192922692        3.339591866178300        6.682385890562574    
     263       1       2    8.837581073532965        3.232911084590784        6.404086366615870    
     264       1       1    8.184593092818572        3.704103904305379        6.692673214547965    
     264       1       2    8.205390558391263        4.174289469426234        6.977417136799474    
     265       1       1    1.853205618368060        1.964506569596262        1.997124292225434    
     265       1       2    1.644777122721141        1.741462698982211        1.539771047046743    
     266       1       1    1.757308029872881        3.123060259324849        1.993322488734929    
     266       1       2    1.297776458473698        3.005601290417253        1.714389859991943    
     267       1       1    7.994077613122233        6.311824648754364        1.132687475722753    
     267       1       2    8.292950309889441        5.947826989439593       0.8496242009573332    
     268       1       1    8.857528225254454        3.957032660238327        7.598232002891430    
     268       1       2    8.596726687895991        4.192975241006912        8.020437709949235    
     269       1       1    9.019827633318162        4.075114450816827        9.341898184124693    
     269       1       2    8.549693718695721        4.360394986371595        9.340666573291601    
     270       1       1    8.656608904975375        3.452724345317765        5.836505790305945    
     270       1       2    8.163968449612620        3.325031427264479        5.629276683278307    
     271       1       1    2.429533104272501        3.642842248516616       0.5250797527720615    
     271       1       2    2.251279116703092        3.226197169578588       0.8368785590458602    
     272       1       1    6.426928757473584        8.750856401823734        6.137730318552119    
     272       1       2    6.277837004071378        8.514726688887183        5.663544854049777    
     273       1       1    2.284070185202409        4.165717672536301        1.706880900325654    
     273       1       2    1.893686099087255        4.546176380107602        1.777474425497038    
     274       1       1    3.368321981167330        4.948458570975596        6.101845912986076    
     274       1       2    3.688892293194129        4.846560465847545        6.537253801828006    
     275       1       1    8.710112757642081        4.068951354987465        4.641354133006976    
     275       1       2    8.587446822916704        4.365032249603356        5.088233949972661    
     276       1       1    7.873083800287422        1.308062899818292       0.8331233486412070    
     276       1       2    8.164781508254830        1.222006015975341       0.3746256565147285    
     277       1       1    7.804816957816005        4.625834692451791       0.5468406395931708    
     277       1       2    7.603719826605132        4.538427276305249        1.051274629759165    
     278       1       1    8.027002320069782        3.604777849171986        1.537812879001919    
     278       1       2    7.672598510311126        3.829204658125102        1.893401047479938    
     279       1       1    3.494769290948515        4.483950739661401        7.517995370302483    
     279       1       2    3.199113367903073        4.945185639934687        7.468639079725917    
     280       1       1    8.788616072217376        3.798361337966557        3.646266661483032    
     280       1       2    9.253197305124729        3.613584162015780        3.416503829099613    
     281       1       1    8.692994851159520        5.045759052207147        3.081024803690896    
     281       1       2    8.672616337133075        4.501423221848271        3.160714430802769    
     282       1       1    9.410766020964934        4.624023182776565        3.668749442715094    
     282       1       2    9.808183032959235        4.825481400697446        3.992078256348065    
     283       1       1    5.943500272035761        2.641390017609990       0.2357179171118184    
     283       1       2    6.230300219474286        2.550775780646358       0.6959472746832346    
     284       1       1   0.5765972544109892E-01    3.835914292258532        4.246370010002452    
     284       1       2   0.6064376546835953        3.839443766414653        4.202809203029441    
     285       1       1    9.635258991598914        3.201267267102017        3.116970041861180    
     285       1       2    9.162611800400592        3.057934753321785        2.874536758417500    
     286       1       1   0.8194181612638853        4.172215644751661        3.319294243954934    
     286       1       2   0.6498920551463175        4.687602958660532        3.408249442612763    
     287       1       1    5.289084815184576        7.318190117611299        6.579974478315929    
     287       1       2    5.107870432256618        7.784522149534181        6.808938147639571    
     288       1       1    8.038614727680274        6.245750571495909        2.263341386158745    
     288       1       2    7.951469587719704        5.706481704233382        2.326643928702661    
     289       1       1    7.783515321370964        6.451441407379960        9.701325169072105    
     289       1       2    7.740057064718632        6.730692692236929        9.229104230403362    
     290       1       1    7.362512565572195        1.402060941409951        2.138570950169071    
     290       1       2    7.047416335129863        1.087351123213057        1.816160796400071    
     291       1       1    8.037852093061348        8.220328047375039        1.075056224406028    
     291       1       2    7.948007228103096        8.607108474667976        1.456096007613042    
     292       1       1    7.935427413857986        9.860155097398849        3.429606074078082    
     292       1       2    8.030503928826056        9.581965127237336        3.894402605491726    
     293       1       1    7.493104944008903        4.251730401492695        6.135735842479654    
     293       1       2    7.220202276490079        4.163290371331150        5.666092349807971    
     294       1       1    1.238258019405897        4.354565577062282        2.075481542054238    
     294       1       2    1.570310890027573        4.068220604712862        2.407567691924359    
     295       1       1    8.159583924328514        7.465836826338150        2.802229500590761    
     295       1       2    8.458370311258676        7.095379098493620        3.078302580250694    
     296       1       1    7.968913392310644        7.302816609521816        7.760416439869562    
     296       1       2    8.258701631226637        7.506105512416961        8.181097566029861    
     297       1       1    8.313599985687507        6.736632133989099        8.561203629731423    
     297       1       2    7.780386308398977        6.646774026080974        8.661973838297703    
     298       1       1    8.152110843899264       0.6464541966667259        1.705412896255985    
     298       1       2    7.829518726353960       0.5658714915295169        2.143404229489237    
     299       1       1    7.796194723476270        7.726276385149896        9.341674281605618    
     299       1       2    7.359852023361914        7.793038342470952        9.013175214961434    
     300       1       1    6.473367760757583        5.953485466143124       0.2500699347301888E-01
     300       1       2    6.205555357048975        6.248328129583709       0.4050036035122713    
     301       1       1    1.669658370684848        3.098436398494330        3.305116427208346    
     301       1       2    1.218806096685762        3.229096926190333        3.591570102676283    
     302       1       1    8.544697271709941        5.335890496760395        9.582456001549895    
     302       1       2    8.179868128191927        5.331525500112921        9.994454979615263    
     303       1       1    5.167037322165370        6.824517601773879        1.143829972446101    
     303       1       2    5.544342405833022        6.866303991023817        1.541665175136903    
     304       1       1    8.206346969612751        1.994916327722126        1.685876147060144    
     304       1       2    8.595439909343488        2.199482726815627        2.016235571931966    
     305       1       1    5.784364127647686        7.249118012237942       0.1492838560617394    
     305       1       2    5.625137736303575        7.673251638850090        9.836872874381227    
     306       1       1    8.339805338894841       0.4351045515975788        7.803397275525263    
     306       1       2    8.682482903115218       0.4716922068791605        8.232870902572968    
     307       1       1    7.358748393871949        5.180754087788600        9.335406805237310    
     307       1       2    7.530091845564738        5.701462847679280        9.378787514350263    
     308       1       1    8.717220367271862        2.783894890938193        2.533672614144735    
     308       1       2    8.736602618802609        2.338260903530720        2.855877304217716    
     309       1       1    7.590569538642062        5.591483791489425       0.2272051880293943    
     309       1       2    7.765613184958616        5.081418343082717       0.1158179082601462    
     310       1       1    7.731263691340081        6.505794442769248        4.439046845534490    
     310       1       2    7.602909511519830        5.985227853470449        4.316853207052289    
     311       1       1    8.901110314983056        1.479043329630605        1.008070572102092    
     311       1       2    9.382538350078708        1.703161875673737       0.8646454597513673    
     312       1       1    4.883814435465743        9.808912533823253        3.702643312196042    
     312       1       2    5.206775804859542       0.2531965767456908        3.673579270215975    
     313       1       1    8.882452165152424        1.918932394106583        4.017905117625369    
     313       1       2    8.395485463342380        1.665295264451323        4.027330710006414    
     314       1       1    8.106234618473431        9.455028057788427        8.133601797496743    
     314       1       2    8.294533617063129        8.969971302012738        7.953386380079145    
     315       1       1    8.750080787599646        8.244766390094917        8.233817062423199    
     315       1       2    8.253007023136719        8.377745059050930        8.038632889478601    
     316       1       1    9.309343868779138        3.342217568745728        1.327245589322523    
     316       1       2    9.762321791080643        3.609465361396226        1.489210454738070    
     317       1       1    4.333445015354422        4.393115936462159       0.1550446402056296    
     317       1       2    4.720672093931622        4.307186771583605       0.5358982147298461    
     318       1       1    3.597674728786793        5.869481939495469        7.047848721148569    
     318       1       2    4.008161473745384        5.805044690345817        7.408294711062026    
     319       1       1    1.884548885793270        2.068973987642335       0.9780921467586692    
     319       1       2    1.948874914032137        1.576327216796201        1.212510786446501    
     320       1       1    8.779506373700798        5.943534559407317       0.4290769455477041    
     320       1       2    8.245176429874245        5.956634317402077       0.5601586855175277    
     321       1       1    4.518326155425186        6.660995153877169        2.956598042765141    
     321       1       2    4.459574111556297        6.286154373027396        2.559315569302787    
     322       1       1   0.7362408056307956E-01    4.785879290746645        2.616916237128812    
     322       1       2   0.1754660754181457        4.253312688209298        2.522873585401015    
     323       1       1    1.029151401560031        2.444655890674540        2.828292348693868    
     323       1       2    1.265841967568638        2.855864618816826        2.551388511181034    
     324       1       1    9.127363338049070        5.518836207619370        2.081754179842718    
     324       1       2    8.884088080984956        5.151775491901697        1.751152083440194    
     325       1       1    9.948697215278409        1.997413243663357        1.162748367430522    
     325       1       2    9.745859026256106        2.313320527088322       0.7611259547558765    
     326       1       1   0.6873780257244622        3.526318819349195        2.489634276971304    
     326       1       2   0.2155820733944917        3.762840988316983        2.645609781569158    
     327       1       1    3.396318955568808        4.826252197397935        5.080305319888482    
     327       1       2    3.013206391516821        5.020684904761131        4.736096198069400    
     328       1       1    8.800648774617899        6.707345118365743        9.483642399375309    
     328       1       2    8.734220454407453        6.263212996242598        9.165984131921466    
     329       1       1    4.042278470415994        4.779116050822056        2.993205513907978    
     329       1       2    3.861666997141762        5.255643042406806        2.786144265669044    
     330       1       1    2.640059856065270        2.702387749228496        1.400761154311213    
     330       1       2    2.489777650483803        2.743190068570089       0.8727368524155049    
     331       1       1    9.709053309764391        2.094190672974634        3.365609279064541    
     331       1       2    9.898667682148783        1.685128811977011        3.680631169104091    
     332       1       1    9.388526404806253        1.164466396902702        2.307840101515624    
     332       1       2    9.812079583484495        1.513969215349571        2.339829525371319    
     333       1       1    8.241105657232755        7.321634950088478       0.5056676382938767    
     333       1       2    7.942978403834271        6.860396537006604       0.4751738487207980    
     334       1       1    9.494490954220822        4.849942444588469        5.009125103453429    
     334       1       2    9.567361530637726        4.377920640502174        4.736295670137439    
     335       1       1    8.567873165236945        5.580943033245968        4.699857999326074    
     335       1       2    9.038974874001507        5.863983633746783        4.684836650657562    
     336       1       1    4.876384781746406        6.994210937449766        7.880086335207403    
     336       1       2    4.587226083707355        7.435328474121121        7.725025472322062    
     337       1       1    8.173501702494734        4.943442014030368        1.948238586040209    
     337       1       2    8.299897276617747        4.483093942361068        2.221508873963786    
     338       1       1    9.135018055155950        1.910525299478864        8.930141829106075    
     338       1       2    9.370013975166724        1.802586007700344        9.416130780461121    
     339       1       1    2.896707625877964        2.670847800189948       0.1946026001023211    
     339       1       2    3.242434243674374        2.585862753044560        9.776223077568119    
     340       1       1    1.951321297735084        4.327688872242129        3.880227734746359    
     340       1       2    1.781337527104070        4.434044672138921        4.392107126969217    
     341       1       1    8.541467016454398        8.401712728495452        9.930424263058978    
     341       1       2    8.280359487455218        7.976226799489536       0.1613838094971354    
     342       1       1    8.757253376430036        9.376858655265423        9.064201348469888    
     342       1       2    8.440569099261795        9.409105619036941        8.615575716320492    
     343       1       1    9.168580257212783       0.7942616024663594        8.703669782873170    
     343       1       2    9.182009984585379       0.5347400241320689        9.188464504765422    
     344       1       1    8.599338576876287        9.234785195165234        7.257542099160201    
     344       1       2    8.963823815992622        8.855769149952419        7.417928814849538    
     345       1       1    3.285965627810501        5.712778450467630        3.243358253864380    
     345       1       2    3.378566968777467        6.253539473765257        3.283311516969159    
     346       1       1    2.548585009923263        3.114672175862627        3.974674791081389    
     346       1       2    2.834985923228623        3.005340211761475        4.431753863533789    
     347       1       1    4.537454417003039        2.882042944734080        8.095928188276384    
     347       1       2    5.042493735093965        2.679420339856762        8.177132981825169    
     348       1       1    3.980186849957892        7.036910598857509        6.194319077609562    
     348       1       2    3.674963785971358        7.169225056423324        6.632508819958744    
     349       1       1    9.746019346058150        3.634194676899462        5.393120941771083    
     349       1       2    9.441769186308356        3.284020863350966        5.096504729600238    
     350       1       1    3.939078075785305        6.574786753057663        8.020142950536821    
     350       1       2    3.477703892840321        6.843850526640811        7.886155208837917    
     351       1       1    8.897613678550819        6.764644668881640        7.671690417909597    
     351       1       2    9.304291775361385        6.744888311461522        7.301831728103086    
     352       1       1    3.912743975117213        7.105610963909495        1.759007016066884    
     352       1       2    4.006681473006750        6.920154183054935        1.249603934867553    
     353       1       1    8.946680905098971        6.683782317395305        5.512829779361303    
     353       1       2    9.425639952057198        6.952922259888878        5.547774831399543    
     354       1       1    1.957563016900322        4.931622584349137        4.996876029163797    
     354       1       2    1.431162185263265        5.061688778862452        5.088702006198277    
     355       1       1    2.435067193985640        4.328811826733025        5.939825043580264    
     355       1       2    2.542037022570514        4.001171951120535        5.511003341177667    
     356       1       1    4.195517440874392        2.875414478354136        9.465010568607260    
     356       1       2    4.068926443950534        3.116993788751280        9.942634467492962    
     357       1       1    8.915468986836897        7.304588904924159        6.773086604521942    
     357       1       2    8.656504693149891        7.697079874491084        7.058280212383871    
     358       1       1    9.804961884168863        2.394359736974454        2.333278643960006    
     358       1       2    9.770436505086158        2.154863995855369        1.838960903862280    
     359       1       1    9.016745538371865        6.582648481800958        1.515594086425311    
     359       1       2    9.478387617869041        6.373301961370413        1.301964408546220    
     360       1       1    8.335525651367847       0.7639353607932099        4.300687005373153    
     360       1       2    8.608852808855634       0.3142263141212465        4.140996370448187    
     361       1       1   0.8176848174880447        2.360715440654774        1.612571892356859    
     361       1       2   0.6846539318384647        1.890235913284443        1.864621118180417    
     362       1       1   0.5891491834437833        4.775205548033544        5.108791900277338    
     362       1       2   0.1710630825705335        4.426177642228793        5.029521645979400    
     363       1       1    8.601019365578756        6.732255354168689        3.549740038905305    
     363       1       2    8.603059643905615        6.242110532500411        3.800365506539099    
     364       1       1    2.755365546014080        1.207845568470461        1.013811494778700    
     364       1       2    2.326069110954743       0.9535296158225217        1.246035970371657    
     365       1       1    4.295773574217690        6.760931366021063       0.4358506735611560    
     365       1       2    3.865239646157971        6.419029490794244       0.4179437208490629    
     366       1       1   0.7782435806200696        3.388682081845378        5.423027260917357    
     366       1       2   0.4005793516586592        3.688109571486983        5.158380017255540    
     367       1       1    4.186724593069040        7.149372328880031        7.171786052232167    
     367       1       2    3.755556695104002        7.374459178875646        7.428696527364697    
     368       1       1   0.3400121967014726        2.695853826000193        4.279934944225644    
     368       1       2   0.2914886027346829        3.110159905134342        3.921340898652478    
     369       1       1    5.314481728678516        1.292700364510035        8.567811994568958    
     369       1       2    4.858800512150746        1.144339423692588        8.837881274649147    
     370       1       1    9.142595663289100        4.273774847759243        2.394187727748939    
     370       1       2    9.322188694829764        4.792137934480306        2.430713370717863    
     371       1       1    4.955501964096956        3.547656972365682        9.532716716089606    
     371       1       2    5.047482753898016        3.654085600948734        9.000633337928049    
     372       1       1    8.951222127322005       0.6477226967310029        3.253074121837916    
     372       1       2    9.127692951216103       0.6287436837020034        3.774185510457586    
     373       1       1    9.660722246522507        2.313028213252599       0.4133547836666101E-01
     373       1       2    9.352205272224188        2.764121286185958       0.1034347832179254    
     374       1       1   0.5856207363458589        1.384900040757918        2.239073938143437    
     374       1       2   0.8197855501729709       0.9395520247951394        2.017779718539351    
     375       1       1    3.985041234385284        4.297003386021302        9.210428103009795    
     375       1       2    3.948422597111555        3.751015490967492        9.157335468274681    
     376       1       1    2.532805169695333        5.207649430452862        4.110847859091619    
     376       1       2    2.171885367066820        4.815862628399661        4.246871870985518    
     377       1       1   0.8992787757029025        2.120723833115603       0.1528129195936850E-01
     377       1       2   0.6218234889826348        2.502988915860814        9.733937188788616    
     378       1       1    4.261041804347580        5.781707303744426       0.6450056320042944    
     378       1       2    4.314273612605801        5.900224151526523       0.1109089381667402    
     379       1       1    4.787182766196713        1.367671813824813        7.491607965278790    
     379       1       2    4.458004130684067       0.9740768152022420        7.689059065517612    
     380       1       1   0.8596033017005096        1.364225529463343       0.7371852361394008    
     380       1       2    1.158681203487597        1.567775827617828       0.3230119609750163    
     381       1       1    4.867467143522908        1.866486282046127        6.251634973445674    
     381       1       2    4.805191079569222        1.456361009030465        6.612477074009776    
     382       1       1    7.317199436767432        3.613674912027641        3.093858227352860    
     382       1       2    7.111547030987301        3.593835016317091        2.584067775260631    
     383       1       1    3.047248878901209        3.667073928662195        9.171833273530584    
     383       1       2    3.059282764172004        4.150436936125737        8.909550214469064    
     384       1       1    1.811219783818808        1.323411222618651        3.070940001020713    
     384       1       2    1.685010534277323        1.083709535805989        2.592529235387738    
     385       1       1    2.732182173997141        3.662925263192202        6.742860498925954    
     385       1       2    3.250124837868305        3.787892340961245        6.607283360661066    
     386       1       1    1.746071684673914        3.612422515006010        4.877472962045521    
     386       1       2    1.905311086878549        3.112887951112281        4.711557774863786    
     387       1       1    2.184670324002064       0.8627137029801359        2.207774837275267    
     387       1       2    2.288706779213771        1.090681199175340        2.697293221335064    
     388       1       1    9.509679699839062        6.693681985393461        4.429940932992256    
     388       1       2    9.941390350613009        6.972726683368604        4.625337421233048    
     389       1       1   0.2836558147782320       0.9257134284885425        3.314443865412110    
     389       1       2   0.6933288279626467       0.5614962373889383        3.270456689520062    
     390       1       1    8.983135461439328        7.761159993305653        1.013442711348094    
     390       1       2    9.316459371841416        8.040971858130799        1.349629419479716    
     391       1       1    2.904388568489560        1.809161941794477        3.723764613022882    
     391       1       2    2.566458047943051        2.149213542295526        3.993445794842179    
     392       1       1    8.777095332776931        9.632464076800538        2.426942580878196    
     392       1       2    9.035081411068992       0.1087570541356676        2.522677619387022    
     393       1       1    8.222633569934297        8.614552744756098        2.872566509865985    
     393       1       2    8.724880242930549        8.803051061383949        2.752750771836660    
     394       1       1    3.535167778939230        2.807746696352770        5.273571725832469    
     394       1       2    3.679905587181139        3.174556995510895        5.656876021352226    
     395       1       1    4.381222818284950        7.772845971674816        1.047286045684507    
     395       1       2    3.923894979137132        7.823860745585072        1.348652233058991    
     396       1       1   0.2882774585971377       0.7689302959156786        1.422143894619152    
     396       1       2    9.759533377897007       0.9166298803056696        1.394690718437979    
     397       1       1    3.551383157197060       0.4668505410015351        3.705217824674127    
     397       1       2    3.193002810448953       0.8768446432219752        3.780920514278595    
     398       1       1    2.069007028875739        2.414446349716673        4.534654837525292    
     398       1       2    1.659300677171860        2.053748333634995        4.467881652523526    
     399       1       1    2.847285555669026        1.263668847324886        4.819454127460758    
     399       1       2    3.058325764674769       0.8579550830121560        4.512784017741493    
     400       1       1    5.279347631064059        9.334692935386954        7.356144899637794    
     400       1       2    4.961795806516347        8.942603665540396        7.137168072691944    
     401       1       1   0.3382102857819017        5.156471710494868        3.685507386903094    
     401       1       2   0.8260252888584446        5.297397332692789        3.897017574197165    
     402       1       1    9.007074857512551        4.455309374472900        6.308301449844413    
     402       1       2    9.283128007725786        4.859681056486073        6.056376092628417    
     403       1       1    9.761749620784093       0.8696655677772666        4.453989042047323    
     403       1       2   0.2473866972455547       0.6560701135581772        4.310354675433823    
     404       1       1    4.742025913295014        9.198192728823733        5.670676190564101    
     404       1       2    4.403632194822495        9.235858409941631        5.239155467132286    
     405       1       1    1.345100099215986        2.882918444210322       0.7132409067852481    
     405       1       2    1.383299959788335        3.375593346783078       0.9546978107508194    
     406       1       1    1.223804092351843       0.9960611211047254E-01    2.642363689026168    
     406       1       2   0.7099007664638827        9.905296360803137        2.605822250173970    
     407       1       1    8.522585779529720        5.576679574337186        5.955733695781372    
     407       1       2    8.135164186271114        5.428722866632537        6.317033196561303    
     408       1       1    8.779663086733132        1.280480320577348        5.434866345447589    
     408       1       2    8.803217122720673        1.503523544694615        4.932932655955071    
     409       1       1    9.446974899717238        5.997286094466040        3.126649543903641    
     409       1       2    9.646107583634020        5.857807894907621        2.633667644610279    
     410       1       1    2.905483261407832        6.344034026394075        6.264521590675773    
     410       1       2    3.443421180043993        6.295162039919303        6.371397730186065    
     411       1       1    3.433551839869890        7.470461097092954       0.3870823303482565    
     411       1       2    3.594727333040371        7.926828954248895       0.6491908213266198    
     412       1       1    4.163579462228116       0.3582706442529379        8.368483736013891    
     412       1       2    4.581815003904184       0.6305905353541481        8.599051317588250    
     413       1       1    2.601037258295914       0.3636600961439214E-01    3.907492064788585    
     413       1       2    2.221127473681601        9.755699136916384        4.189305246996018    
     414       1       1    3.831455978830062        9.133385102084508        4.505778516335274    
     414       1       2    3.580812126554472        8.739112937488104        4.215695543363819    
     415       1       1    3.471285733063281        5.829414057169190        2.210356066919165    
     415       1       2    3.199368593412214        5.534155526175786        2.586351671261900    
     416       1       1   0.2285775894546561        6.520868307265127       0.6059950306546721    
     416       1       2    9.766142347641559        6.527865979103495       0.3075746871710255    
     417       1       1    3.850244574815649        1.712478355026870        6.051626571399790    
     417       1       2    4.071314587068267        1.343172802454048        6.394144414688412    
     418       1       1    3.586288810322087       0.6782604118940349        5.589708704881882    
     418       1       2    3.398157709344373        1.171730616666262        5.745535629423787    
     419       1       1    2.841766862353972        7.955169057570399        1.163255354437129    
     419       1       2    2.661535190160977        7.928709481806362        1.682202038244208    
     420       1       1    2.703621087685747        4.908108550870243        2.336698453207273    
     420       1       2    2.696321356483739        4.379401483496443        2.185580742463577    
     421       1       1    1.629177516312187        4.521888695066326        7.151408523967246    
     421       1       2    2.122593543276075        4.540599950263982        6.909169512432027    
     422       1       1    3.534041188916249        6.519595108054092        9.321612084600018    
     422       1       2    3.539805772760712        7.060219589774003        9.220296844643052    
     423       1       1    9.508787014381351        7.506605192494107        8.540594073355201    
     423       1       2    9.847563035694639        7.455154586811744        8.109890975669888    
     424       1       1    3.474303905009392        7.153427071709615        2.871275899446794    
     424       1       2    3.393094856077199        7.432430096036279        2.404226393187058    
     425       1       1   0.2049656142129092        5.071225938373156        1.186980438361077    
     425       1       2   0.1391206841544522        4.717841379756757       0.7710185410668801    
     426       1       1    9.052703443202468        4.937635950625653        1.120101652864712    
     426       1       2    8.895942469077037        5.464573146862339        1.122022407134534    
     427       1       1    9.580886296273322        4.546548120277270       0.6767792684279098E-01
     427       1       2    9.367873564385993        4.920513630639621        9.725238737264885    
     428       1       1    9.801300902467053        7.893006229970661        7.302849510290566    
     428       1       2   0.2619720474828919        7.611748820859986        7.194206521425397    
     429       1       1    1.528528164857212        5.819385050225443        6.012138182051286    
     429       1       2    1.978356744894061        5.657527275242558        5.738926736784363    
     430       1       1    9.651280253186094        2.032121743077364        5.696474312781304    
     430       1       2   0.8182873915665725E-01    1.700617116878342        5.611288095710958    
     431       1       1    8.904303198169531       0.1937699955705717        5.541285165329414    
     431       1       2    8.441601505545277       0.2262926804476960        5.244975461981984    
     432       1       1    9.479893123143698        5.834792528067478        9.416386799240293    
     432       1       2    9.116193835590362        6.140849867105551        9.693047166657800    
     433       1       1    9.547933767124601        3.403553163896603       0.3146163516247862    
     433       1       2    9.675910749982622        2.897792629258797       0.4887352733619137    
     434       1       1    2.492885170435650        3.509020331273462        7.936723778732146    
     434       1       2    2.219100074024527        3.101159545152289        8.185000482864004    
     435       1       1    9.382238079556387        8.955487530313647        1.566325013124212    
     435       1       2    8.970064678331465        8.928665939753843        1.929596988525396    
     436       1       1    9.214414081341346        7.133317581438112        2.668566008768929    
     436       1       2    9.207038786374993        6.835872812779605        2.205317535828899    
     437       1       1    1.348025170775662        4.574899273768729        5.938712063635695    
     437       1       2    1.496765702252318        5.027255068774207        5.663955826027697    
     438       1       1    3.368241204107874       0.5075958403183167        9.326164197433025    
     438       1       2    3.813773896316164       0.7996185383782641        9.189049725399613    
     439       1       1    8.647379402484852        5.501901195586440        7.544600380079917    
     439       1       2    8.696561692909714        4.977839552026459        7.703285594076918    
     440       1       1    2.554038844969736        7.323318262529336        9.803588466433085    
     440       1       2    2.246946614307566        7.175177267981062        9.371933949428152    
     441       1       1    3.884024397207044        7.438467781852339        8.962095853302621    
     441       1       2    3.738109826318102        7.668031545518784        9.440202986551197    
     442       1       1    9.417187846198367        9.859718516650606        6.527594690189852    
     442       1       2    9.902551682816158        9.643104155245229        6.384690245422499    
     443       1       1    4.729227645950456       0.1138681083521000        4.912121117517456    
     443       1       2    4.618106352712624       0.5700617085300429        5.199330934607064    
