         347          14         343         391
         347   1000.0000000000001     
           0   423823633          -1           1
  0.13228427    
  0.10739772E-01  0.50000000E-01
   10.000000       25.000000    
   10.000000    

       1       1       1    7.893010792219701        1.034175351616724        4.218039204201506    
       1       1       2    7.837297510724412        1.480463524316875        4.535121507384071    
       2       1       1    1.089883084142362       0.9798874375069738        3.303072544278491    
       2       1       2   0.9855784393808641        1.455346945437876        3.046719880593792    
       3       1       1    5.956299921137007       0.7881646449035447        5.820237090702051    
       3       1       2    6.009106943386528        1.060591145018834        5.345212032605063    
       4       1       1    2.595133000030667       0.5270465393791496        2.223734535494970    
       4       1       2    2.670174269251201        1.032841426499010        2.426546281805181    
       5       1       1    7.323318631407853       0.4262948984873341        7.350625077506608    
       5       1       2    7.662297070523937       0.4660571822104619E-01    7.559206702363468    
       6       1       1    9.884701886182654       0.2308064782192825        1.962530385577531    
       6       1       2   0.2672160016505208E-02   0.6829037969780628        1.672726154566641    
       7       1       1   0.3366525002436564       0.2368621998310832        4.173919089803820    
       7       1       2   0.8542987666344350       0.2910957350893389        4.352626909058392    
       8       1       1    8.133539686092066        2.714759320256044        8.488734869749834    
       8       1       2    8.173041276955852        2.847669403808195        9.020924466390641    
       9       1       1    4.673290710598706        1.515846280624338        5.342161364826898    
       9       1       2    4.284763020846300        1.231258238886845        5.607312745212009    
      10       1       1    9.195576180637493       0.6637955104096693        4.294258760649286    
      10       1       2    9.245425774263992       0.5776014489169364        4.835138278423086    
      11       1       1    4.304815728308391       0.5977202042683749        2.171329502303923    
      11       1       2    4.439583111797188       0.9645952464026093        2.558307843277507    
      12       1       1    1.616645935422404       0.4173521836527989        5.030453180023316    
      12       1       2    1.486696297077258       0.8121198901686086        4.670231960754433    
      13       1       1    8.507579234600286       0.5030351085339212        5.229617749279327    
      13       1       2    8.631985469685461       0.3467133854097399        4.716973527132957    
      14       1       1    3.863910420947552       0.7562726762469200        4.427927654713145    
      14       1       2    4.049359620031356       0.2539093779768880        4.301026493041387    
      15       1       1   0.3920050174751862E-01   0.3817598602983798        5.546550750437119    
      15       1       2   0.2019298058319392E-01   0.1578304925701211        5.044426949499206    
      16       1       1    5.098048704413435       0.9036952572903701        6.508025749451962    
      16       1       2    5.530658129072139        1.015094332670733        6.187540872949406    
      17       1       1    1.251135906148693       0.6579162251979780        9.038748131041245    
      17       1       2    1.299015311774672        1.039477269520702        8.645079768351064    
      18       1       1    6.200751623705876        9.971058345415759        8.225170950958798    
      18       1       2    5.687307802869374        9.819742933882194        8.350676067863624    
      19       1       1    3.692635968315674       0.5326755526748006        2.963511456907657    
      19       1       2    3.407459398080285       0.7262094542574936E-01    2.862306683849502    
      20       1       1    6.129665530696291        1.205443894595796        9.273892262916135    
      20       1       2    6.170638175868463        1.726004801514048        9.100400599947074    
      21       1       1    6.947267132931188        1.093751301359846        6.274443021945706    
      21       1       2    6.568026140948416        1.478634881149459        6.172172114281136    
      22       1       1    2.370899941995137       0.5813502971682166        5.689934111571604    
      22       1       2    2.596112204525983        1.083456249607740        5.696580689153278    
      23       1       1    2.452967640751663        2.627362519941397        5.460422995426081    
      23       1       2    2.688236737365535        2.904894961311407        5.872911112386562    
      24       1       1   0.5594507684663923        1.121669330410802        2.440169004636349    
      24       1       2   0.6911030022558468       0.5929493813540210        2.365946224518513    
      25       1       1    3.454458977810333        1.028031161525152        8.651128524697301    
      25       1       2    2.912598234224940       0.9363020830540345        8.634428862497966    
      26       1       1    2.163569514725194       0.8918398122163882        8.107366030833543    
      26       1       2    1.721613596983926       0.7881958930676541        8.417482513179333    
      27       1       1    4.644327699998636        1.470997327966340        8.686642137145846    
      27       1       2    4.807506577111963        1.545149989418057        8.167206282439043    
      28       1       1    3.688995632367641        1.582187335963731        9.713347356530669    
      28       1       2    3.383358046767559        1.747882719414366        9.286795788650497    
      29       1       1    2.473246245092947        2.180392465959570        3.282098437975300    
      29       1       2    2.940587736757453        2.344372200460291        3.521661656932437    
      30       1       1   0.9646932031433806       0.6465325099526364       0.2147235992693672    
      30       1       2   0.7275854773825254       0.4882959606067530        9.744385418762542    
      31       1       1    5.226409788934198        2.093065100395519        6.525806091863553    
      31       1       2    5.601233738144720        1.874814651545249        6.864823697290394    
      32       1       1    7.338405413825685        1.398999328893280        9.727297986307605    
      32       1       2    7.160789901273965       0.9986223819369735       0.5967093359726452E-01
      33       1       1    3.448661129028349        1.096090050934102        5.842877819093783    
      33       1       2    3.795269227434089        1.504891655924718        5.717592555161136    
      34       1       1    4.074844126475881        2.634692191107669        8.020488375097228    
      34       1       2    3.573130704318077        2.414365221788750        7.976010509055981    
      35       1       1   0.4709116786422030       0.8744649161498601        1.056957874801374    
      35       1       2   0.8362870114103532        1.267117943880784        1.178012496804779    
      36       1       1    9.963634680047980        9.796961495642893       0.9264025256107113    
      36       1       2   0.1880360791816639       0.2624910675378851       0.7380551997959595    
      37       1       1    7.114197285965316        1.337663168333817       0.9271488940720337    
      37       1       2    6.949730455270151        1.845418598217744        1.058710522165403    
      38       1       1    7.869637780082605       0.6863247448900680        1.102397109641481    
      38       1       2    7.957768450860216       0.4659017676016648        1.598606276035291    
      39       1       1    6.999035230659194       0.8223244267491742        8.758951783497976    
      39       1       2    6.602016534875495       0.6089112487051250        8.444362598060298    
      40       1       1    8.107077702989660        2.019067003932903       0.1079654230733447    
      40       1       2    7.959132390671209        1.498783697283695       0.2096885337446253    
      41       1       1    4.545310380326958        1.026104243709699        1.258083655188805    
      41       1       2    4.432189508161666       0.4901657555708235        1.211912293685889    
      42       1       1    9.711841486253144        1.437478154180192        1.762688002382856    
      42       1       2    9.711477524150270       0.9101198097174024        1.605793462919075    
      43       1       1    8.279661267416246       0.1166225374758379        9.044782325638984    
      43       1       2    8.448644732918847        9.683560697647774        8.751188334557190    
      44       1       1    1.799125034233318        1.748128954989641        5.462118377723983    
      44       1       2    2.213320518375632        1.558043133125758        5.153509228310170    
      45       1       1    9.492139345381709       0.6761014307085288        2.977871123640934    
      45       1       2    9.191689462451173       0.7800800202256404        3.426306719553906    
      46       1       1    2.626102897666732        1.526166311489614        6.307037328815226    
      46       1       2    2.193468996008445        1.755594375076148        6.557925213610608    
      47       1       1    9.278301141665942        1.066819187385631        8.865980292605066    
      47       1       2    9.193124376963159       0.8173479892384560        9.348536729356494    
      48       1       1    9.103280651242796       0.1190333048202334E-01    9.727362912827180    
      48       1       2    8.718222994889958       0.3606114978493267        9.547065890546889    
      49       1       1    8.946397717776675        1.565385236075030       0.7447837560598805    
      49       1       2    8.848223475495594        1.107401886778028       0.4560941256780249    
      50       1       1    2.019717239814358       0.6613838856703449        7.044332227878781    
      50       1       2    2.000819850121762       0.3453828628429725        6.594551114769946    
      51       1       1    4.338877853184739        2.292733197193543        5.942276900094151    
      51       1       2    4.475768210633094        2.287565872751606        5.409580149056183    
      52       1       1    4.089527397437114        2.276135715818357        4.469459456824270    
      52       1       2    3.879002529138203        2.489153520862051        4.930783098139839    
      53       1       1    7.004691424423274        2.146686322917731        8.607219248347823    
      53       1       2    7.127508067410746        1.610728775470020        8.584696616022486    
      54       1       1   0.1131027949032811       0.4895815584492037        8.374478824842496    
      54       1       2    9.931078253134183       0.7122773898054393        8.843233596202802    
      55       1       1    3.436564523593791        1.978857868749978        7.533030498769719    
      55       1       2    3.128887859607373        2.167698729462512        7.947312032904200    
      56       1       1    2.984344721099407        3.052921842329475        8.514947044285819    
      56       1       2    2.731918166339289        3.124801404083889        8.998017920109120    
      57       1       1    5.593629682638755        1.961921175034846        8.438149640467952    
      57       1       2    5.652930947793903        2.273296378303861        8.887776117330080    
      58       1       1    4.097464547090591        1.372341171700634        6.657728650360270    
      58       1       2    4.153881369876379       0.8379680832868651        6.540342056964468    
      59       1       1   0.8473017805876375        2.002789080935557        1.662094129754473    
      59       1       2    1.203354732714256        2.339317435656666        1.911660390847848    
      60       1       1    4.326828154206980        2.511540782665158        6.955233770051279    
      60       1       2    4.497214768633812        3.003383506389098        7.132966172752598    
      61       1       1    7.659119451630840       0.9010871411168218E-01   0.2971342606100516    
      61       1       2    7.582639813824076        9.988773744162627        9.761814301488387    
      62       1       1    1.359785450527717       0.4051345504449168        1.911662399098643    
      62       1       2    1.383921051050787       0.6824758979855082        1.437149934213436    
      63       1       1    9.465027562769967        1.701874356471702        7.827907245352828    
      63       1       2    9.620904899561936        1.652249059901029        8.353192839656129    
      64       1       1    1.546581775958918        1.722455099105041       0.7396573148369503    
      64       1       2    1.414298048670080        2.238142413555126       0.8777237287224122    
      65       1       1    7.221559793612788        1.734653468003710        4.829143987044001    
      65       1       2    7.659357891071038        1.982305203757349        5.050465512479803    
      66       1       1    9.111529613386709        2.449819597551985        5.619911892229251    
      66       1       2    8.820691794633888        2.088389423546523        5.324291867035945    
      67       1       1    8.526707424688590       0.8523609372886222        1.938605663639771    
      67       1       2    8.570860353155076       0.7048855345076185        2.467162523743878    
      68       1       1    9.223718617263151        1.592101345268549        3.665185122548416    
      68       1       2    9.021314258105571        1.226860658809896        4.023928655724871    
      69       1       1    7.533112238152239        2.210428551138667        2.667821214022795    
      69       1       2    7.106810960865502        1.878192833262472        2.564151897130976    
      70       1       1   0.5608665822278950       0.7511056402594108        7.170236352901948    
      70       1       2   0.5059184377738100        1.061328274349882        7.621378550576505    
      71       1       1    9.074277994764305       0.4998807258663942        1.087272294711211    
      71       1       2    9.181070838868811       0.1187819631267630       0.7055258793451273    
      72       1       1    8.400948658502051        1.861511502329615        8.005537048367977    
      72       1       2    8.701719099282849        2.138094812890967        8.373166123598930    
      73       1       1    5.992041126523604        1.441835417349811        6.667537573189606    
      73       1       2    6.140345993488018        1.927860386930647        6.458012661932295    
      74       1       1    1.891087922190249        2.285083522467683        1.833942161866413    
      74       1       2    2.118188526784095        2.157119509216693        2.317845922328684    
      75       1       1    8.416020391414142       0.9995511356394237        7.012358220568457    
      75       1       2    8.772355861395519        1.223567475159446        7.365846601063375    
      76       1       1    5.440224825255769        1.905217846316337        2.461101231739457    
      76       1       2    4.895711737721074        1.830792273852357        2.487935704122548    
      77       1       1    5.012487955517527        1.950107574824053        7.512710310349662    
      77       1       2    4.881742435165847        1.478470996708207        7.765345227178130    
      78       1       1    2.517363224963407        2.176383467054200        8.144385577462776    
      78       1       2    2.273499463305438        1.714798505621386        8.316574974299707    
      79       1       1   0.3172095802219718        1.731838571923995        3.530392638626170    
      79       1       2    9.823255805187411        1.691041138706885        3.292908101432105    
      80       1       1    4.161123679936331        1.280436087844959        7.723092752455285    
      80       1       2    3.749700930647533        1.072307426121240        7.423221636386782    
      81       1       1    1.319837085832499        2.550618895445632        4.975214064010163    
      81       1       2    1.516223883865280        2.051702731349923        4.853862878864715    
      82       1       1   0.3484019022744005        1.734702951264745        8.525204563660655    
      82       1       2   0.1503773125396989        1.247436358997240        8.364807073213125    
      83       1       1    9.286683425823677        2.817733259281829        4.502960658696859    
      83       1       2    9.375818243784428        2.449134248994829        4.104765255830382    
      84       1       1    8.576386617489089        1.716326502850030        2.555287971171007    
      84       1       2    8.679268834569138        2.246923169798558        2.657566000621533    
      85       1       1    8.122113488581705       0.7496838655863655        7.994799201299025    
      85       1       2    7.780848929659917       0.5266818215682311        8.364034762069929    
      86       1       1    2.881396919083812       0.9584703944301881        4.795508737757626    
      86       1       2    2.522446561785366       0.5723925402746345        4.952597567412816    
      87       1       1    1.523070404233797        1.475836519829875        6.464096305908356    
      87       1       2    1.406479324783471       0.9873515563561545        6.239596076257925    
      88       1       1    8.087504763224398        2.031635335611923        1.325807294042499    
      88       1       2    8.496716022551949        2.396287125943183        1.372695248531830    
      89       1       1    2.970994964197598        2.923551579894869        4.221560024354721    
      89       1       2    3.016557029431287        3.430270409607352        4.011607701632337    
      90       1       1    8.392387097908129       0.9293754763193165       0.1090954966716380E-01
      90       1       2    8.680077303950215        1.155280804427464        9.599655026368950    
      91       1       1    4.224082478661853        1.362167613343194        3.546136691226838    
      91       1       2    4.050545730941552        1.221089934426022        3.043498516498294    
      92       1       1    4.733732001622219        2.281948647247597        3.574321787779099    
      92       1       2    4.301120464644065        2.094746557526292        3.857368503672059    
      93       1       1    3.339213587843545        2.074555101654970        5.302982482135927    
      93       1       2    3.362243048218548        2.606259319605429        5.166391862365916    
      94       1       1    3.627230909352877        3.364127905833797        5.269863291301780    
      94       1       2    3.493039601278269        3.208896074241166        4.759907084981106    
      95       1       1    1.097104871409076        1.178819204981926        8.051226861652395    
      95       1       2   0.7576975304438970        1.600363974151895        8.146091993945651    
      96       1       1    8.215893028684507        1.321199651384549        5.833816045194925    
      96       1       2    8.569122927060489        1.710174959342255        5.994425739582056    
      97       1       1    5.408698530523468        1.794976671668492        1.265322356930669    
      97       1       2    5.901594372426189        1.687313442659791        1.047701018374312    
      98       1       1    8.252506976891699        1.483946724618809        8.992974405362590    
      98       1       2    8.070660192891930        1.577434156868466        9.503777733444453    
      99       1       1    7.741695486785035        2.132680532969690        6.689445374248656    
      99       1       2    7.590903279163371        1.797800222931679        6.280037474166324    
     100       1       1    8.844025599866796        2.134928635424047        6.608207238433332    
     100       1       2    8.512081508280154        2.447140539712876        6.916295034694744    
     101       1       1    9.412764749435885        1.112017758964130        6.648108537306139    
     101       1       2    9.317341733062291        1.314051592634666        7.150136787280816    
     102       1       1    9.025161111095994        2.448271688773118        1.795724652005410    
     102       1       2    9.556515952427151        2.512138146948892        1.669550743207634    
     103       1       1    9.691685473107114        2.053899769920982        2.595797805247372    
     103       1       2   0.5975843018097626E-02    1.699292560344923        2.316411811285522    
     104       1       1   0.5384747024525955        1.450379011365020        5.864785578687181    
     104       1       2   0.3688609076779077        1.916953522231547        5.628048195205247    
     105       1       1    3.989219968078564        2.634504098180793        9.400840604300956    
     105       1       2    4.491680065686483        2.850096918727250        9.456725463408391    
     106       1       1    6.271676337802782        1.794883345442924       0.6279894252988012    
     106       1       2    6.595297620375430        1.830528592581294        1.070852346771789    
     107       1       1    1.023042125586624        2.286963544839059        3.012427388126373    
     107       1       2   0.7924801478823232        2.441824756311113        2.537582029236591    
     108       1       1    7.307899350650905        2.607265046230981       0.9717805939443149    
     108       1       2    7.069388133699516        2.458326156531424       0.4989672784217007    
     109       1       1    1.936840766873789        1.862513766377168        4.122418140426325    
     109       1       2    1.658756623679619        1.939392102596503        4.590800201927581    
     110       1       1    7.217514255654884        1.618452559458040        1.912669091457245    
     110       1       2    7.269077698261571        2.158750511006122        1.822741538311253    
     111       1       1   0.5788776586816614E-01    1.936010726694462        9.530966484836647    
     111       1       2    9.795861455422775        1.470184973463744        9.661718069450627    
     112       1       1    9.735946121788988        1.511482124664935        4.650864315577615    
     112       1       2    9.397375979135614        1.760919038066551        4.296327865106025    
     113       1       1    6.218733787370947        1.315386120451115        1.637247802697686    
     113       1       2    6.507384676632010        1.759238050490869        1.786028983859609    
     114       1       1    8.760223687669772        1.874378546988446        4.688009010168273    
     114       1       2    8.961492502061226        1.475994463748103        4.366878345680946    
     115       1       1   0.9626176037986278        1.170782122235613        4.717492552163387    
     115       1       2    1.012879424406069       0.6665304151712461        4.505482953736987    
     116       1       1    5.203091803353827        1.036517629198282        4.136587463184386    
     116       1       2    5.687562018027563       0.8194378255626309        3.993378220998867    
     117       1       1    3.397741298842765        1.882147530248695        2.784999096980713    
     117       1       2    3.180346406791470        1.834746695053309        3.288401591082716    
     118       1       1    3.707278474252506        2.609037101909919        3.554352693727566    
     118       1       2    3.362958753121918        2.986077441412569        3.350585290229373    
     119       1       1    4.250477720709382        2.769739198335131        2.716388477907130    
     119       1       2    3.809113583442834        2.538124185266893        2.484022244699172    
     120       1       1    4.407000108456157        1.994351785463651        1.683615211027593    
     120       1       2    4.798461702383623        1.649597439331134        1.509548207385617    
     121       1       1    6.845667280852330       0.1087522791746765        1.298890621981732    
     121       1       2    6.938105033697695        9.860546499253713        1.780969991494302    
     122       1       1    3.958833424875007        1.993684286955573       0.7048435984366578    
     122       1       2    4.192986951680346        1.853773293462035       0.2272398227898162    
     123       1       1    2.751848623894514        2.606404325430470        1.046184260645554    
     123       1       2    3.192040503286193        2.768880363550319        1.333770769427725    
     124       1       1    1.298506061293647        3.095087230055475        5.932921384076790    
     124       1       2    1.348365396639027        3.547682675334619        5.624636415527459    
     125       1       1    6.338330286245401        2.382490163295646        1.893106369907736    
     125       1       2    6.647172290383884        2.246637591591874        1.459096700316731    
     126       1       1    3.363652254171490        2.225215084496609        6.430934758862831    
     126       1       2    3.799412910602637        2.490124525054635        6.637453624448013    
     127       1       1   0.3268256712347482        1.869765580814465        7.161875172628795    
     127       1       2   0.5635087998936096        1.613961356094150        6.736584751118370    
     128       1       1    6.693703720775837        2.245011535024394        9.826475394609854    
     128       1       2    6.682438744864285        2.790212179393255        9.900097027518147    
     129       1       1    3.308849162204355        1.713061269941300        3.897907077095195    
     129       1       2    3.129181099341659        1.607238563616129        4.406617230247427    
     130       1       1    7.500485531522179       0.7710591734098053        2.914593510528256    
     130       1       2    7.795404157072167       0.8710568573701052        2.461659938332175    
     131       1       1    5.627017748646596        2.020774574795378        9.627647321588855    
     131       1       2    5.336326202045801        2.481246515755587        9.551130746223988    
     132       1       1    6.500606582373649        1.512830578735183        2.934217868501102    
     132       1       2    6.779946850847471        1.706575619218585        2.501834819726660    
     133       1       1    1.296912181794983       0.1541174486585271        7.653644820966218    
     133       1       2    1.234654806989499        9.670269210401141        7.400700746530103    
     134       1       1    7.163340294216106        3.505922201928689        2.052227364753467    
     134       1       2    7.262803465507229        3.835335941645158        1.623366282342072    
     135       1       1    2.908439578626702        3.254268134008405        2.871716773609924    
     135       1       2    3.110288330268393        3.346158599358866        2.368765806643848    
     136       1       1    1.819735498304887        1.680455858749059        8.681835503253577    
     136       1       2    1.650779724389483        1.172310652687648        8.807720662200904    
     137       1       1    9.402074661742464        1.216886464057974        5.546330350434586    
     137       1       2    9.041419538229396       0.8014495351595045        5.531320166282198    
     138       1       1    6.580637226185336        3.216453408005759        2.948053123066557    
     138       1       2    6.871993293736876        3.402399002663651        2.519910661578613    
     139       1       1    5.156624778769554        2.206839299929025        4.691967122270554    
     139       1       2    5.514254618493169        2.544586939578096        4.446072997497317    
     140       1       1    1.052446425701661        2.875620950569693        7.124027994940874    
     140       1       2    1.099168720912621        2.349135288536011        6.971249952930046    
     141       1       1    8.585618290348503        2.633163384537114        3.413766269081066    
     141       1       2    8.955737435167507        2.946862589855069        3.672824462204279    
     142       1       1    2.042752856312342        2.610330222703026        6.500031131728791    
     142       1       2    1.781848437491576        3.060697561037224        6.322632190480118    
     143       1       1   0.1881399093691856        2.448405256870568        5.378736302403994    
     143       1       2    9.702565811100943        2.499098258667066        5.125709849711354    
     144       1       1    7.907169636700081        2.684078814311122        4.457558234164980    
     144       1       2    7.664101601665081        2.202363580841154        4.352034493513098    
     145       1       1    6.737356006520522        2.223771781111883        6.272685203776931    
     145       1       2    6.348958802191210        2.008629822919144        6.596525362300999    
     146       1       1   0.2173715001961935        9.793344254772190        3.028706207194439    
     146       1       2   0.1844678731178504        9.336988107394268        3.333640313855526    
     147       1       1    7.179876747192886        1.552348359541556        7.364482868177213    
     147       1       2    7.172171549327403        1.200633759566492        7.786677573104881    
     148       1       1    7.968641428546889        2.414357071799529        5.558027384843615    
     148       1       2    7.784494575671342        2.062568562729380        5.937955904753560    
     149       1       1    6.303125508024406        3.040142668530326        7.098126011409904    
     149       1       2    6.432521632577779        3.548222157917601        7.263721415243834    
     150       1       1    8.838030036153899        9.983940664239295        6.027586622280282    
     150       1       2    9.001240043728238       0.3887527091716927        6.362266784755216    
     151       1       1    7.095850249170760        2.226694287443082        3.847619741782665    
     151       1       2    7.325911250843490        2.463451572375306        4.288011972894982    
     152       1       1    9.380430598237226        9.723866296198086        8.778213315981786    
     152       1       2    9.089847793262672        9.261490962501298        8.714333377047131    
     153       1       1    5.858354285523662        2.775712891219949       0.6180743446971310    
     153       1       2    5.808663609208320        3.300099779434563       0.4607160920943085    
     154       1       1   0.1851720970653269       0.9448467050323829        9.398280078615581    
     154       1       2    9.788420994826913       0.5662572200410461        9.357735586071675    
     155       1       1    3.259478446970939        2.960882513651227        7.237779249069349    
     155       1       2    2.754279597043021        3.013337305863138        7.027393629835520    
     156       1       1    2.652678438194370        3.405913378362902        6.397698711018126    
     156       1       2    2.291479640407548        3.289674552687054        5.999011668883480    
     157       1       1    8.014345438203717        2.912267654950967        2.061975589553051    
     157       1       2    8.145409086734974        2.429821405724919        2.291706775141866    
     158       1       1    9.463817288307247        2.363275444976612       0.3551550776068679    
     158       1       2    9.200984957624192        2.843091799651343       0.4095554048834994    
     159       1       1   0.2673133744962424        1.743716839013215       0.5316104230441501    
     159       1       2   0.7284749003152914E-01    2.080605854004371       0.9201368381449512    
     160       1       1    6.603635940164626        9.634625304666574        6.253356031235359    
     160       1       2    6.276094865910461       0.5416793498320030E-01    6.392237919740142    
     161       1       1    7.375491043196122        2.878672257659578        7.678889463374592    
     161       1       2    7.285472073333849        3.420661721826340        7.693232373096679    
     162       1       1    4.795587232933115        3.001724182910698        5.342262159843041    
     162       1       2    4.609274524513856        3.509371967138761        5.243465112776373    
     163       1       1    8.940732608997697        9.760536396981248        2.322769793486910    
     163       1       2    8.568148409218354        9.679298234054132        2.719381951368447    
     164       1       1    5.062657681109411        3.200744966753045        7.256537102820914    
     164       1       2    5.270829683829804        2.854722181588910        6.882616451435994    
     165       1       1    6.010924338434108        2.955837520497106        6.129356794021121    
     165       1       2    6.230593521780269        2.725459358787461        6.577746093499572    
     166       1       1    5.283754377348029        2.928317995979451        1.668959069663470    
     166       1       2    4.849091150480543        3.259661657590767        1.727505356845876    
     167       1       1    5.577109170589102       0.5939844570314136       0.7660577357737646    
     167       1       2    6.105062514402269       0.4942876578805775       0.8831364545361066    
     168       1       1    7.010206365691320        2.691503857393196        5.153534123840705    
     168       1       2    7.418978446409072        2.349173741557867        5.018427757919398    
     169       1       1    1.036327840409245        1.640619751358788        9.680023052882015    
     169       1       2    1.038809976360822        1.942012435541904       0.1401673055196339    
     170       1       1    8.019934802780652        3.322060396953221       0.5724216793490428    
     170       1       2    8.326428841365663        2.925444155329015       0.3453569495990879    
     171       1       1   0.6990480745533560        2.770367805949720       0.4340757968696080    
     171       1       2   0.3377678758699211        2.588825910173095       0.8067697323026202    
     172       1       1    4.994632799903798        1.378994664506165       0.1994582688515085    
     172       1       2    4.909176508776273        1.191370600471452       0.7095682731862135    
     173       1       1    6.470890976140122       0.4868893533808025       0.9964380653046107E-01
     173       1       2    5.943203590065174       0.5517433134367139       0.2406023695927723    
     174       1       1    8.344242342548853        9.979061294499830        7.089748781961053    
     174       1       2    8.481907518493298       0.2557684664982711        7.544189915888111    
     175       1       1    7.796567273628903       0.5151515298873210        6.254847569622568    
     175       1       2    8.267116634699455       0.2838080460187785        6.088736699039703    
     176       1       1    4.415340316548551        3.262666965240231        4.107401896692406    
     176       1       2    4.421324273508701        3.379441544267016        3.570039643080824    
     177       1       1    5.323306574684336        3.088686629626821        3.092766230137900    
     177       1       2    5.352419420636081        3.355151473811569        2.612863691403680    
     178       1       1    5.588090403945588       0.9282435558741505        3.143006841657995    
     178       1       2    5.383694818766812       0.5718341940243841        3.508689958035280    
     179       1       1   0.2897342426417304        2.623554275746967        7.947334191410426    
     179       1       2   0.4382307670249001E-01    2.208794337916615        7.684040332151511    
     180       1       1    3.880581501531010        3.734044951263177        3.004730946622582    
     180       1       2    3.566057668903094        3.660920595007185        3.450418274105108    
     181       1       1    5.759729022885033        2.041737311700849        3.509280910300077    
     181       1       2    6.234633800932466        2.247060287876668        3.695662853889905    
     182       1       1   0.1117496703599598        3.155780035204077        6.923929347402848    
     182       1       2   0.3300702256301093        2.652969782263380        6.882996446777529    
     183       1       1    8.989766159277385        2.920399751934537        7.439906943789000    
     183       1       2    9.063478821528889        3.044119218158537        6.909333963878140    
     184       1       1    7.234833982607634       0.6473568351288865        5.299335636046560    
     184       1       2    7.402679686972881       0.5501815762179002        4.784895588165105    
     185       1       1    5.529715365164764        3.294426070877532        4.184604521298608    
     185       1       2    6.011836328036468        3.031369432400746        4.209591645893186    
     186       1       1    6.118080410627046        3.892647620868850        2.090153756443484    
     186       1       2    6.277836380018003        4.168801508815592        1.641682277904240    
     187       1       1    5.901906458450232        1.892330496573785        5.414419561869868    
     187       1       2    5.789457492275693        1.443002243538866        5.711343616801028    
     188       1       1    1.506312846557139        2.303091258150604        7.824508298274520    
     188       1       2    1.435490142387710        1.757863196517094        7.799040794151006    
     189       1       1    3.414982786535922        1.181909493573546        1.743299565489190    
     189       1       2    3.565345054432198       0.7561058888724854        1.429402396141631    
     190       1       1    2.456151948192728        9.819083012213008        1.107235470394903    
     190       1       2    2.997661032544810        9.727028150824097        1.080301340168813    
     191       1       1    6.281958953310046        1.848585153039712        4.438058863170619    
     191       1       2    6.811494320883733        1.912538449295593        4.304244001832662    
     192       1       1    2.138644970324294       0.9826729149320989        3.619853913366119    
     192       1       2    2.096173510057229       0.5432686655252923        3.292277035647444    
     193       1       1    7.241219082178376        3.220897328401054        6.287628119010285    
     193       1       2    6.881112225550297        3.311585666133992        6.693961287433961    
     194       1       1   0.9166864016595120        2.737732149840270        9.380409121453056    
     194       1       2   0.4559020389280511        2.614446926505154        9.654063329652663    
     195       1       1   0.9063636001444971        3.266829316022583        2.214846942207191    
     195       1       2   0.8209510591869110        3.662434944057159        1.842544664735617    
     196       1       1    4.059708188553113        2.928730456638163        1.271892457163436    
     196       1       2    4.121316172896604        2.485384825150366        1.591356395976258    
     197       1       1    8.186108044824037        3.108540261579932        6.840804532741616    
     197       1       2    7.971245669306801        3.539033840243450        6.574489121610663    
     198       1       1    7.090351040058496        3.738567273102768        8.682613824227152    
     198       1       2    7.509809887454685        3.760065132243839        8.328029953013239    
     199       1       1    1.868194576528209        3.018543281167002        9.053337408079562    
     199       1       2    1.899999198461167        3.193657820877380        9.573396028176719    
     200       1       1    2.227069477952419        3.037427051950670        7.491305155473649    
     200       1       2    2.757757387613875        3.136879645823850        7.596132690100895    
     201       1       1    3.457414286902356        2.807656308321690       0.3225332138179439    
     201       1       2    3.451006705317269        2.408331360617845       0.7011808631573134    
     202       1       1    2.838992842202741        2.169401799255360        9.414017199123679    
     202       1       2    2.491532006198972        1.779934693984509        9.241235254935537    
     203       1       1    4.831796501642931        2.506398332464944       0.5368223895195946    
     203       1       2    5.267644748052432        2.775866694397689       0.7379255856414311    
     204       1       1    9.560151690352736       0.9481532383260770       0.2448485905276792    
     204       1       2    9.182635601110853       0.5591502491652087       0.3406487171392342    
     205       1       1    3.835541476878279        3.391441608198464        6.262527400612714    
     205       1       2    4.310971133644357        3.272541005861844        6.513065937221342    
     206       1       1    9.680295523878096        3.109052932789520        9.588862824914321    
     206       1       2    9.402611902143182        2.639250419848031        9.657532074687856    
     207       1       1    3.102114461798109        3.519984206422653        9.708910194498236    
     207       1       2    3.619367821048333        3.593919982079266        9.536567370666146    
     208       1       1    8.626542665549859        9.422851700235304       0.9063619523627534    
     208       1       2    8.741315313123827        9.275305913165731       0.3890302133689814    
     209       1       1    6.115455882773397        9.807809209347434        9.270388708453579    
     209       1       2    6.580473859042251        9.572741256410092        9.446998225481391    
     210       1       1    4.050375290933220        3.716480108278442        7.519941348085484    
     210       1       2    4.098092906247904        4.221862232230245        7.731446504275403    
     211       1       1    7.441753213098725        2.959193325499216        9.547782584750731    
     211       1       2    7.455619100959587        2.829302387528795       0.8221927938482441E-01
     212       1       1    8.658365427258301        3.224123405328791        9.774114388859273    
     212       1       2    8.192882772806778        3.017614938825267        9.982040442962559    
     213       1       1    6.320688019308487        1.371730435523955        7.941688289535388    
     213       1       2    6.858208241044079        1.255964643652621        7.924988536145857    
     214       1       1    1.601910847513613        2.901136413296374        1.030852735945536    
     214       1       2    1.794799332841755        3.413746491558489       0.9783768842217985    
     215       1       1    2.287876718904867       0.9388856008428076        1.071788278181593    
     215       1       2    1.917202919991220        1.344605169616664        1.097021369382174    
     216       1       1    2.937337459776941        1.602192890218109       0.6743061700069186    
     216       1       2    3.200024065480730        1.211497172123635       0.3897497472179268    
     217       1       1    9.352997780426401        2.699456425271306        8.702565241223564    
     217       1       2    8.910708189425531        2.530832362576529        8.982860795730925    
     218       1       1    4.553980499092789       0.1886773182090357        3.451048817012292    
     218       1       2    4.396867681618359        9.890824207334733        3.016182467516360    
     219       1       1    5.135508502243692        4.118534296875138        2.480331805821191    
     219       1       2    5.214576880317206        3.575643187579822        2.443590419663093    
     220       1       1    6.354501730866557       0.7641972998232079        4.801186928788963    
     220       1       2    6.460654232644915       0.4600142415176435        5.247206085920445    
     221       1       1    7.289951345836791        9.586894075969923        9.289517630613439    
     221       1       2    7.720187188599138        9.883397228996900        9.461207911925406    
     222       1       1    6.599895585033566        1.002240325667738        3.849265541329134    
     222       1       2    6.578782541126277        1.461980772890836        4.150724783728343    
     223       1       1    9.453267005170996        9.627788030034646        3.656335439463759    
     223       1       2    9.092632553581723        9.807621206746735        4.029588257444511    
     224       1       1    8.266448268188046        3.765648754543796        7.947745948043594    
     224       1       2    7.916490591908889        3.347333195919429        8.015445383604149    
     225       1       1    7.827621093068113        3.264554334358569        3.104769886140243    
     225       1       2    7.527135651567148        2.957391405626526        2.761151180390429    
     226       1       1    9.298602980294906        9.606251958258810        5.101202760490812    
     226       1       2    9.410324404986811        9.252698619871364        4.694198048826700    
     227       1       1    8.588845237871267        9.193600465990320        3.191737943594214    
     227       1       2    8.357378765908074        8.919865658895038        3.609247141614645    
     228       1       1    3.407186284953724        2.362121393041014        1.775325035464512    
     228       1       2    3.572341462881568        2.861931254363110        1.934090845599396    
     229       1       1    5.354443989908805       0.6761887498010754        8.891876926316424    
     229       1       2    5.313241019350269        1.010428608978582        9.326274629365590    
     230       1       1    8.217247346376880        9.872264175987395        4.376657544535233    
     230       1       2    8.760889054943757        9.875625740461363        4.458725232023971    
     231       1       1    8.686585013639572        9.478051594453060        8.057550827100380    
     231       1       2    8.950189827868563        9.535254026148246        7.578326754274816    
     232       1       1    7.198664305357938        9.730647889463665        3.077684556420686    
     232       1       2    6.978999284163534        9.949175059609178        2.623469725348099    
     233       1       1    2.973531631587401       0.3379744396407888        3.721448717450144    
     233       1       2    3.082841171989351        9.973274139468531        4.118138865835274    
     234       1       1    9.769081665127608       0.9491886495539528E-01    6.514214607933332    
     234       1       2    9.397755058037369       0.4827080362623885        6.632640104144865    
     235       1       1    9.418134916108045       0.4485606579698231        7.593776697987688    
     235       1       2    9.339668005732886       0.7551349812837713        7.143741184307734    
     236       1       1    8.476358152734296       0.2259263069649834        3.294567657350209    
     236       1       2    8.704972667103736       0.6969632975883850        3.464602149742256    
     237       1       1    7.096294104826852       0.1179798086694773E-01    4.052538240110628    
     237       1       2    6.871065026947170        9.512257505220633        4.007597564352641    
     238       1       1    2.653456788438010        3.466160937264177        1.653398556896479    
     238       1       2    2.366025106374362        3.007934619802645        1.754635340965727    
     239       1       1    5.440495581213028       0.1731674123112387        2.355357176106234    
     239       1       2    5.122789640444835       0.9151016826578694E-01    2.797042565239907    
     240       1       1    7.082607287522845        3.223980754302433        4.038844153345577    
     240       1       2    7.237664420474067        2.873192157621901        3.644405968996926    
     241       1       1    6.237510378598102       0.5308079808646492        7.254170177956112    
     241       1       2    6.639888361318567       0.2173200750586733        7.047510991221532    
     242       1       1    5.325533925309428        3.059076744276938        9.674708414034097    
     242       1       2    5.370437932036164        3.581678195925622        9.509009345112219    
     243       1       1    5.984925096007466        3.137464402801796        5.093011666910424    
     243       1       2    6.464004763395184        2.938457070333949        5.275229917381227    
     244       1       1    6.142789142185364        2.914968176044155        8.989760342323903    
     244       1       2    5.855528876821086        2.517256489296842        8.740979750849291    
     245       1       1    1.524953400981566        3.587382544997036        4.924071985599643    
     245       1       2    1.662806804053086        3.841090983755873        5.391715594280091    
     246       1       1    7.894326618317971        9.820465115325819        2.150243121226606    
     246       1       2    7.612148757192041        9.438818611815691        1.872289497001823    
     247       1       1    2.999150219825443        1.099101169378484        7.250527680461877    
     247       1       2    3.498764071717844       0.8857147875151451        7.165810575238408    
     248       1       1    3.872710978477574        3.776361771705638        1.781461701623997    
     248       1       2    4.116514865604876        3.407135098907187        2.107690258729537    
     249       1       1    2.013846301648438        2.564042380581806       0.4133377016125512E-01
     249       1       2    2.392887701353605        2.962075960709754       0.5085370479522108E-01
     250       1       1    6.854156337223399        9.276051161999513        2.132351036629198    
     250       1       2    7.302285135991871        9.242694170685349        1.814611177040576    
     251       1       1    2.361946953629598        3.719810294094639       0.6640655354491575    
     251       1       2    2.282537216700689        3.224184644191229       0.4386669794761462    
     252       1       1    7.867563909902792        9.574522903972209        5.742075120768647    
     252       1       2    7.867993590188368        9.536597666674590        6.290599661485877    
     253       1       1    7.327026355874278        9.613842020560810        8.192661661795851    
     253       1       2    7.117300772861203        9.447269665993502        7.712589172852833    
     254       1       1    1.725265426886343        3.286557822491068        3.736694715792156    
     254       1       2    1.988925411377433        2.804298133751299        3.713129093132136    
     255       1       1    4.800010057984381        3.076894415298171        8.578320501184178    
     255       1       2    4.770075216631461        3.076800385194907        8.029301761567950    
     256       1       1    4.370277980544027        3.863883793039782       0.7889256748317200E-01
     256       1       2    4.779863160093097        3.715638690427501        9.743150203471387    
     257       1       1    2.853983277072707        4.103555449046405        5.057951561269462    
     257       1       2    2.923821217997361        4.593391916810504        4.817188666497072    
     258       1       1    5.890733977944491        9.993550711986609        3.615545410249516    
     258       1       2    5.938193424458593        9.550200906539322        3.293996305221123    
     259       1       1    3.957816669737401        3.664543167964047        8.918648666316106    
     259       1       2    3.850770948219338        3.339521907729144        8.487603839520810    
     260       1       1    7.263640434980879        9.032998218001278       0.8770219896999730    
     260       1       2    7.078139992443120        8.538638523025240       0.7232160050611445    
     261       1       1    6.549124199811725       0.4173363778354540        2.271642846787894    
     261       1       2    6.937201733224138       0.8003564579952060        2.341562250902843    
     262       1       1    3.612359828633009        3.968144122067272       0.8062574168400708    
     262       1       2    3.930259628571549        3.518976448301657       0.8102321971016896    
     263       1       1    8.065457539608380        8.752836521892034        1.674832481061755    
     263       1       2    7.934170049802201        9.122185751112930        1.289187825966679    
     264       1       1    8.387240854317582        3.900557990002453        8.966176853948214    
     264       1       2    8.765925239222879        3.518944596095305        8.851430912684920    
     265       1       1    8.295893761420119        9.347904187602698        9.895809821985617    
     265       1       2    8.243771858029273        8.870630628181443        9.628058942470501    
     266       1       1    4.699946010287478        9.578354662695116        1.316445689076660    
     266       1       2    4.416980244102527        9.430971736406663       0.8685079925905418    
     267       1       1    4.892306999268447        9.822210960218772        8.640688582643076    
     267       1       2    5.155187718465871       0.1572453946899101        8.292905756384076    
     268       1       1    5.152638657642180       0.5623722811443552        7.686075558488665    
     268       1       2    4.616549881142382       0.6458434784000704        7.772891893776558    
     269       1       1    6.674484257071235        9.356573612890060        5.028088633483099    
     269       1       2    6.652091903238564        9.753393507595012        5.407848115236068    
     270       1       1    3.949167475666294       0.8698278773173199E-02    7.618816726817039    
     270       1       2    4.370641612976343       0.3175973631601910        7.447497594405440    
     271       1       1    4.831106914673749       0.2202916363322176       0.6723807146175781E-01
     271       1       2    4.979901378633830        9.847591322462296        9.691403543713371    
     272       1       1    4.030749630957712       0.5063654553370194        9.408582465145161    
     272       1       2    4.135006542045063        1.024313032104037        9.256036924081680    
     273       1       1    3.520056407478684       0.3245007421026295       0.7929183096158213    
     273       1       2    3.815289494799071       0.7837200727879901       0.8610591669805880    
     274       1       1    6.895133577888641        3.952525943912871        5.261743127974315    
     274       1       2    7.053967811982790        3.569684800643273        5.622436956910885    
     275       1       1    1.121885742369044        3.191713164441785        8.109282485386435    
     275       1       2   0.9831613943437972        3.703415267390208        7.962297251198187    
     276       1       1   0.3441881063963674        9.840349137691767        9.565312929622079    
     276       1       2   0.1472315333044657        9.900765004439863       0.7517325314644496E-01
     277       1       1    6.353650637400404        3.792037631438925       0.8356732567474843    
     277       1       2    6.670822480801183        3.885801642568179       0.3952873141500594    
     278       1       1    8.418951819469651        6.649927010407582       0.3553840472398553E-01
     278       1       2    7.946414560515259        6.887751625238162       0.1853546261164836    
     279       1       1    7.744394458368855        8.686825943961480        2.765187795368529    
     279       1       2    7.691571638690956        8.209575708703357        2.496496710208936    
     280       1       1    5.055990748957479        4.142790902342380        9.342195636104012    
     280       1       2    4.874135025115372        4.630110710920508        9.164340048060389    
     281       1       1    2.922102062676921       0.8713089065790883        9.962772422257171    
     281       1       2    2.997820098787578       0.3455845665542590       0.1057317967864055    
     282       1       1    6.067738568837540        3.875253389018477        9.504077094362849    
     282       1       2    6.092773685290759        3.847284620801273        8.955223186196154    
     283       1       1    5.812615356552441        9.542516113651246       0.7102821030204497    
     283       1       2    6.244958683686553        9.292838454677998       0.9428111561707225    
     284       1       1    5.443993375357825        4.045650706287883        5.578052442874545    
     284       1       2    5.368154847076235        4.240586643765730        6.087556937465033    
     285       1       1    9.672991134401917        3.634039394017164        7.719965027221476    
     285       1       2    9.247465528776200        3.955474165298424        7.853353021783698    
     286       1       1    1.705636791739975        9.865393426867696       0.3270350607714229    
     286       1       2    2.141961413797901       0.6268227656231191E-01   0.5964671062028274    
     287       1       1    3.711078453059891        9.756268828917516        8.727183144393603    
     287       1       2    3.329383954491258       0.1419090539466321        8.816168144996116    
     288       1       1    2.977711606021173        4.359728828580917        6.155594340948034    
     288       1       2    3.508825975993802        4.499190699029938        6.183795696052794    
     289       1       1    4.197003782731085        4.231181845482803        5.688923037718847    
     289       1       2    3.997604169881213        4.211878203424972        5.177295383138100    
     290       1       1    8.178533432475671        8.997593513097293        8.909445928187239    
     290       1       2    7.939690505698955        9.377215642003534        8.591607013819376    
     291       1       1    7.228002918014657        8.477397152035016        8.518539457896031    
     291       1       2    6.763102768295286        8.323895468406743        8.770831780439510    
     292       1       1    3.321436079023874       0.3237234941728336        6.582007919824559    
     292       1       2    3.614610274059260        9.879410337503185        6.444304928187117    
     293       1       1    1.326485983998905        3.537386729193126       0.1347015286320754    
     293       1       2    1.648889099216968        3.302105838685087       0.5128900234197120    
     294       1       1    6.367947890973350        4.811541021393345        9.124899634896328    
     294       1       2    6.369559443139343        4.963627135324998        8.596645976911942    
     295       1       1    4.576598988024449        4.187424933670793        4.604031219356078    
     295       1       2    4.709394600999626        4.323420664418504        5.120379870683889    
     296       1       1    8.988255100447471        4.281097307100325        7.276343431490806    
     296       1       2    8.484716740954109        4.186970724620950        7.076564370501244    
     297       1       1    6.350427741884977        8.921183928636482        8.152178843673848    
     297       1       2    6.142346316549275        9.422152430701656        8.241956814797867    
     298       1       1    6.478799367061020        8.646127140381452        9.371173042117185    
     298       1       2    6.104709782895858        8.766705804918210        8.986101374835945    
     299       1       1    6.818085668707622        9.417665713657806        7.216670729609638    
     299       1       2    6.601698037328506        9.277006353581056        7.702174286372430    
     300       1       1    5.483230352697336        4.421683121998796        3.486127466343622    
     300       1       2    5.588653256550052        4.946923573675260        3.611709708444361    
     301       1       1    7.335642023947653        4.239260633469525        9.844369054058534    
     301       1       2    6.853008369414778        3.979138267907996        9.802765905318219    
     302       1       1   0.7726063528699785        3.997881771947932       0.9102451980287709    
     302       1       2   0.5534569890315124        4.187901928063687        1.377199560372734    
     303       1       1    7.462095686188548        8.701618542271227        9.775960146222646    
     303       1       2    7.058571273314189        8.362141522659730        9.931056066800624    
     304       1       1    1.828397353946488        1.451361252478400        2.688151618637601    
     304       1       2    2.119455045605392        1.032978112840280        2.893828264965464    
     305       1       1    4.465218906069133        9.143920568318066       0.2545956264296159    
     305       1       2    4.604294771679853        9.629196767029711       0.3700565772305070E-01
     306       1       1    3.406770400283477        9.735189180957379        9.707146986545522    
     306       1       2    3.199797164038590        9.420411961311524       0.1071133283838176    
     307       1       1    8.982371336262196        8.650136467398951        4.618307123980188    
     307       1       2    9.251856621430690        8.519963874465565        4.157045280051116    
     308       1       1    9.349497089852184        4.092690385773148        8.638266383312516    
     308       1       2    9.829568142415692        4.115881043464850        8.905331336881090    
     309       1       1    2.029655238562733        9.499238433444956        8.508771223748159    
     309       1       2    2.563074382629870        9.372425201189651        8.561008690836802    
     310       1       1    8.618673829688824        8.040250583512716       0.5112324503323389    
     310       1       2    9.083160507015757        8.248865603143464       0.3040794149131941    
     311       1       1    7.304134004025347        4.730424863423383        8.700414582888952    
     311       1       2    7.757862306478305        5.018289985954849        8.584462960665642    
     312       1       1    2.731597406639359        9.862382648514297        4.702808234463457    
     312       1       2    2.581324663891873       0.3868971131695597        4.633079652392599    
     313       1       1    2.330983224456098       0.9355267496192859E-01    9.283362399605895    
     313       1       2    2.836791154805515        9.996054314844752        9.474537974675703    
     314       1       1    3.287063547880937        8.610073838692388        9.460266016787561    
     314       1       2    3.638059360981616        8.419537225143559        9.837993720294008    
     315       1       1    3.603981167431793        4.841771774922574        5.132304320866172    
     315       1       2    4.076612142733280        5.045591059334090        5.325695185976001    
     316       1       1    2.465290018985298        9.868603435374393        7.461805437432822    
     316       1       2    2.541955344028544       0.6590094382012206E-01    6.954149757739711    
     317       1       1    8.411799570325146        8.091460671764828        7.768542679355741    
     317       1       2    8.086549399697175        8.249167452361212        7.353934076136424    
     318       1       1    5.126242692209628        9.398576816814769        7.680256315516326    
     318       1       2    4.979595939271707        9.298882572556170        8.201122162783717    
     319       1       1    7.361946522454125        4.351530132792010       0.9652735337746102    
     319       1       2    7.818750988663465        4.333533008713404        1.270457292166061    
     320       1       1    7.116980968918710        9.011957857439601        4.019507190808750    
     320       1       2    7.363636209456345        9.394578579636624        4.327635500403741    
     321       1       1    1.624738583451617        4.522817371006382       0.5067727507678849    
     321       1       2    1.232609159495583        4.495188923754744       0.1223239306258943    
     322       1       1    7.937070183736383        8.191800465367203        4.015342612058935    
     322       1       2    7.818261999742236        7.711316630277310        4.255213551651204    
     323       1       1    6.068432740970970        5.709997136140385       0.4107986211975230E-02
     323       1       2    6.473338236277011        5.868233983962803       0.3405498382091846    
     324       1       1    9.092036994482086        9.005812045478681        6.000372397641067    
     324       1       2    8.652560764751167        9.266504602748928        5.797981814022823    
     325       1       1    7.303833670948953        7.940534212257758        1.665041138217462    
     325       1       2    6.772162048325399        8.066047208081635        1.604187898484602    
     326       1       1    4.355564813228198        8.707186929570724        8.928347990955308    
     326       1       2    3.921781624370599        9.044836972649032        8.926095572951048    
     327       1       1    1.911367684614752        8.781799860993534        9.369269361662763    
     327       1       2    1.454468955318592        8.489568040973520        9.277598698207012    
     328       1       1    6.408463756899423        4.748187291567700        4.593304761061966    
     328       1       2    6.165762275104699        5.211141866766717        4.765102593912242    
     329       1       1    2.128042929322800        4.528102272266319        9.545921434376593    
     329       1       2    1.933759186552119        4.865229908502517        9.157426266171113    
     330       1       1    6.779228982624820        4.686517486513591        2.117761489939751    
     330       1       2    6.689366207111531        5.226059973171786        2.172525224115363    
     331       1       1    5.260691817945947        7.170275194461555        3.777244414889587    
     331       1       2    5.780508863877398        6.994857477149974        3.744369234825700    
     332       1       1    9.010559880591479        8.425940181631297        9.382306699015132    
     332       1       2    9.419072784308243        8.788387311687003        9.315263960807442    
     333       1       1    5.213987755512759        8.437255126230504       0.6486112942587257    
     333       1       2    5.324672390636358        8.892019865583544       0.3596522324665933    
     334       1       1   0.4984100842958029E-01    3.220262882616086        3.442185369255714    
     334       1       2    9.613870475819869        3.224763360408998        3.106301437485918    
     335       1       1    1.037951616042498        8.090171534020053        3.979986319697300    
     335       1       2   0.5043441660275726        7.965230070312428        4.026579108438930    
     336       1       1    5.700040983104905        8.730551056501323        2.284647131590299    
     336       1       2    6.006945861012803        9.177724938065646        2.375060776032001    
     337       1       1    6.585185009117695        5.222716335467339        3.544678429084820    
     337       1       2    6.818116024670022        4.807004185378399        3.270838211961534    
     338       1       1    7.720604837251760        5.102745156450595        2.714743299479341    
     338       1       2    7.573065718219399        5.309752101308824        3.202891748581788    
     339       1       1    9.219337809497890        3.469354825755997        6.385300512494085    
     339       1       2    9.302458664709834        3.031542757022376        6.063443407844925    
     340       1       1    9.466127122865924        8.891044336159039       0.1979412661409791    
     340       1       2    9.961475667125741        8.653909166239453       0.1676939701553561    
     341       1       1    4.099704533172913        9.437019315972462        6.295590828772991    
     341       1       2    4.533416839405671        9.715088891676080        6.101994543385647    
     342       1       1   0.7901767963975502        9.237713678654792        2.092329759450047    
     342       1       2   0.3097865843233306        9.295182631108508        1.829972867273252    
     343       1       1    2.982775892989953        9.585461706084464        2.904113174062795    
     343       1       2    2.729568551157028        9.348312186554192        3.330385459908829    
     344       1       1    5.242405373157284        9.598397373645378        5.985163818376181    
     344       1       2    5.159076242280824       0.1398853076828901        5.932669547596841    
     345       1       1    5.039414762586365        9.358774008246709        4.841308159389641    
     345       1       2    5.188710927612466        9.117429620791288        5.312698639869862    
     346       1       1    6.036925743417321        7.973461631727163        3.223868478436557    
     346       1       2    5.717189126145492        7.558173038111767        3.055868834737940    
     347       1       1    5.599947197961717        8.463448331312838        4.223847968117476    
     347       1       2    5.700467165209838        8.012026084227561        4.521990856260999    
