         476          18         441         488
         476   1000.0000000000002     
           0   894905798          -1           1
  0.13993377    
  0.10792772E-01  0.50000000E-01
   10.000000       25.000000    
   10.000000    

       1       1       1    5.225106440789839        1.579092852931975        5.924078021714704    
       1       1       2    5.438827946097478        1.358134605806181        6.380136828810571    
       2       1       1    3.260074712665719        2.754902555977192        6.067232390636817    
       2       1       2    3.349981033242595        3.273111209770590        5.905470223093774    
       3       1       1    6.949628745432602        1.097015919975520        4.523103659993438    
       3       1       2    6.631022182288607       0.7104227549735852        4.296651889297332    
       4       1       1    3.083645458259902        1.435305364990636        5.932082199174308    
       4       1       2    2.892904431359637        1.846374156838444        6.243285976957905    
       5       1       1    5.735592426331661        2.773260004383463        3.526636797465597    
       5       1       2    6.084828794188830        2.446919166738690        3.254462785478397    
       6       1       1    3.311982637940022        8.563367245297981        5.970006723043803    
       6       1       2    2.787156660946680        8.603984700212063        6.128874900579622    
       7       1       1    3.296829829970685       0.9250993279605799        4.756002870050573    
       7       1       2    3.324658909032954        1.225119391896071        5.215937502164821    
       8       1       1    1.360178992229716        9.557581512662587        5.434763682190396    
       8       1       2    1.734994034532295        9.675185910835852        5.050234274059901    
       9       1       1    4.078316185702674        8.217565479589275        4.871554356015957    
       9       1       2    4.547150027312354        8.392007957045756        5.100842821929920    
      10       1       1    4.468169074913510        2.570863231980605        4.188044403347620    
      10       1       2    3.943516863227210        2.447780519121966        4.079156166874006    
      11       1       1    3.860103610345290        1.534275800175669        3.901865741043134    
      11       1       2    3.538913726574553        1.905322647594849        4.150366314607930    
      12       1       1    4.047234773118961       0.5050051559102622        3.663707985345988    
      12       1       2    3.940691534924305       0.4231467443243618        4.197321052707636    
      13       1       1    6.000035867614738        4.304765344645304        5.304988484417805    
      13       1       2    5.466588589032082        4.212206890709115        5.208283299076943    
      14       1       1    5.430516190188546        9.817086057665650        3.880890229719390    
      14       1       2    5.498875553878732       0.1249575107270194        4.331396817775970    
      15       1       1    6.003661582165592        8.832233177080862        4.270083656259306    
      15       1       2    5.479685581189970        8.980749511863975        4.346154826037704    
      16       1       1    9.409318987149742        2.356261632979459        5.359267741338645    
      16       1       2    9.277632369978331        2.817650853445064        5.628093470840565    
      17       1       1    1.520919457125086        2.567479460655886        4.916952935123499    
      17       1       2    1.931778903348160        2.433643301712915        4.575891924668488    
      18       1       1   0.3962662204256490        4.420663910146485        5.082644312094900    
      18       1       2   0.3214989046150748        4.432196892072534        5.627233480169166    
      19       1       1    8.631688817530959       0.1959675039930222E-01    4.141791307991840    
      19       1       2    9.007719120411723        9.765350071250936        4.453123859307870    
      20       1       1   0.5882651732896661        2.595424067141596        4.064276135725255    
      20       1       2    1.108737557309254        2.772651310899905        4.069782494699759    
      21       1       1    6.260936078096801        4.715091299981947        6.180328166471180    
      21       1       2    6.470693097473823        4.347009342114919        5.829249285415114    
      22       1       1    7.141042107803818        4.963089978913542        5.687919319837453    
      22       1       2    6.748341033869445        5.084923444133187        6.053371232737351    
      23       1       1   0.6959162173578870        1.950292104756916        5.051794196130870    
      23       1       2   0.2113323567812055        2.087211482844781        5.273140482994521    
      24       1       1    7.014593683453798        3.774576140397023        5.513876542846937    
      24       1       2    7.556092879070609        3.852380297773191        5.462263895383269    
      25       1       1    7.319172222931887        3.887438763540356        6.564881050177927    
      25       1       2    7.524282308604878        4.073316772756814        7.039799573347434    
      26       1       1   0.4343931574559740E-01   0.2193171700541228        4.044476087687871    
      26       1       2   0.1947611095823665        9.690829015379201        4.017952698954061    
      27       1       1    6.090393971750760        1.883279996909121        4.289621444578363    
      27       1       2    6.281534812076359        1.367638431466975        4.273434405431917    
      28       1       1    9.469863312635029        2.321046530593700        4.353355634988429    
      28       1       2    9.965761875894419        2.193589426229870        4.553700133514444    
      29       1       1    9.564139726406667        6.969385913397687        5.039342181139265    
      29       1       2    9.576489852127166        7.496289494116559        5.196737041951054    
      30       1       1    9.829765401010746        7.587126073687779        4.226191438121971    
      30       1       2    9.805349805438853        8.103649819703048        4.412438228334718    
      31       1       1    6.788309975198236        2.151673649349838        3.265224133742865    
      31       1       2    6.899564192197416        1.639049462203521        3.431124811792932    
      32       1       1    6.065470383106427       0.6607976395190805        3.776974444348607    
      32       1       2    6.185731314286001       0.1556825673541304        3.595772772046934    
      33       1       1    7.256346628940038        9.119074031067473        5.905092871911008    
      33       1       2    6.836053098257518        9.014748006053425        6.244084426950288    
      34       1       1    7.526106356710200        7.050172336356207        5.855253580790906    
      34       1       2    7.533085803681667        6.502262271647409        5.906239518866022    
      35       1       1    6.662082779516886        8.532227210422430        4.995155581193992    
      35       1       2    6.772155749419301        8.518344464048448        4.456311336092809    
      36       1       1    2.335547606672966       0.3216131004775701        4.395306285530859    
      36       1       2    2.385327052254856       0.1087656213842611        4.899776489374299    
      37       1       1    2.363911075584987        9.182871245432846        6.187247201075029    
      37       1       2    2.751808733145226        9.213146034963129        5.798020925579825    
      38       1       1    8.523845512277264        2.568953039779880        3.982515345423301    
      38       1       2    8.414221246337812        3.086103748504147        4.135814852761780    
      39       1       1    1.102267785785027        3.691091603296999        5.087237695077767    
      39       1       2   0.8844709182282797        3.188416860962994        5.129865658541613    
      40       1       1   0.8622204971193476E-01    1.579992203050559        6.336191200191407    
      40       1       2    9.797564736602029        1.645900924912521        6.800544660431671    
      41       1       1    4.819709529820438        2.757356228849087        2.841437105004569    
      41       1       2    5.290552038788993        3.036088478962919        2.789375457776052    
      42       1       1    5.402835205948674        5.073833481702678        5.606541561211579    
      42       1       2    5.252344012861158        5.129417963478293        6.133143749565191    
      43       1       1    3.032353382839958        7.431285677370142        5.511059507388148    
      43       1       2    3.226664334810097        7.458698376436673        6.024596288089537    
      44       1       1   0.3289408679001016        9.411231152951348        4.624688368903226    
      44       1       2   0.4905395676846274        9.580295079870856        5.122745065290247    
      45       1       1    5.047883883818414        7.575865200705036        5.808343195377228    
      45       1       2    4.696723601198617        7.244682455403332        5.545338274937766    
      46       1       1    5.778835564219268        3.634780657876458        4.490871310888793    
      46       1       2    5.585551141715862        3.572348564364465        5.002529479844656    
      47       1       1    6.751652022163240        5.561911784732201        6.896870740782995    
      47       1       2    6.434095491549768        5.308998092593098        7.267983559387453    
      48       1       1    2.434885024546979        8.073434057217346        6.089972110142621    
      48       1       2    2.028081385068814        8.126469871883803        5.723782842509285    
      49       1       1    3.984622121718981        1.813417169133057        5.388929734232194    
      49       1       2    3.986585354897780        2.342359579758337        5.538093283071778    
      50       1       1    8.043211305946953        5.149259526054624        5.198992440051468    
      50       1       2    7.519466649214104        5.240814656464012        5.059198436621904    
      51       1       1   0.2277453459459228        5.400880072338837        4.923625988671268    
      51       1       2   0.1644895914999204        5.613593118140486        5.427355393909600    
      52       1       1    8.510748575103580        6.830528543373605        5.314304464356832    
      52       1       2    8.246234053315279        7.144883566563453        4.948294004437876    
      53       1       1    8.919652853842344        5.635735054941907        7.242631946492632    
      53       1       2    9.014896736374546        6.003686677072158        7.640222508491930    
      54       1       1   0.7102110986224452E-01    3.991549904918439        5.939395866512728    
      54       1       2    9.865281946056863        4.488197635915234        5.821477749238354    
      55       1       1    5.632059846588874        6.781307646338195        5.571261804051510    
      55       1       2    5.133555707667329        6.711679806926624        5.792316457659022    
      56       1       1    3.142212032309886        4.135078727080014        4.731521958723976    
      56       1       2    2.843920426465183        4.467992016641420        4.411492980997797    
      57       1       1    4.574937429834532        1.228172836395432        4.715743364478288    
      57       1       2    4.076411573206814        1.326699285027206        4.926343091636964    
      58       1       1    5.183162874458979        2.376241436235688        4.922955404041042    
      58       1       2    5.687739000207033        2.207735798473211        4.783186690446030    
      59       1       1    9.033246044220959        4.335115827389066        5.476065322013095    
      59       1       2    9.157839941337460        4.126198240105239        4.982611314450522    
      60       1       1    6.368795666203233        2.696939778626324        5.367124428436425    
      60       1       2    5.909667069238543        2.555587208544450        5.099645057105707    
      61       1       1    1.436347856440171        3.386301043816103        6.125470119238936    
      61       1       2    1.923905316529049        3.530362956219887        5.915628597394147    
      62       1       1    7.917516138276032       0.7634466222367137        4.397683823269930    
      62       1       2    7.668574335848048        1.238363703147281        4.275285616390970    
      63       1       1    6.744453139665503        2.894009828027308        4.394568706683097    
      63       1       2    6.884737617765025        2.955438811699266        4.922792300199815    
      64       1       1    7.243477633951272       0.9707183784758791E-01    3.983065024396181    
      64       1       2    6.708218302206960       0.8531155799903228E-01    3.857237510803720    
      65       1       1    9.132289252903433        4.417082524690016        6.752962050762751    
      65       1       2    9.478037176053725        4.266383861256140        7.153026627903448    
      66       1       1   0.8690756306667355        4.666418816234972        6.190819677432605    
      66       1       2    1.237005973955861        4.359294667168359        6.460588910529336    
      67       1       1    1.822968222936545        4.337937069068293        6.022261589841951    
      67       1       2    1.887755262585802        4.128130866273285        5.518190785124512    
      68       1       1    1.389803665874485        8.709746338114607        6.107336129684147    
      68       1       2    1.364344608881416        8.749588446454222        5.559241893032163    
      69       1       1    3.582240090645794        5.658820469863913        5.931979081122048    
      69       1       2    3.340524179929354        6.098524016024339        5.707245223923086    
      70       1       1    3.145265596945427        3.820110665277492        5.700202846040730    
      70       1       2    2.850820234068768        3.755605182436317        5.240323204689454    
      71       1       1    4.341761054877407        6.688072905457757        5.284787728196637    
      71       1       2    3.809365756761834        6.575933835684864        5.364945545004227    
      72       1       1    4.154652383275928        4.269589259749060        4.797501680033806    
      72       1       2    4.465772080868990        3.904990753930845        5.067399406706337    
      73       1       1    2.074035249238496        2.466982299071327        6.094779186739917    
      73       1       2    1.926194008351478        2.993769740765316        6.155879537092879    
      74       1       1    1.031069268194050        2.106285549447338        6.235903696005396    
      74       1       2   0.6681696327263826        2.333745671057937        6.580877331555506    
      75       1       1    1.277212080421980        3.865634113994598        7.123257230811587    
      75       1       2    1.102693689222731        4.375026309847689        7.010876041450262    
      76       1       1   0.2246345854112225        4.269262214075791        7.039890594942163    
      76       1       2   0.2075089255705924        4.810520317565197        7.132262331186030    
      77       1       1    1.931306490327482        9.614352513748766        3.599189798758028    
      77       1       2    2.305659539874898        9.226003135142699        3.492100446749435    
      78       1       1   0.3033087036561311        3.091648374489576        4.924973756664838    
      78       1       2   0.5048838549050243E-01    3.496133837023226        5.198646868614794    
      79       1       1    2.821219430830676        1.920187595368220        7.084595131370114    
      79       1       2    3.263800111323526        2.199482025489429        6.916110166630649    
      80       1       1    9.238223187478090        3.423480736662728        4.516940874946227    
      80       1       2    9.448813938888771        2.971939168329376        4.283033538484105    
      81       1       1    8.233247574105402        4.783296070130132        7.179758314630426    
      81       1       2    8.235386018037836        4.297525896815531        6.921777435216391    
      82       1       1    3.806959471797895        3.093031373218956        6.876388639754377    
      82       1       2    3.330584825143717        3.245001247869533        6.646550229896570    
      83       1       1    7.404144324031805        2.028492955791872        4.124367099780291    
      83       1       2    7.315791077946200        2.333410624106888        3.675100306532327    
      84       1       1   0.7326385785902335        2.931499125849877        7.338943936864950    
      84       1       2   0.4734523101367251        2.844333487028153        6.861704920530106    
      85       1       1    6.480385661372006        7.557253570345718        5.378795588355104    
      85       1       2    6.220337054092265        7.509486938033623        4.897115388350369    
      86       1       1   0.2570627342471727        2.848293904627193        5.959368807414525    
      86       1       2   0.6219412800870954        2.741991191626341        5.562210052456571    
      87       1       1    6.448712761466885        6.006905758865207        6.007841372682657    
      87       1       2    6.850956054224364        6.347935961697694        6.162432577380760    
      88       1       1    8.070026858495364       0.5689960085676323        3.300399563048798    
      88       1       2    7.694922036758421       0.4908154967799848        2.906150541614589    
      89       1       1    7.738287153115073        8.411399223632078        4.475152140914832    
      89       1       2    7.309553521156175        8.289120231352234        4.797098484958151    
      90       1       1    3.977913834668636        3.245830863269238        4.956369952530604    
      90       1       2    3.778945919289107        3.399845358478651        4.467168740634690    
      91       1       1   0.8840376094515112E-01   0.9692061667738482        5.199754612068821    
      91       1       2    9.930212012103945       0.7364007054391931        4.726812788559335    
      92       1       1    7.150972030187890        4.634330168810459        7.281677257426525    
      92       1       2    7.110567698586716        4.812826264722666        6.763094157946631    
      93       1       1    4.492510778424347        2.544026649223912        5.912550326213189    
      93       1       2    4.562926235283324        2.786133582466682        6.402415451255168    
      94       1       1    1.717924891507096       0.1320909207288028        6.172191586665804    
      94       1       2    1.257603825235122       0.4287328157003271        6.220995142504252    
      95       1       1    8.345216154514082        3.134436845301037        5.846834620702354    
      95       1       2    8.490414484532671        2.708733533894423        5.530448275991742    
      96       1       1    9.093839619692321       0.8459327835469976        4.691092574535713    
      96       1       2    9.584824490651380       0.7878683772029150        4.931814123880419    
      97       1       1    8.319841985297266        2.029272285990637        4.951503093370262    
      97       1       2    8.707581953094090        1.875205052633292        5.310486047660647    
      98       1       1    1.134643482890972       0.1158719587143681        4.087592450894052    
      98       1       2    1.280633184688538        9.967651185824339        4.596337789750747    
      99       1       1    6.168084331917740        3.693707818488536        6.185309629168136    
      99       1       2    6.147751977142345        3.219087057573605        6.462789953201034    
     100       1       1    2.122096998753076        6.510678800920246        4.338048935068904    
     100       1       2    2.299227594455036        6.146782068809532        3.966576254069351    
     101       1       1    2.421092177741846        3.294332990213654        6.759059333558302    
     101       1       2    2.868270027986918        3.614762243061347        6.758362895836371    
     102       1       1   0.4868502804513125        9.726802893744924        5.921744990941987    
     102       1       2   0.6556632526792101        9.438851572328991        6.358906712689402    
     103       1       1    9.432548264974285       0.6261954624304823E-01    5.390863094343205    
     103       1       2    9.582618998705888        9.710231394544749        5.785434134755646    
     104       1       1    8.332281873138973        8.749797672813587        5.386531406210262    
     104       1       2    7.965888549559281        8.355812967133918        5.500184055273015    
     105       1       1    8.145378940973066        4.409650082391273        6.029452702559476    
     105       1       2    8.255204012639240        4.906522488034298        5.820104636431807    
     106       1       1    1.170974438298170        9.131780568343927        6.997418562832610    
     106       1       2    1.593638909337898        8.893540723386749        6.738610793034771    
     107       1       1    4.035718963235340        9.032673596560866        3.689465459768352    
     107       1       2    4.326174823914076        9.236174747194468        4.110541826441150    
     108       1       1    2.708897730200881        4.736383809734358        5.539648376486562    
     108       1       2    2.479768719607963        5.002890763577564        5.962813760498462    
     109       1       1   0.8472985130767443        7.086754811055616        4.240370376130188    
     109       1       2   0.8884895933392998        7.622663490307046        4.123657155274603    
     110       1       1    1.051629146436410       0.2414436031622182        7.200868991219166    
     110       1       2    1.391742204117976       0.4162960134622817        6.805563367531057    
     111       1       1    3.477763198057452        3.346226252972631        3.845209883119916    
     111       1       2    3.020996828976088        3.652958778819522        3.848472289801093    
     112       1       1   0.4107903647621162        1.288738874135295        4.236339900602671    
     112       1       2   0.1583375259549934        1.421338131209045        4.706572864389938    
     113       1       1    8.005025366361513        9.707045263907082        5.007027655309872    
     113       1       2    7.669806231589562        9.350968217441990        5.258520501349425    
     114       1       1    7.269472320729430        1.203193763909306        3.385851035343182    
     114       1       2    7.131304036091822        1.735447110044842        3.388596776855559    
     115       1       1    1.664639939467307        7.397961458792682        5.276001768883018    
     115       1       2    2.215046918433762        7.404991619823539        5.279407724964392    
     116       1       1    6.409132417174403        2.590928708079110        2.297044578106036    
     116       1       2    6.927411742095286        2.477697221546907        2.150040847036689    
     117       1       1    5.572628616002825        2.775618090026889        5.981907403890447    
     117       1       2    5.657543679860228        2.674765792852772        6.515695062788548    
     118       1       1    2.020724397297555        1.318255719411626        5.462869349779751    
     118       1       2    1.653338632992036        1.681298096653871        5.273020184417546    
     119       1       1    8.415414934613217        1.544071561130135        3.867429685243966    
     119       1       2    8.116115502386792        1.083655154051127        3.896961268477412    
     120       1       1    8.994317304256603        2.240451382155447        2.757520851571952    
     120       1       2    8.996489003738871        2.160959677476838        3.302527965348330    
     121       1       1    7.579566386886166        2.872408663871772        5.007646706011635    
     121       1       2    7.216274935546549        3.226373525227233        5.221285365504101    
     122       1       1    7.931256898141153        2.325020051542326        2.784009443319560    
     122       1       2    7.506505120284711        2.184919725975911        2.463981208569316    
     123       1       1    2.698154746660498        2.549091050754904       0.4747801685762151    
     123       1       2    2.812475640810924        3.043234547008999       0.6877511258062680    
     124       1       1    2.675885542304327        6.065767294582179        5.389259959032735    
     124       1       2    3.101919250375466        5.760671611843154        5.222605010762258    
     125       1       1    1.489085135599761        2.759590336362514        1.869707232574622    
     125       1       2    1.192953102242855        3.219490454262171        1.929647439223626    
     126       1       1    1.367950190151655        1.959759138185015        3.726137609347862    
     126       1       2    1.332360531184239        2.372348008469956        4.087114414682532    
     127       1       1    9.897523132744164        5.116749268769295        6.245990031987697    
     127       1       2   0.4272014524579142        5.255786641002520        6.297579453356376    
     128       1       1   0.7902901606963196        2.237278944733975        9.376416225443471    
     128       1       2   0.6249595421918401        2.653965280133159        9.058130294788741    
     129       1       1    9.302092359176370        3.331201203902570        6.172292667269451    
     129       1       2    8.824685044845786        3.141055211110617        6.368175529907720    
     130       1       1    8.557204092178644        1.915465849685374        6.026211503115531    
     130       1       2    8.100653746899791        2.163482262672034        5.845922468503998    
     131       1       1    1.607233352634804        3.357236685313015        7.976712870222926    
     131       1       2    1.139919982458503        3.068719507760667        7.941582234911837    
     132       1       1    1.272242673352001        5.008961656154090        5.325597551548104    
     132       1       2    1.100968603176572        5.168686040565820        4.828243720924039    
     133       1       1    2.890888175173056        2.126420343868670        5.184694867173747    
     133       1       2    2.649640160152698        2.515331102688672        5.489978028649454    
     134       1       1   0.3034712202929677        4.030308636515121        3.973370240086133    
     134       1       2   0.1537710283929923        4.426174825040401        3.621772919715578    
     135       1       1    1.038466714766688        6.017013158664984        4.582141391752535    
     135       1       2    1.201365292621229        6.331979258939191        4.161309305287339    
     136       1       1   0.5466125264750061        5.650444749784212        7.275244714552366    
     136       1       2   0.8212580620284163        5.423139415930101        7.694342528154664    
     137       1       1    2.179563857810463        3.358919095078481        5.428186366960742    
     137       1       2    2.224144139258688        2.937656585649056        5.779455113994750    
     138       1       1    9.011821623510578        9.320382036472893        4.856377631567960    
     138       1       2    8.832892575858756        9.202284199719442        5.363015060948023    
     139       1       1    1.884612439838489        2.890610861341948        9.860221111803661    
     139       1       2    2.233618258113227        2.809984333969141       0.2779902081189818    
     140       1       1    8.326511568312721        1.316628406764907        2.576947065796297    
     140       1       2    7.857814059575750        1.185655647273937        2.833088160907795    
     141       1       1    2.073705242811307        4.106052956410668        4.705808084574540    
     141       1       2    2.368228226719713        4.414918567463126        5.053094288024721    
     142       1       1    7.633956076874066        3.221617502475768        3.555277019993719    
     142       1       2    7.768281662260772        2.724147673252976        3.362224904537483    
     143       1       1    9.392333131406829        2.447944725362719        1.837183464121439    
     143       1       2    9.075774493843019        2.893241718702074        1.901984285539907    
     144       1       1    1.524996530626284        4.899634137671176        7.050992667673115    
     144       1       2    1.238099530223436        4.574469947575373        7.389429721265245    
     145       1       1    8.413741588123335        1.938143017447777        1.557216555989150    
     145       1       2    8.231153090679330        1.934692530504779        1.038194827486391    
     146       1       1    9.735227965556998        3.266469024591951        7.202163729937594    
     146       1       2    9.505692704564959        3.761294750464982        7.128824287280456    
     147       1       1    2.220741678911162        5.281824175634496        4.539992149420857    
     147       1       2    2.062879942387200        5.172542955782997        5.055515215185465    
     148       1       1    9.906422161849848        1.682755877701683        8.745875889746182    
     148       1       2    9.553620317020073        2.098301630168492        8.669650852608584    
     149       1       1    9.623208402097616       0.3050398423499032        6.405152151264386    
     149       1       2    9.108466276094580       0.2339319003164115        6.222803576720940    
     150       1       1    9.474342053902083        2.887418468711053        8.524153852311143    
     150       1       2    9.306298401993255        2.730989824286498        8.024282663462259    
     151       1       1    9.672419601446759        2.905076894803226        9.549216896648312    
     151       1       2    9.790024392147988        3.241682660482192        9.130114382991644    
     152       1       1   0.4839438685903883        3.530332238499190        2.980868071823568    
     152       1       2   0.7034162608904304        3.221348422588655        2.582775304915918    
     153       1       1    2.028640911321078        8.440981021153164        5.241876903880269    
     153       1       2    2.572358677279182        8.375908521333876        5.194938657060529    
     154       1       1    7.981563921992602        5.475218846540836        6.150975419710338    
     154       1       2    7.467892310338252        5.281388471522384        6.124741059772301    
     155       1       1    1.156988819964422        4.489412534835319        8.125211104127564    
     155       1       2    1.227197817644045        4.092917993107983        7.751072419191106    
     156       1       1    9.063399343472245        4.025512192443823        8.155805263506318    
     156       1       2    8.995156784026699        4.479277399382426        7.853304472899093    
     157       1       1    9.732757431161787        3.598793481438877        2.289561323955668    
     157       1       2    9.410021422099327        4.021064988966764        2.147663240793198    
     158       1       1    1.846921384433723        4.253191587987097        3.060178298844430    
     158       1       2    2.253804176863412        4.621727485440591        3.030395732025160    
     159       1       1    8.048878085462897        5.011032883400500        8.212414538036851    
     159       1       2    7.655723456278966        4.819366843342563        7.879194505900008    
     160       1       1    3.304863381927805        5.214663296497137        4.624907489590428    
     160       1       2    3.130498794338397        5.735725230510462        4.604087434484958    
     161       1       1    8.977309496665768        2.504873804799789        6.836241205623176    
     161       1       2    9.284184038576829        2.838395102888300        6.524801604894545    
     162       1       1    9.883464882043771        1.897306635314775        3.227879548437289    
     162       1       2   0.2448525090902333        1.957477404940447        3.637620871061433    
     163       1       1    2.217929426866687        4.167517203701038        8.143268361761070    
     163       1       2    1.919766668464377        4.468866003956972        7.792316190994230    
     164       1       1    2.585115513877320        4.264567250533186        7.104046764043479    
     164       1       2    2.809569601634623        4.718392725669831        7.318379111307797    
     165       1       1    2.625623868716089        3.235930986168978        7.946017749631689    
     165       1       2    2.768312766477708        3.589484598041510        7.549254889542003    
     166       1       1   0.6308367117440205        1.988551009909102        1.570526660153544    
     166       1       2   0.2811917487271108        2.348828634227134        1.345508222250273    
     167       1       1    4.984851590817288        8.540545878876447        4.152980472364531    
     167       1       2    4.961692677362222        8.892014744159159        3.730362612054009    
     168       1       1    2.487850664641940        1.735630998747489        4.269752897435601    
     168       1       2    2.365205600412048        1.704934391218501        4.804289146664120    
     169       1       1   0.3362467913407234        3.918761951978363        8.185138717456546    
     169       1       2   0.1102240426399904        3.773880038162520        7.705379156396054    
     170       1       1   0.6088916656050926        3.421569422394475        9.089712814300526    
     170       1       2   0.9955184526771148E-01    3.218665975685368        9.046490618826995    
     171       1       1   0.4893774172552701        2.710394540929530        8.380969593287784    
     171       1       2   0.2126518016423273        3.113055169899076        8.127545006310296    
     172       1       1    1.977007698236824        3.610055944722030        9.137230258735508    
     172       1       2    2.075987457021944        3.171476496221856        8.821401986498923    
     173       1       1    1.621714257080022        2.432381210201445        8.710285646282500    
     173       1       2    1.132027382117396        2.673124844840638        8.635937572072173    
     174       1       1    9.440088609046711        8.600282740842660        4.247078662586873    
     174       1       2    9.009965582627357        8.384428430381925        4.513508742324707    
     175       1       1    5.520488174017076        7.761059112110635        4.941608578016770    
     175       1       2    5.766797217674442        7.540156986504591        5.381849960878567    
     176       1       1   0.1139992187111271        2.721619241855928       0.5853861941862382    
     176       1       2    9.949954690922494        2.261909064390275       0.8384252102540182    
     177       1       1    1.241996926149888        4.471591161831769        9.570942850734378    
     177       1       2    1.598399044117063        4.054365703623148        9.599944119810552    
     178       1       1   0.5132143525331907        3.180121600694781        1.554420706783635    
     178       1       2   0.3635349304844981        3.583742690290306        1.896492673422694    
     179       1       1    8.817124922739481        3.402307261113060        9.206154608924074    
     179       1       2    8.742753893308635        3.360155099743873        9.749274436344141    
     180       1       1    1.710125475493195        2.449932277082937        7.353603110303514    
     180       1       2    1.384297678790069        2.850255718436071        7.543723953981803    
     181       1       1    1.932708356717670        2.734323177200050        3.010190143884603    
     181       1       2    1.880338190771819        3.261525492007221        2.864501028788134    
     182       1       1    2.541172714949179        2.915572180660110        4.193570003438252    
     182       1       2    2.263340855932054        3.252136246862059        4.527877384507925    
     183       1       1   0.7975110870626910        1.524044224078693        2.493126458753469    
     183       1       2    1.173752018240511        1.922638234774228        2.444849220198800    
     184       1       1    3.205620880031589        3.552642628138674       0.3232689243841743E-01
     184       1       2    3.204233223384358        3.041968286112509       0.2351076215080185    
     185       1       1    1.146837444356204        3.636928212520540       0.6786463257420383    
     185       1       2   0.9969597994696056        3.891539402461960       0.2147245436860054    
     186       1       1    2.531996096581612        4.627893980506825        9.523150291410698    
     186       1       2    2.438268403415372        4.996486661461395        9.920472347990804    
     187       1       1    9.060438332351435        8.052510090553849        4.998412036134109    
     187       1       2    9.009333382773747        7.564783761902224        4.749939401726138    
     188       1       1   0.8068247718507893       0.8943536371621970        3.322041048086126    
     188       1       2   0.2691305947168688        1.009406973483192        3.343234474594027    
     189       1       1    2.810240124848396        3.719700387559478        3.051301703562403    
     189       1       2    2.493435726625171        3.948077652533428        2.664275216796261    
     190       1       1    1.370581781190259        2.358301295942034       0.7049425799585740    
     190       1       2    1.766465637192511        2.019114109284421       0.5293062981843882    
     191       1       1    9.291177858945858        9.490807380635838        3.157873430072848    
     191       1       2    8.812562307574938        9.760334235101601        3.186864139237540    
     192       1       1    3.139646161595330       0.3149348668231277        6.506711987129836    
     192       1       2    2.613596228302298       0.3396398132279849        6.347886834153972    
     193       1       1    2.152858920990238        1.011599534126453        6.479263233265740    
     193       1       2    2.616939465116050        1.223775854953924        6.274207195062973    
     194       1       1    3.764289669372003       0.5434023339860762        5.619237713929635    
     194       1       2    3.340092345949132       0.8187462357690265        5.835293002944316    
     195       1       1    4.220130899404230        1.049429565557760        6.454586879272817    
     195       1       2    4.749391443050039       0.9031116749053747        6.482038010813495    
     196       1       1    5.778518574761350        1.820218700564827        2.705353554780314    
     196       1       2    5.377766016440881        1.694034953680165        2.350678131319302    
     197       1       1    3.131154006188384        3.811224784515284        8.886970687927755    
     197       1       2    2.730062032841908        3.596272177297191        8.577974509832694    
     198       1       1    1.949739861008591        1.013577930867720        3.471378218232968    
     198       1       2    1.975471075296944       0.5552711574307991        3.773945202995258    
     199       1       1    1.246260058233404        4.609252325704008        3.945924122858362    
     199       1       2   0.7932324570133005        4.905592791684893        4.041984174716951    
     200       1       1    5.637009419519242       0.7184811640068144        4.851925185959496    
     200       1       2    5.348078769554904       0.7253172575193909        5.320080636611933    
     201       1       1    2.290009871577940        3.442390508914161        1.399346372565075    
     201       1       2    2.715954567756438        3.759566658985788        1.541789387868204    
     202       1       1    1.333672142603362        3.627560590528371        2.363030923319256    
     202       1       2    1.114675135476562        3.801587388623519        1.888376230421975    
     203       1       1    3.026479190189524        2.765601649971744        9.193356208136203    
     203       1       2    2.691192746956415        3.132477757269930        8.957058381015328    
     204       1       1    2.719101370868509        4.460834280925035        3.794884281637747    
     204       1       2    3.105351941993607        4.093554661618287        3.657888231433184    
     205       1       1    3.123368279482369        6.449325142730206        4.519176313174572    
     205       1       2    3.028036059074399        6.988547806560809        4.465082104363242    
     206       1       1    1.606653601283495        4.201707253584702        1.576544722178136    
     206       1       2    1.379578272330580        3.704173825932536        1.509916076501005    
     207       1       1    2.742158027243038        4.477772568119298        1.690859936163132    
     207       1       2    3.104689737099673        4.259423291293325        1.338104431977642    
     208       1       1    6.419050186272744        9.731070583316734        4.484277551882042    
     208       1       2    6.036012725526276       0.1250731963589695        4.455646424691757    
     209       1       1    9.130697860482876        1.055493949201658        5.786166130524544    
     209       1       2    8.939780108309069       0.9045043227637646        5.293142650760601    
     210       1       1    2.170195909141464        9.825653789445527        7.323129350876627    
     210       1       2    2.016480348705084        9.837969062231428        6.794421081194860    
     211       1       1    8.484766686367209        8.704292515516107        3.800921453081578    
     211       1       2    8.678489195062900        9.102023933439364        3.473445656408851    
     212       1       1   0.7160847539279948        8.294420619453017        3.379451481448185    
     212       1       2   0.4603357282353830        8.305601769267671        2.892187172955218    
     213       1       1    8.442942769757142        3.038561242342838        7.806176642264059    
     213       1       2    7.951947863410095        2.961017553500374        8.042259321721206    
     214       1       1    3.841993184222681        2.061063877536710        6.774195199682707    
     214       1       2    3.981076424811314        1.976237550621105        7.299489343165176    
     215       1       1   0.2144094873897462        3.981936834342147       0.3370668717292508    
     215       1       2    9.722785120418409        4.187258857634632       0.4738593575688529    
     216       1       1   0.5179161250270843        9.579516332523040        3.237904551176823    
     216       1       2   0.3406872117977581        9.949740250028700        3.604433249756020    
     217       1       1    1.606249712939541        6.418543852079875        5.620311052043864    
     217       1       2    1.296600808512302        6.543865350620728        6.057268944791071    
     218       1       1    4.849546375710669       0.3490339771826313        5.543859172658428    
     218       1       2    4.462289963876524       0.7819011806650213E-01    5.261898775968585    
     219       1       1    4.006157504550099        1.397864727641236        7.615579929882340    
     219       1       2    3.776993018564040        1.653085828604407        8.045644707535468    
     220       1       1   0.5724147768968463        2.517584841943541        2.630189702368952    
     220       1       2   0.2629107411290731        2.295010460941267        3.026220660678302    
     221       1       1    9.025447709030088        2.091080432793323        8.037447443498941    
     221       1       2    9.043434414432930        1.783186422466342        7.582575112630224    
     222       1       1    8.015993700876532        2.291480563189364        7.213388250241108    
     222       1       2    7.782276649425264        1.795110864916758        7.253430071998239    
     223       1       1    8.466853073570322        3.686351574817912        6.989536320966661    
     223       1       2    8.307754342471302        3.370576327908027        6.568817094215487    
     224       1       1    4.077682694546932        3.058761796372484       0.3718958886402219    
     224       1       2    3.872026488142869        3.423179281028736       0.1517909197002019E-01
     225       1       1    2.115793363970162        5.439214989407859        1.845695297939896    
     225       1       2    2.091834216266556        5.159729214123935        2.318806048926231    
     226       1       1    9.550247482955696        1.602234162260121        9.688277789218791    
     226       1       2    9.477295606043144        2.146526199451297        9.656844724839226    
     227       1       1    6.995523346407139        2.502105621304495        6.502211545220906    
     227       1       2    7.017455864114488        1.968608719992252        6.635646536384606    
     228       1       1    5.523456932837907        5.954397058502807        4.877970522478111    
     228       1       2    5.839776931452117        5.691890002153415        5.243423608227545    
     229       1       1    9.130817864079537        1.421858747773477        7.153188823360670    
     229       1       2    8.609411139964918        1.416842453236685        7.326850460127297    
     230       1       1    4.972455418531110        6.213390825480549        6.083185760453371    
     230       1       2    5.284390851217969        6.464840914419750        6.459173614444141    
     231       1       1    8.558286459391216       0.5660638049974005        6.589212528121333    
     231       1       2    8.594278778012125       0.7429122050040180        6.069642080101346    
     232       1       1    8.919548455285039        9.369662957510769        6.050412594576104    
     232       1       2    8.985622263619973        9.011510231129902        5.639002088901149    
     233       1       1    8.080776594580351        1.697158188399130        8.301101652645416    
     233       1       2    7.596639773498452        1.446152630853665        8.374533537665545    
     234       1       1    4.388412941890596        9.822425212755251        4.527199388609236    
     234       1       2    4.926391482247799        9.893410992221312        4.617001188530125    
     235       1       1    7.735954563491446        3.908509542870150        7.863215118589538    
     235       1       2    8.174102660792515        3.576331425682300        7.858175805606370    
     236       1       1    1.344300081117195        3.385647584037532        3.825356944566712    
     236       1       2    1.856232300087728        3.544784327166776        3.947327840934865    
     237       1       1    6.836352284854463       0.2651117176587781        5.386673788052626    
     237       1       2    6.482033863724570       0.5412502886207821        5.703595617585156    
     238       1       1    8.806639262040798        2.816388565707766       0.1044322976164335    
     238       1       2    8.993630561827182        2.351589846207337        9.875996962887100    
     239       1       1    5.647136515300011        8.578376117921582        5.693987469729515    
     239       1       2    5.276792880421192        8.481342743941912        5.298693284852762    
     240       1       1   0.4772949229364572E-01    1.950638199423721        7.696945394024130    
     240       1       2   0.1148432599379919        1.524505881100568        8.038228653094068    
     241       1       1    5.212640582714364        2.624629188784136        6.992685408161825    
     241       1       2    5.542688796680419        2.674058991371403        6.555451026402790    
     242       1       1    7.674560837150230        7.544138796387112        4.991970564039145    
     242       1       2    7.582253764658675        7.002069331098586        5.017266170549584    
     243       1       1    8.541372008567077        2.398530735267951        8.890051854813551    
     243       1       2    8.111295987884546        2.061875242522738        8.828701173432579    
     244       1       1    7.894956684947753        9.812204479910221        6.307212373393739    
     244       1       2    7.584548910190782        9.827948461398247        5.853302736796600    
     245       1       1    2.106145260548838        5.541516469562707        6.261207375668386    
     245       1       2    2.191158696646243        6.084921710539526        6.272082923482336    
     246       1       1    9.436453883433021        1.307511464868023        2.023633565158930    
     246       1       2    9.392014229029927       0.9676226847978529        2.454331258254476    
     247       1       1    4.111551911715246        9.940141246974928        6.413990465917833    
     247       1       2    3.962186764600847       0.1915484370054248        6.879859021571316    
     248       1       1    9.739720967137547        1.683726070256904        1.095733477878490    
     248       1       2    9.503632047891548        1.190008090607067        1.036535949901211    
     249       1       1    6.600888902808594        6.874459719343744        6.596886842073183    
     249       1       2    6.080060664232084        6.909677266729787        6.770436696711319    
     250       1       1    6.188986555973012        7.870339144757518        6.375102056134604    
     250       1       2    6.289608107915563        8.396946343676163        6.249617159315597    
     251       1       1    4.291050729223251        3.606776214601207        2.954728800779782    
     251       1       2    4.104976251026461        3.091780274515587        3.012536830127501    
     252       1       1    6.622079334022888        3.391673046760878        3.448072865307555    
     252       1       2    6.963058360993584        3.789214211259620        3.278679553060638    
     253       1       1    6.812332875426637        2.487821297882613        7.823528336758409    
     253       1       2    6.832852892839972        2.064832584230361        7.472516713965683    
     254       1       1    1.151579671038013       0.9460410406691991        5.967695769181857    
     254       1       2    1.516203874650035        1.158874978305716        6.319838913712340    
     255       1       1    7.374464288652588        4.224730779423856        4.288341462375088    
     255       1       2    6.881088326105284        4.143100055672172        4.059468745503316    
     256       1       1    8.244579304177735       0.6249249901748589        5.587805087947850    
     256       1       2    8.149069978139128       0.7874799813200843        6.104016193408666    
     257       1       1    3.182406964750947        6.264387275716472        3.305301991603336    
     257       1       2    3.417993309057347        6.725190581263944        3.489635539912999    
     258       1       1    9.447036979565580       0.6769199924762342        3.338858021664308    
     258       1       2    9.178227107598010        1.004810441780527        3.689442448864101    
     259       1       1    9.597413797868972        3.035547379016658        3.174487831830156    
     259       1       2    9.940516307274240        2.743720184870291        3.490972762043509    
     260       1       1    4.589001414296703        2.671682392297586        9.483393082505042    
     260       1       2    4.107454390491790        2.409086853506726        9.452159832092519    
     261       1       1    8.598514924964640        3.897446376234582        3.728212564884378    
     261       1       2    8.669794226967371        4.417297661912148        3.891232909480172    
     262       1       1    9.095858964587345        4.878753012221191        4.520836559064752    
     262       1       2    9.426114819704669        4.781424123513045        4.091972602090602    
     263       1       1    6.301369410290100        1.393042440523860        5.327767716377198    
     263       1       2    6.713885683197262        1.741471213779948        5.433909480230559    
     264       1       1    6.174247070302464        3.096635496769696        7.026597243892438    
     264       1       2    5.920137740951082        3.077802752297297        7.513709459220463    
     265       1       1    7.186047394322125        1.001789781597280        6.419440345232002    
     265       1       2    7.172320034677530       0.8528362719290964        6.948661988685317    
     266       1       1    6.059774165075583        1.638422750361845        6.570833899991306    
     266       1       2    6.503840515625580        1.882829688103951        6.358675907201975    
     267       1       1    8.264345360712639        3.894358863228045        4.863914213709384    
     267       1       2    8.007188225575048        3.635380067517170        5.274695031216284    
     268       1       1    8.053278593086864        4.891840799081252        3.885672022074945    
     268       1       2    8.380989969976618        4.841378216027437        3.446471452120377    
     269       1       1    3.495780658450957        5.319454615221923        3.455751852151512    
     269       1       2    3.272936300045121        5.205921798561803        3.945297790054645    
     270       1       1    4.868423464296317        3.987286932416127        9.745677463290868    
     270       1       2    4.590154396295726        4.107625242179406        9.286763882625346    
     271       1       1    3.135178789748455        2.874464873453193        2.471859441506692    
     271       1       2    2.891329619134923        3.168146055533970        2.867510958211228    
     272       1       1    7.483812940376894        1.519810467547194        5.485456650835628    
     272       1       2    6.947813545749205        1.599341060623828        5.389975579022468    
     273       1       1    9.435331781120214        4.863108942375088        7.723116863563949    
     273       1       2    9.654280490093655        4.677865019252306        7.253839831460442    
     274       1       1    6.355682170209225        4.519577833233936        4.212835875486788    
     274       1       2    6.125235123452452        4.150232664660611        4.549242553686152    
     275       1       1    4.869672275019215        3.468743190369902        3.960366336910987    
     275       1       2    4.631722746368939        3.176779936459431        4.361101432112084    
     276       1       1    4.353997636172304        5.619983035932743        5.225558756647571    
     276       1       2    4.475957496097193        5.322984112963738        5.672334517367490    
     277       1       1    5.558540366302453        4.063393614821827        3.518850213608479    
     277       1       2    5.864316850623525        3.905452407102366        3.089610811194314    
     278       1       1    4.140105907116539        4.550344581378292        3.812355744404971    
     278       1       2    3.671636842983022        4.583192916986159        3.525757286151749    
     279       1       1    2.123838545803758        3.889384187415007       0.3152562093459774    
     279       1       2    2.259255611500834        3.668669478556088       0.8006716902350608    
     280       1       1    8.574546423243806        6.326013382387833        6.212420775253239    
     280       1       2    8.718298569934019        6.114637891793780        5.725531525002072    
     281       1       1    7.438550997990786        3.385161163339139        8.831813905956846    
     281       1       2    7.365561499993020        3.847291947674972        9.121276554370500    
     282       1       1    8.125577493784137        4.224508782903208        9.193464418844636    
     282       1       2    7.934229605582115        4.391027518605588        9.681443570331279    
     283       1       1    5.494359658721353        3.336014079799620        9.141552076885066    
     283       1       2    4.985859294029257        3.544649395442536        9.124113502211308    
     284       1       1    5.304173077050602        3.846147272821091        8.212310161855850    
     284       1       2    4.950135865744018        4.149491815575630        7.920581011210585    
     285       1       1    9.196367055407558        3.847933841176271       0.3339176624955791E-01
     285       1       2    9.129050404952427        3.344555533343045        9.822335129965914    
     286       1       1    7.265848874627808        8.024432893902002        6.021849140891804    
     286       1       2    7.199550985580355        7.970211320198080        6.564220616809073    
     287       1       1    7.880849926148205        3.286362279864028        9.864249927124531    
     287       1       2    7.780050723653271        3.357883430675308        9.328405112392614    
     288       1       1    2.668130822508596       0.1693911447916991        5.458646412866157    
     288       1       2    2.457090718166642        9.977554427914281        4.988176751896940    
     289       1       1    3.993104337528789        4.297280572728190       0.4599181316666885    
     289       1       2    3.639181359492254        4.703930577702788       0.5681621373666529    
     290       1       1    5.110606691024733        3.707004615846311        5.359566208704057    
     290       1       2    4.606778599102420        3.881611657784454        5.224897019056085    
     291       1       1    5.123807342080148        4.642494212486129        4.487597716756650    
     291       1       2    4.673091398683426        4.945980425905123        4.572194858225318    
     292       1       1   0.1175897316112012        9.080666384320478        6.751021027421762    
     292       1       2   0.1908164104129712        8.599124487348494        6.495987945006387    
     293       1       1    8.368968913223478        3.431809151732992        2.772864685349820    
     293       1       2    8.224989482874880        3.015466463137387        3.101857937439005    
     294       1       1    5.610353912972866        2.471680489995930        8.010451387450498    
     294       1       2    5.107011511930386        2.534114837511435        7.797332315038785    
     295       1       1    9.618791762891018        4.214286728073502        9.191655476238290    
     295       1       2    9.929253071269097        4.631266771748207        9.370775226336592    
     296       1       1    2.654126277417636        4.870300635627979        2.615839750508290    
     296       1       2    3.064061665785927        4.786496840968989        2.258637670057493    
     297       1       1    6.560832619199501        5.463792394759205        4.989092433341589    
     297       1       2    6.656392238304579        5.257283027060118        5.489771930651403    
     298       1       1    3.652671259555518        3.588477712134750        1.389703494568535    
     298       1       2    3.835166973194641        3.146425757765922        1.662457272481815    
     299       1       1    3.602673288476418        4.278896203432025        2.504576188608763    
     299       1       2    3.378873022390085        4.199060187328022        3.000504682591916    
     300       1       1    8.433833150287885        7.452839159889672        6.129140619005471    
     300       1       2    8.878941637190030        7.132414635429975        6.084561513273364    
     301       1       1    4.879027883704658        9.046163293736397        5.030182911864130    
     301       1       2    4.383714453858440        9.156695847189207        4.817434332067890    
     302       1       1    4.642629207582314        2.939590316272129        8.039976096319156    
     302       1       2    5.107485589761532        3.081297697464298        7.781890258431215    
     303       1       1    6.681463397274970        3.494928032037326        7.866728312698010    
     303       1       2    6.246551241706283        3.714352798643608        8.122628540118363    
     304       1       1    1.809533766478572        5.362912780754142       0.5828695810802613    
     304       1       2    1.643647101913548        5.596592149467614       0.1132078283024468    
     305       1       1    5.208258642241192        1.426858353598646        3.835753736022812    
     305       1       2    5.178352912503390        1.039260810314173        4.225584187249648    
     306       1       1    4.005947006475326        6.374805696926790        3.992611701935522    
     306       1       2    3.922765641902610        5.949530154080650        4.331781822389669    
     307       1       1    9.150683809548195        5.777655652038950        5.446191228962101    
     307       1       2    9.349845647780395        5.582071164978879        5.920141846089209    
     308       1       1    5.875536670830483       0.4208523414174007        6.265100359713102    
     308       1       2    5.513214711438073       0.8341180741121480        6.282652769560821    
     309       1       1    9.124071468141997        5.041454011665350        8.917544841741016    
     309       1       2    9.255350912580628        4.642043703208549        8.563240766254419    
     310       1       1   0.4537836882388999        5.598002362543585        8.477592792158788    
     310       1       2   0.5193882704616828        6.083032321794696        8.226611698249796    
     311       1       1    7.336709988932859        6.073049814303295        5.290375814537315    
     311       1       2    7.244416516453603        5.569652462353990        5.493436744485706    
     312       1       1    7.258008161214396        9.065030582767175        3.851662410361984    
     312       1       2    7.775259086364591        9.163919294169181        3.694337237323881    
     313       1       1    6.416468014059022        6.819475561271370        4.625173095228630    
     313       1       2    6.289715702184031        6.570531205321939        4.151412323536710    
     314       1       1   0.5253365111319237        6.146475145219989        5.946647825479467    
     314       1       2   0.5092485681437556        6.014310129145133        5.413016589198085    
     315       1       1    4.640658943587125        5.415810706316413        3.725006379362858    
     315       1       2    4.729487216471304        4.894143528733530        3.575518089058002    
     316       1       1    9.588415260224188        3.626869204106377        1.051138517434340    
     316       1       2    9.717672305319731        3.699798077728224        1.580332861325868    
     317       1       1    1.610078376902173        7.872119811555679        4.277762312841878    
     317       1       2    1.858591630765793        7.740904513909267        4.750411827267553    
     318       1       1    4.547754291637579        3.885743160924831        1.750090619067287    
     318       1       2    4.367012560507016        4.325540353264264        1.473980916808464    
     319       1       1    6.505514716389007        2.841968815428517        8.852802074481067    
     319       1       2    6.578826887256234        2.351284048561114        8.615475049235725    
     320       1       1    1.119673519471730       0.5164911058718623        5.012080813288454    
     320       1       2    1.664100281513924       0.4767037637898249        5.079201435314408    
     321       1       1    6.877476979569560        4.654494640400764        8.697997098829813    
     321       1       2    6.665361203588431        4.456335797092483        8.230686391778598    
     322       1       1    3.306516094419380        2.414782028368645        3.431257401951746    
     322       1       2    3.659614223865691        2.400735886095038        3.010122161373610    
     323       1       1    4.355880600351811        1.497643690986978        2.921503710684375    
     323       1       2    3.993067287415448        1.093311553721450        3.006402086249586    
     324       1       1    3.716104412169784        4.672952669636953        1.531946210719630    
     324       1       2    3.915849236543405        4.949656477517007        1.963064198379400    
     325       1       1    4.069618048873429        7.407260085178775        6.019736736312885    
     325       1       2    3.613943124449154        7.332891643768531        5.720694427558354    
     326       1       1    5.438390466222919        9.435327402650977        6.305242254848221    
     326       1       2    5.162972534874484        9.681105819322401        6.712932887633436    
     327       1       1    6.032658507527209        5.416029060596752        3.597632593918080    
     327       1       2    6.113454147892378        4.884242713269560        3.712252969041750    
     328       1       1    2.393968149613078        8.990831729650468        4.308718493294740    
     328       1       2    2.526843999633476        9.522818973283053        4.266206140217895    
     329       1       1    4.643456005983762        8.742138971256793        5.976319795186104    
     329       1       2    4.696662038093791        8.357885345284274        6.365869205482328    
     330       1       1   0.4703819842059456        5.204838891076843        9.895089296004853    
     330       1       2   0.3678818979946595        4.763404334378996        9.583638794072922    
     331       1       1    8.599182041311320        6.755331584160052        7.483393218189145    
     331       1       2    8.464204216989232        6.876949416066238        6.964134692568455    
     332       1       1    6.131452898779185        4.193287320420609        9.291867640233614    
     332       1       2    6.214726281811302        4.584975485984287        8.914892842256437    
     333       1       1    4.956552922953882        7.479699973393901        6.825150306246891    
     333       1       2    4.633852182799011        7.683830263369605        7.221469305870681    
     334       1       1    7.615604798524850        6.948015317715140        7.096041734809532    
     334       1       2    7.455093221135475        6.650603800788010        7.529915560705109    
     335       1       1   0.8546406092057297        4.863258173486186       0.8056941496707765    
     335       1       2    1.196853289283633        5.272605615204067       0.6726629344356981    
     336       1       1   0.1982928128852446       0.5217450485136290        2.545059067705279    
     336       1       2   0.6018045608509439       0.8356891970235192        2.341365588882484    
     337       1       1    7.840145114680777        5.920521745830282        7.613899808150372    
     337       1       2    7.353849040160063        5.998874824569133        7.369262822592844    
     338       1       1    1.206045530265318        1.366705796735845        7.100847879447147    
     338       1       2   0.8231901272664803        1.476620902213411        6.721753484003941    
     339       1       1    3.395602987174747        5.453087620528100        2.229554729178002    
     339       1       2    2.994723003827878        5.079831666765493        2.178443723252863    
     340       1       1    9.652250425174513        7.331056718695702        5.999646565212440    
     340       1       2    9.504932824558457        6.820308469927213        6.142150752426424    
     341       1       1    3.053735557769454        8.971132318926148        6.927108803875496    
     341       1       2    2.977991926354584        9.446747780964246        6.661546821816378    
     342       1       1    9.639201868545870        8.626966818291116        5.632204942612409    
     342       1       2    9.276391500740749        8.911497013388582        5.332397903317989    
     343       1       1    7.537874476620039        9.919349483121369        2.729721172642441    
     343       1       2    7.127276648918700       0.2581237563563400        2.867539408196681    
     344       1       1    9.661273607172175        6.542107970826542        7.081461819450162    
     344       1       2    9.630771177559328        7.087651035786702        7.018808632929729    
     345       1       1    8.421730858228900        3.233905152595322        1.791856575576865    
     345       1       2    8.788704392359534        3.148946312850663        2.192700172648348    
     346       1       1   0.8722417255009134        8.424414931549181        4.857068279531592    
     346       1       2    1.315315419222984        8.722379927462402        4.989974915107803    
     347       1       1    4.936003574921894        7.085171078478363        4.408756058632787    
     347       1       2    5.365513551851131        7.054015297278900        4.751308455947139    
     348       1       1    9.525894273315375        6.131982822419708        8.155752285847319    
     348       1       2    9.878738216775870        5.959752936316740        8.540783998871705    
     349       1       1    8.351462902444929        3.927289853791354       0.6457197426000145    
     349       1       2    8.464599871535313        4.028298253795790       0.1171842379044283    
     350       1       1    4.615748531068601        4.957013023914509        2.629394538534143    
     350       1       2    5.147829654270290        4.857924806579827        2.531699813817616    
     351       1       1    1.841347861931626        5.176645416485727        8.561575597931668    
     351       1       2    2.005036186738660        5.616091524858253        8.848268772570092    
     352       1       1    5.068289318120383       0.6368813682838311        6.929861454643651    
     352       1       2    4.525361864763648       0.5513376799434411        6.933294238185292    
     353       1       1    9.457474280764176       0.6135080288289941        1.256551274446813    
     353       1       2    9.775582014904563       0.6696525196212908       0.8118547578651215    
     354       1       1   0.2266693325894266        6.374620639862670        3.896227096769814    
     354       1       2    9.973434773369139        6.759655070713461        4.196932885963143    
     355       1       1    8.725521029108736        7.576082661460577        4.095996228223178    
     355       1       2    9.221897103804134        7.344968336866756        4.048072458925677    
     356       1       1    9.294709113474052        4.194844335283240        3.038439256788662    
     356       1       2    9.176862661265046        3.692433625155009        3.229031270018889    
     357       1       1   0.4649184076669478        4.335586728493831        1.894548734583862    
     357       1       2   0.3025612891209652        4.752881128694895        2.213889626637883    
     358       1       1    3.700486942975228        9.867056420178907        7.398604470865971    
     358       1       2    3.805547542892390        9.809502265058130        6.862181581906592    
     359       1       1    4.828090645652701        1.698232211616011        6.928665455016162    
     359       1       2    4.279181982503085        1.679391798271958        6.961610570294090    
     360       1       1    1.810907339440713        8.536078269916352        3.460023652757042    
     360       1       2    2.221273237138420        8.902047319760428        3.464168237484084    
     361       1       1    9.621756928880085        5.062373661415299       0.9679452878022213    
     361       1       2    9.134055171715126        4.909309794563884       0.7659102043418043    
     362       1       1    1.348966029949818        5.683143013804187        9.404961315686158    
     362       1       2    1.821472015762235        5.634283325756072        9.681914876099290    
     363       1       1    3.721324834993966        8.170868169205420        6.884658614831735    
     363       1       2    3.181231129789722        8.231678913917928        6.967987768391903    
     364       1       1    4.168354588394921        3.419693744425705        8.808466777800858    
     364       1       2    4.410352576245812        3.626809506888761        8.360114669939035    
     365       1       1   0.5368104791963284        1.703619976271400       0.4053590146491872    
     365       1       2    1.038040279566318        1.796086486305904       0.1995654047273661    
     366       1       1    6.901813058826315        4.720395119846692        3.011309056452837    
     366       1       2    7.251499185853889        4.880949339299527        3.403708738219636    
     367       1       1    8.152749250679287        4.632958927934244        2.667974355537429    
     367       1       2    8.291256355965809        5.133895052258000        2.847478355602701    
     368       1       1    4.417812678937829        5.405434554535210        1.259025650439423    
     368       1       2    4.530749638801131        5.534714100364270       0.7365205117702054    
     369       1       1    5.136678174191255        8.465100071319055        6.861402747944643    
     369       1       2    5.277433930499932        8.303857999148976        7.368027252915478    
     370       1       1    3.826258240840927        4.615813134092257        9.205296181859298    
     370       1       2    3.540981960220607        4.477855221684112        8.755795790493407    
     371       1       1    6.613288888276906        3.069185983667882        9.983237677797248    
     371       1       2    6.290614315993028        3.076888345128188       0.4283335564783237    
     372       1       1    9.539810520996189        5.141725127440875        3.448850711776896    
     372       1       2   0.8262583676072625E-01    5.108113226881060        3.530125450119278    
     373       1       1   0.7171913908107372        4.598280236611367        3.092960029389131    
     373       1       2    1.248424709614119        4.483454627265952        3.175994887256990    
     374       1       1    9.645085154435458        5.309072433317945        2.327987629799177    
     374       1       2    9.630841267190871        5.610227756051474        1.867417392946217    
     375       1       1    8.067628893669706       0.9092301023706257        1.242417769087274    
     375       1       2    7.670225641807541       0.9196364194578607       0.8619838617439926    
     376       1       1   0.8550134423523788E-01    8.799617774411191        2.499887684214290    
     376       1       2    9.886134629455976        9.185266982879192        2.162440642513054    
     377       1       1    9.280452429523255        7.937309234624856        6.835268975993512    
     377       1       2    9.461686429826784        8.427433786680581        7.007605143087301    
     378       1       1    9.181389152241268        4.375770264354564        1.708628759591846    
     378       1       2    9.334119066432418        4.752202215410806        2.079239919191298    
     379       1       1    1.177806280308434        8.932504145997163        2.663028323842221    
     379       1       2    1.062751653138037        9.149179068195881        3.155171878118261    
     380       1       1    3.497930820614811        2.612560166735647        8.173992283795837    
     380       1       2    3.817554564085599        2.219886848057329        8.388559743039941    
     381       1       1    1.589667667251413       0.3328652197528253        2.757111776712390    
     381       1       2    1.529062713562539       0.1931097073186344        2.228693655571591    
     382       1       1    2.751575334866453       0.7702711403234467        7.817046523310110    
     382       1       2    2.964665805630402        1.275619439824303        7.775874624278618    
     383       1       1    1.464835105163447        7.644608574641711        6.257378591597705    
     383       1       2    1.307396044648464        7.122705184626448        6.330244025950377    
     384       1       1    1.588858425035289        7.697771873995702        2.828519512006390    
     384       1       2    1.468890395459155        7.545750234597616        3.343288423055500    
     385       1       1    9.700989111232767       0.7212732070301081E-01    7.411946747972237    
     385       1       2    9.512778633420631       0.4879155853546459        7.105206863283295    
     386       1       1    7.582582160634542        2.405148557179189        9.260968016036493    
     386       1       2    7.986613178764033        2.740418901819052        9.097466320391431    
     387       1       1   0.7879328245353754        5.661503455350209        1.518466265019728    
     387       1       2   0.8898961945195206        5.629748376456090       0.9790416677622966    
     388       1       1    6.611435059738242        1.527715908524415        8.784432026707231    
     388       1       2    6.872423225938685        1.979962691091220        8.956879400841478    
     389       1       1    7.022570070508823        4.106506316185056       0.7364675459216456E-01
     389       1       2    6.501724701789029        3.980632898771976       0.1964149857297512    
     390       1       1    3.890489311488556        4.432256812956083        6.235282582300605    
     390       1       2    3.795038419382968        4.711147473731033        6.699502351038809    
     391       1       1    8.691762507311555        1.663206701347385       0.5920009079800131    
     391       1       2    8.514933284441067        2.031451416258180       0.9602492395281095    
     392       1       1    6.371946177679687        9.274732808094878        3.268128350180409    
     392       1       2    6.723217021386419        9.415623108992039        3.667113302142276    
     393       1       1   0.4393228700666609        7.876765664542939        2.292513690497049    
     393       1       2    9.894950824879350        7.853862209307601        2.365524388765250    
     394       1       1    6.892713451836498        5.675386680142540        7.958963535669872    
     394       1       2    6.474986005902672        5.550545287947084        7.624128558982759    
     395       1       1    2.731320312668150        1.616805352096145        3.222332179504726    
     395       1       2    2.999812107760481        1.342998811753982        2.828096574513724    
     396       1       1    2.464508807283765        5.558020451402789        7.521201592109398    
     396       1       2    1.970200064788888        5.731757158101708        7.688788771519153    
     397       1       1    2.246887452112964        6.844707738046518        6.559203917660280    
     397       1       2    1.780890704915234        6.765378201061748        6.277876132388922    
     398       1       1    8.936018775151876        1.087877595319225        8.200201514421247    
     398       1       2    8.921998307671503       0.9724318725955496        8.738468644926513    
     399       1       1    4.532101073974839        1.578171280326289        8.464155046523683    
     399       1       2    4.636031768264958        1.953756895412820        8.076431033301388    
     400       1       1   0.3093401390363630       0.7810118145449942        7.926435656153608    
     400       1       2   0.5356782831940754        1.020999368333517        7.486222006444956    
     401       1       1    5.328022918370564        6.446991740600619        3.739971503581212    
     401       1       2    4.954648571560873        6.343458496699313        3.349247775587163    
     402       1       1    6.819563524867667        1.499469609725055        7.308379154222247    
     402       1       2    6.708695967141205       0.9784305076763459        7.444194709644396    
     403       1       1    3.040997295451215        1.619858946813554        8.332884642519494    
     403       1       2    2.543778639602083        1.839093162804587        8.418333068000292    
     404       1       1    7.990296926593221        8.514273506156309        6.810205404092106    
     404       1       2    7.912066036192577        8.027933405679606        7.054609386342658    
     405       1       1    7.798944280518733        2.468714944967596       0.9081363548443457    
     405       1       2    8.089668879508110        2.475483571248604       0.4416286409258198    
     406       1       1    6.527945900451205        6.672753078745398        7.678824737863243    
     406       1       2    6.575939661604681        6.649678012421941        7.131346516593894    
     407       1       1    8.848950110224287        5.014768859575553       0.4627430281901437E-01
     407       1       2    8.611685297474542        5.247129255017093       0.4847743801517563    
     408       1       1    1.098345364883905        1.740985443421963        8.137572172402363    
     408       1       2   0.8347213378674313        2.206750633987497        8.265469501158396    
     409       1       1    1.599132988672867        1.354509151983904        8.924220564567197    
     409       1       2    1.516066727047937        1.383168827230020        9.466875771028169    
     410       1       1    2.387744811872333        1.892978593001864        9.320811519618150    
     410       1       2    2.227637019171626        2.327956204632976        9.024806257335479    
     411       1       1    7.235039251586671        3.652352313806399        2.339514281321802    
     411       1       2    7.353863751180227        3.130595441049584        2.211283742473884    
     412       1       1    2.141676655911099        1.563638182375310        7.746010172357894    
     412       1       2    2.116471263062888        1.884298841890583        8.192016340134858    
     413       1       1    9.714648919486692        5.919241182836485        9.464190241168952    
     413       1       2   0.2538319380849769        5.832707533221714        9.531911486029289    
     414       1       1    4.089468537309641        6.073626019783893        2.595711918920685    
     414       1       2    3.909487326983797        5.554209795229455        2.616317463398572    
     415       1       1    1.505279787068430        9.944684333479472        8.152071181557435    
     415       1       2    1.775141663261377       0.1242758327289339        7.707884809344775    
     416       1       1    1.681067384462116        1.547870130841733        9.968063441447370    
     416       1       2    1.327030594706640        1.784138344272782        9.620566048352494    
     417       1       1    5.598062315253525        1.682892051243859        9.047856690678103    
     417       1       2    5.731271114332884        1.287693190185623        8.688997747351470    
     418       1       1    2.428825749836111       0.6341650347225576        8.885583574789555    
     418       1       2    2.689771516174064        1.082210582288275        9.068018389649367    
     419       1       1    5.225416805800328        8.947803647131799        2.884172557230946    
     419       1       2    5.075472879911629        9.416885881195439        2.638670533123589    
     420       1       1    4.409205310762152        9.944710922505116        2.854842099857712    
     420       1       2    3.944195111298106        9.942874736276099        3.148735246559900    
     421       1       1   0.9637821807104414        6.146722467201259       0.2418375206808100    
     421       1       2    1.420257521396728        6.082423803830920       0.5424991189234095    
     422       1       1    9.155299448159505        9.302606765379096        7.078431070782339    
     422       1       2    8.676097550317426        9.478620690866538        7.282186497531121    
     423       1       1    6.788087708846330        8.799168531952860        6.968540179033835    
     423       1       2    6.865855562622511        8.679472511309458        7.499799120064623    
     424       1       1    3.211520841473712        9.364993719763628        3.212007265778330    
     424       1       2    3.037383030736070        8.941797413119872        2.906733703577867    
     425       1       1    8.812425452520756       0.1577519301927602        2.309467166671678    
     425       1       2    8.693580654362046       0.2388765129769495        1.778635818321759    
     426       1       1    3.183574844960962        4.903468580440205        8.476147368016502    
     426       1       2    2.760366260870463        4.582549773565528        8.334635597897025    
     427       1       1    7.430396371790149        3.738746405296560       0.9919121161039482    
     427       1       2    7.144652452942188        4.082594432188448        1.312427304679993    
     428       1       1    5.699899165908279        1.216004659805548        7.888958019847242    
     428       1       2    5.792205631953392       0.8503651236157836        7.488233909058962    
     429       1       1    3.666672839767950        7.338455519231900        3.816280620253389    
     429       1       2    3.496820615567372        7.567609197175631        4.286130363421433    
     430       1       1    3.531473442824871        1.955489716447121        2.547580495770910    
     430       1       2    3.712863898395074        1.659848879058941        2.974892383412852    
     431       1       1    6.831977599883378        7.656139020433035        7.553848175802120    
     431       1       2    6.457055423215846        7.593064548146341        7.950552256666726    
     432       1       1   0.6682785520200809        6.490492975562415        2.595554386988879    
     432       1       2   0.8349925852316528        7.014090321856481        2.624620125410674    
     433       1       1    7.718021000330207        7.195682399004703        8.072907344701450    
     433       1       2    7.303865536777263        7.174624134914568        7.711060342577035    
     434       1       1    8.105612826756957        4.231928533276873        1.603884800609392    
     434       1       2    7.873803990676324        3.926763714926137        1.997659168162564    
     435       1       1   0.4424850316624332        6.662713040678683        9.207231620420858    
     435       1       2   0.7041083918389005        7.143241120234474        9.263225170379107    
     436       1       1    8.247220995293171        9.234517886640697        2.930822751609087    
     436       1       2    8.119671664508651        9.734480307961892        3.121232703700238    
     437       1       1    5.906312506077000        9.529930612349556        7.343566193137189    
     437       1       2    6.452594863943638        9.528836019544167        7.410467902935419    
     438       1       1    9.733498150860795        7.567627227867979        7.961482048014560    
     438       1       2    9.271404979461572        7.546890318963482        8.258060936240428    
     439       1       1    1.407325875540260        5.740728461912536        3.669977257678906    
     439       1       2    1.282259073449075        5.247531481244637        3.878261846507078    
     440       1       1    4.956640977185629       0.5128228926439392        8.325284652941967    
     440       1       2    4.549968469210213       0.2928755795084107        8.026900307227741    
     441       1       1    3.856173780042850        8.900996462142089        2.428464057781703    
     441       1       2    4.180442726653903        8.513987786936475        2.647248204019988    
     442       1       1    4.234117115289661        6.972959012467738        3.038595207757653    
     442       1       2    4.311123633088011        6.508388531155449        3.323081998676678    
     443       1       1    1.080052025847043        5.394488330317523        2.469315165526826    
     443       1       2   0.5923209313026045        5.505282943422874        2.239890885671400    
     444       1       1    5.511725661238136       0.7621073990197729        2.538676119451160    
     444       1       2    5.622269365556440        1.198028777483557        2.855447500476330    
     445       1       1    7.183762621694682        6.303453891221345        8.699461521216692    
     445       1       2    7.309186962934081        5.798007796407358        8.876285878568352    
     446       1       1    5.599147610672866        7.692883073805388        7.801442601198825    
     446       1       2    5.801766868179851        7.819614770379911        8.296779241335143    
     447       1       1    4.869742322922527        3.004640605380184        1.403559797515626    
     447       1       2    4.535182077937237        3.266603908079606        1.753184221119090    
     448       1       1    5.223308838920541        4.208889785719767        6.584092146055153    
     448       1       2    5.083285213611348        3.897470022978851        6.153592121530578    
     449       1       1    4.876910224347651        9.653439814464750        1.816383060938053    
     449       1       2    5.203576716827851        9.652614454180723        1.373690400541870    
     450       1       1    1.380614681067743       0.5669836574626953        9.914802888271513    
     450       1       2    1.041856740661135       0.9125189635312909        9.654480846451094    
     451       1       1    5.133276666293990        2.110714406509874       0.5982619676936920    
     451       1       2    5.197966992762770        2.445948685249667        1.029680106066128    
     452       1       1    7.838368983319267        5.205590237672989        9.292152126148501    
     452       1       2    7.902189543527432        5.722109958729961        9.113234555677638    
     453       1       1    7.005864467266013        4.698692604893230        1.777358976711282    
     453       1       2    6.821919713077928        5.211318687705440        1.855251830843481    
     454       1       1   0.4559955190748314       0.6294561475867713        1.573920023135488    
     454       1       2   0.2158357566481648       0.9588812366011171        1.942796473871539    
     455       1       1    2.705966169040454        1.123780654701335       0.2325108654624412    
     455       1       2    2.260116140994870       0.8155378730208179       0.3226401915422821    
     456       1       1    5.799180160202853        2.105280457787710        1.655022837265626    
     456       1       2    5.980477717993223        2.624500494896594        1.651070357693110    
     457       1       1    2.875083766514910        8.098575027051572        4.623314915411972    
     457       1       2    3.391999517325814        7.912249350094100        4.623378601655021    
     458       1       1    4.655715923601793        7.969447175243208        3.051349361267870    
     458       1       2    4.821863563117300        7.613173990648133        3.435254994474660    
     459       1       1    4.613769175358685        1.823961008858985        1.569798710103519    
     459       1       2    4.550439025847474        1.883906253638898        2.112944085353216    
     460       1       1    8.228535393283625        9.689160024829727        1.583659860489422    
     460       1       2    8.370246005631346       0.9742341268924519E-01    1.243320948396987    
     461       1       1    7.122640311203877        8.429129487903817        8.326337043437782    
     461       1       2    7.611854064062286        8.222587841212730        8.183159714000285    
     462       1       1   0.2785272542484690        9.669147046071808        1.947311046927816    
     462       1       2    9.839464166905076        9.867406412912574        2.213947544185601    
     463       1       1    4.745290396679176       0.5759628676653092        1.271537987186987    
     463       1       2    4.928590604041342       0.5175224867494340       0.7562952761003376    
     464       1       1    7.037843342620395        5.490184979515375        4.060783153942148    
     464       1       2    7.354490362940359        5.922961853237010        4.182900784057915    
     465       1       1    4.051036697488940        8.726344143669092        7.749857957954686    
     465       1       2    4.254929805501249        9.127505329543407        8.066677285998676    
     466       1       1    3.386599645606389        6.806392260905912        6.532991062842610    
     466       1       2    3.641792627121810        6.627988293652043        6.986573510420686    
     467       1       1    5.259391764362219        6.826991306409065        2.730840656191047    
     467       1       2    4.824402036484689        7.069836280159075        2.964110844585594    
     468       1       1    6.399896942863630        7.256833008987728        3.417745851581877    
     468       1       2    6.339041380735561        7.170064208665173        2.877704224466047    
     469       1       1    7.107333985680802        9.515919971054176        7.654529896357278    
     469       1       2    6.829513867799279        9.044825968335376        7.718284234093657    
     470       1       1    3.028534393987656        7.661412419626155        7.651934595122188    
     470       1       2    2.804296523005033        7.432561838653204        8.099098801728097    
     471       1       1    1.901393476487907        8.512381200609685        7.311451715495289    
     471       1       2    1.813378816742451        8.032240053844147        7.058090762814259    
     472       1       1    3.337905991146569        9.626295052951715        4.611766711288815    
     472       1       2    3.618171176276211        9.894368901019629        4.221299015882958    
     473       1       1    6.316354807114503        9.524223703653368        1.821664070110508    
     473       1       2    5.938647072031444        9.910430250901745        1.925456344985311    
     474       1       1    8.589937812982525        5.956739891138648        9.225157169866463    
     474       1       2    9.091479383503859        5.966779692978435        8.999413995337864    
     475       1       1    5.299279696980537        3.761665042558232       0.6987629363392099    
     475       1       2    5.400534474309598        3.559910000388917       0.1975743642876644    
     476       1       1    1.679591229044587        6.876999641187465        8.164880682023918    
     476       1       2    1.348202842131737        6.635676581331328        7.798530638391412    
