      1000     511       1      19       0    20383.53       -3.751735    
      2000     511       1      19       0    20383.53       -3.750479    
      3000     498       1      19       1    19864.97       -3.598089    
      4000     511       1      19       1    20383.53       -3.735281    
      5000     497       1      19       2    19825.08       -3.647372    
      6000     510       1      19       2    20343.64       -3.758865    
      7000     499       1      19       3    19904.86       -3.608705    
      8000     500       1      19       3    19944.75       -3.753263    
      9000     475       1      19       4    18947.51       -3.613694    
     10000     481       1      19       4    19186.85       -3.627125    
     11000     505       1      19       5    20144.19       -3.693966    
     12000     493       1      19       5    19665.52       -3.525114    
     13000     472       1      19       6    18827.84       -3.641514    
     14000     466       1      19       6    18588.50       -3.545534    
     15000     471       1      19       7    18787.95       -3.622902    
     16000     502       1      19       7    20024.52       -3.656970    
     17000     496       1      19       8    19785.19       -3.796248    
     18000     496       1      19       8    19785.19       -3.700778    
     19000     485       1      19       9    19346.40       -3.615955    
     20000     483       1      19       9    19266.62       -3.503644    
     21000     504       1      19      10    20104.30       -3.776398    
     22000     494       1      19      10    19705.41       -3.618595    
     23000     481       1      19      10    19186.85       -3.491675    
     24000     512       1      19      11    20423.42       -3.611154    
     25000     483       1      19      11    19266.62       -3.594929    
     26000     472       1      19      12    18827.84       -3.598229    
     27000     487       1      19      12    19426.18       -3.663929    
     28000     487       1      19      13    19426.18       -3.665654    
     29000     508       1      19      13    20263.86       -3.715775    
     30000     508       1      19      14    20263.86       -3.626180    
     31000     494       1      19      14    19705.41       -3.673168    
     32000     497       1      19      15    19825.08       -3.788982    
     33000     509       1      19      15    20303.75       -3.626963    
     34000     468       1      18      16    18668.28       -3.576776    
     35000     480       1      18      16    19146.96       -3.610340    
     36000     448       1      18      17    17870.49       -3.533632    
     37000     462       1      18      17    18428.95       -3.573849    
     38000     449       1      18      17    17910.38       -3.560398    
     39000     446       1      17      18    17790.71       -3.488554    
     40000     455       1      17      18    18149.72       -3.573103    
     41000     455       1      17      19    18149.72       -3.533598    
     42000     458       1      17      19    18269.39       -3.571181    
     43000     421       1      17      20    16793.48       -3.392855    
     44000     423       1      17      20    16873.26       -3.527008    
     45000     431       1      17      20    17192.37       -3.550752    
     46000     444       1      17      21    17710.93       -3.599580    
     47000     440       1      17      21    17551.38       -3.491786    
     48000     434       1      17      22    17312.04       -3.563303    
     49000     416       1      17      22    16594.03       -3.590214    
     50000     440       1      17      22    17551.38       -3.573137    
     51000     435       1      17      23    17351.93       -3.633897    
     52000     416       1      17      23    16594.03       -3.534953    
     53000     420       1      17      24    16753.59       -3.564826    
     54000     421       1      17      24    16793.48       -3.511354    
     55000     417       1      17      24    16633.92       -3.581733    
     56000     431       1      17      25    17192.37       -3.383921    
     57000     432       1      17      25    17232.26       -3.615763    
     58000     444       1      18      26    17710.93       -3.572039    
     59000     466       1      18      26    18588.50       -3.623467    
     60000     474       1      18      26    18907.62       -3.702922    
     61000     479       1      18      27    19107.07       -3.687831    
     62000     481       1      18      27    19186.85       -3.541044    
     63000     469       1      18      28    18708.17       -3.537249    
     64000     444       1      18      28    17710.93       -3.394220    
     65000     442       1      18      29    17631.16       -3.631930    
     66000     464       1      18      29    18508.72       -3.492203    
     67000     472       1      18      30    18827.84       -3.578894    
     68000     484       1      18      30    19306.51       -3.530322    
     69000     482       1      18      30    19226.74       -3.623991    
     70000     456       1      18      31    18189.61       -3.630285    
     71000     450       1      18      31    17950.27       -3.635159    
     72000     469       1      18      32    18708.17       -3.623310    
     73000     443       1      18      32    17671.04       -3.619707    
     74000     443       1      18      33    17671.04       -3.529094    
     75000     477       1      18      33    19027.29       -3.606657    
     76000     468       1      18      34    18668.28       -3.534194    
     77000     466       1      18      34    18588.50       -3.611336    
     78000     457       1      18      34    18229.50       -3.475950    
     79000     446       1      18      35    17790.71       -3.506031    
     80000     487       1      18      35    19426.18       -3.627772    
     81000     446       1      18      36    17790.71       -3.564359    
     82000     471       1      18      36    18787.95       -3.575282    
     83000     472       1      18      37    18827.84       -3.595625    
     84000     480       1      18      37    19146.96       -3.710611    
     85000     466       1      18      38    18588.50       -3.632562    
     86000     478       1      18      38    19067.18       -3.447770    
     87000     457       1      18      38    18229.50       -3.551363    
     88000     469       1      18      39    18708.17       -3.481371    
     89000     460       1      18      39    18349.17       -3.583813    
     90000     482       1      18      40    19226.74       -3.638643    
     91000     474       1      18      40    18907.62       -3.596196    
     92000     465       1      18      41    18548.61       -3.664722    
     93000     488       1      18      41    19466.07       -3.582636    
     94000     460       1      18      42    18349.17       -3.563373    
     95000     451       1      18      42    17990.16       -3.611888    
     96000     482       1      18      42    19226.74       -3.545682    
     97000     477       1      18      43    19027.29       -3.587296    
     98000     480       1      18      43    19146.96       -3.633642    
     99000     472       1      18      44    18827.84       -3.553059    
    100000     462       1      18      44    18428.95       -3.611345    
    101000     484       1      18      45    19306.51       -3.598311    
    102000     478       1      18      45    19067.18       -3.658031    
    103000     456       1      17      46    18189.61       -3.450110    
    104000     423       1      17      46    16873.26       -3.562702    
    105000     416       1      17      46    16594.03       -3.554525    
    106000     455       1      17      47    18149.72       -3.621116    
    107000     425       1      17      47    16953.03       -3.580683    
    108000     393       1      16      48    15676.57       -3.484805    
    109000     432       1      16      48    17232.26       -3.599056    
    110000     430       1      16      48    17152.48       -3.539269    
    111000     398       1      16      49    15876.02       -3.315436    
    112000     401       1      16      49    15995.69       -3.471228    
    113000     404       1      16      50    16115.35       -3.484258    
    114000     396       1      16      50    15796.24       -3.408595    
    115000     396       1      16      50    15796.24       -3.476102    
    116000     424       1      16      51    16913.14       -3.433512    
    117000     419       1      16      51    16713.70       -3.332732    
    118000     427       1      16      51    17032.81       -3.538937    
    119000     415       1      16      52    16554.14       -3.606200    
    120000     396       1      16      52    15796.24       -3.352679    
    121000     427       1      16      53    17032.81       -3.547987    
    122000     440       1      16      53    17551.38       -3.346461    
    123000     421       1      16      53    16793.48       -3.514912    
    124000     432       1      17      54    17232.26       -3.625531    
    125000     434       1      17      54    17312.04       -3.526220    
    126000     438       1      17      55    17471.60       -3.497062    
    127000     419       1      17      55    16713.70       -3.570411    
    128000     438       1      17      56    17471.60       -3.595707    
    129000     419       1      17      56    16713.70       -3.551827    
    130000     424       1      17      56    16913.14       -3.679690    
    131000     431       1      17      57    17192.37       -3.554086    
    132000     461       1      17      57    18389.06       -3.620889    
    133000     445       1      18      58    17750.82       -3.578834    
    134000     451       1      18      58    17990.16       -3.456247    
    135000     449       1      18      59    17910.38       -3.553991    
    136000     454       1      18      59    18109.83       -3.590886    
    137000     479       1      18      60    19107.07       -3.564081    
    138000     468       1      18      60    18668.28       -3.637554    
    139000     444       1      18      60    17710.93       -3.501015    
    140000     470       1      18      61    18748.06       -3.543632    
    141000     451       1      18      61    17990.16       -3.582332    
    142000     438       1      17      62    17471.60       -3.518510    
    143000     431       1      17      62    17192.37       -3.618295    
    144000     416       1      17      63    16594.03       -3.536332    
    145000     442       1      17      63    17631.16       -3.545832    
    146000     418       1      17      63    16673.81       -3.482425    
    147000     426       1      16      64    16992.92       -3.479736    
    148000     398       1      16      64    15876.02       -3.466361    
    149000     423       1      16      64    16873.26       -3.466034    
    150000     410       1      16      65    16354.69       -3.623038    
    151000     428       1      16      65    17072.70       -3.691970    
    152000     429       1      16      66    17112.59       -3.531498    
    153000     431       1      16      66    17192.37       -3.505849    
    154000     430       1      16      66    17152.48       -3.583878    
    155000     420       1      16      67    16753.59       -3.528167    
    156000     411       1      16      67    16394.58       -3.512645    
    157000     392       1      16      68    15636.68       -3.629273    
    158000     410       1      16      68    16354.69       -3.338375    
    159000     429       1      16      68    17112.59       -3.542866    
    160000     420       1      16      69    16753.59       -3.585352    
    161000     440       1      16      69    17551.38       -3.535177    
    162000     433       1      16      69    17272.15       -3.704064    
    163000     404       1      16      70    16115.35       -3.554089    
    164000     415       1      16      70    16554.14       -3.551854    
    165000     399       1      16      71    15915.91       -3.593939    
    166000     436       1      16      71    17391.82       -3.571403    
    167000     435       1      16      71    17351.93       -3.470200    
    168000     431       1      16      72    17192.37       -3.541923    
    169000     432       1      16      72    17232.26       -3.618600    
    170000     406       1      16      73    16195.13       -3.566260    
    171000     408       1      16      73    16274.91       -3.682276    
    172000     432       1      16      73    17232.26       -3.769791    
    173000     394       1      16      74    15716.46       -3.543720    
    174000     439       1      16      74    17511.49       -3.739907    
    175000     438       1      16      75    17471.60       -3.464660    
    176000     422       1      16      75    16833.37       -3.399372    
    177000     404       1      16      75    16115.35       -3.575317    
    178000     432       1      16      76    17232.26       -3.567490    
    179000     421       1      16      76    16793.48       -3.561841    
    180000     418       1      16      77    16673.81       -3.461514    
    181000     399       1      16      77    15915.91       -3.456627    
    182000     423       1      16      77    16873.26       -3.501520    
    183000     411       1      16      78    16394.58       -3.508523    
    184000     432       1      16      78    17232.26       -3.506527    
    185000     427       1      16      79    17032.81       -3.571178    
    186000     392       1      16      79    15636.68       -3.527200    
    187000     424       1      16      79    16913.14       -3.566423    
    188000     409       1      16      80    16314.80       -3.551068    
    189000     407       1      16      80    16235.02       -3.413469    
    190000     417       1      16      81    16633.92       -3.535728    
    191000     410       1      16      81    16354.69       -3.516407    
    192000     415       1      16      81    16554.14       -3.546276    
    193000     426       1      16      82    16992.92       -3.538843    
    194000     420       1      16      82    16753.59       -3.524772    
    195000     417       1      16      83    16633.92       -3.638472    
    196000     419       1      16      83    16713.70       -3.566361    
    197000     407       1      16      83    16235.02       -3.531096    
    198000     415       1      16      84    16554.14       -3.407316    
    199000     409       1      16      84    16314.80       -3.469121    
    200000     404       1      16      85    16115.35       -3.544816    
    201000     392       1      16      85    15636.68       -3.444882    
    202000     413       1      16      85    16474.36       -3.468415    
    203000     389       1      15      86    15517.01       -3.584034    
    204000     403       1      15      86    16075.47       -3.492597    
    205000     410       1      15      86    16354.69       -3.572123    
    206000     413       1      15      87    16474.36       -3.600421    
    207000     399       1      15      87    15915.91       -3.468594    
    208000     408       1      15      87    16274.91       -3.561948    
    209000     385       1      15      88    15357.45       -3.447452    
    210000     371       1      15      88    14799.00       -3.580789    
    211000     410       1      15      88    16354.69       -3.571486    
    212000     384       1      15      89    15317.56       -3.501441    
    213000     392       1      15      89    15636.68       -3.547069    
    214000     401       1      15      90    15995.69       -3.502335    
    215000     398       1      15      90    15876.02       -3.521229    
    216000     384       1      15      90    15317.56       -3.469189    
    217000     395       1      15      91    15756.35       -3.633462    
    218000     374       1      15      91    14918.67       -3.539856    
    219000     385       1      15      91    15357.45       -3.526744    
    220000     401       1      15      92    15995.69       -3.407878    
    221000     413       1      15      92    16474.36       -3.655825    
    222000     402       1      15      92    16035.58       -3.615410    
    223000     402       1      15      93    16035.58       -3.503098    
    224000     393       1      15      93    15676.57       -3.484381    
    225000     402       1      15      93    16035.58       -3.474811    
    226000     399       1      16      94    15915.91       -3.430097    
    227000     424       1      16      94    16913.14       -3.484515    
    228000     429       1      16      94    17112.59       -3.654313    
    229000     394       1      16      95    15716.46       -3.542435    
    230000     404       1      16      95    16115.35       -3.614703    
    231000     405       1      16      96    16155.24       -3.618902    
    232000     413       1      16      96    16474.36       -3.522726    
    233000     425       1      16      96    16953.03       -3.598325    
    234000     404       1      16      97    16115.35       -3.610383    
    235000     393       1      16      97    15676.57       -3.466707    
    236000     405       1      16      97    16155.24       -3.563695    
    237000     406       1      16      98    16195.13       -3.351831    
    238000     409       1      16      98    16314.80       -3.565056    
    239000     392       1      16      99    15636.68       -3.520305    
    240000     411       1      16      99    16394.58       -3.350843    
    241000     398       1      16      99    15876.02       -3.596866    
    242000     405       1      16     100    16155.24       -3.580427    
    243000     397       1      16     100    15836.13       -3.606526    
    244000     395       1      16     101    15756.35       -3.601918    
    245000     411       1      16     101    16394.58       -3.487598    
    246000     427       1      16     101    17032.81       -3.408123    
    247000     424       1      16     102    16913.14       -3.438663    
    248000     426       1      16     102    16992.92       -3.524254    
    249000     406       1      16     103    16195.13       -3.564528    
    250000     405       1      16     103    16155.24       -3.630477    
    251000     428       1      16     103    17072.70       -3.446653    
    252000     407       1      16     104    16235.02       -3.602785    
    253000     393       1      16     104    15676.57       -3.447457    
    254000     393       1      16     105    15676.57       -3.556654    
    255000     421       1      16     105    16793.48       -3.527430    
    256000     433       1      16     105    17272.15       -3.529741    
    257000     412       1      16     106    16434.47       -3.460402    
    258000     406       1      16     106    16195.13       -3.646189    
    259000     439       1      16     107    17511.49       -3.485035    
    260000     418       1      16     107    16673.81       -3.574107    
    261000     429       1      17     108    17112.59       -3.467922    
    262000     421       1      17     108    16793.48       -3.744615    
    263000     438       1      17     109    17471.60       -3.579706    
    264000     431       1      17     109    17192.37       -3.494546    
    265000     438       1      17     109    17471.60       -3.537124    
    266000     443       1      17     110    17671.04       -3.538885    
    267000     450       1      17     110    17950.27       -3.506957    
    268000     441       1      17     111    17591.27       -3.522906    
    269000     461       1      17     111    18389.06       -3.615118    
    270000     446       1      17     112    17790.71       -3.399216    
    271000     454       1      17     112    18109.83       -3.549828    
    272000     452       1      17     112    18030.05       -3.547398    
    273000     463       1      17     113    18468.83       -3.609990    
    274000     430       1      17     113    17152.48       -3.569759    
    275000     418       1      17     114    16673.81       -3.639621    
    276000     441       1      17     114    17591.27       -3.683320    
    277000     420       1      17     115    16753.59       -3.537769    
    278000     419       1      17     115    16713.70       -3.407727    
    279000     437       1      17     115    17431.71       -3.547771    
    280000     420       1      17     116    16753.59       -3.360987    
    281000     442       1      17     116    17631.16       -3.692402    
    282000     451       1      17     117    17990.16       -3.420381    
    283000     447       1      17     117    17830.60       -3.531698    
    284000     457       1      17     117    18229.50       -3.640840    
    285000     429       1      17     118    17112.59       -3.588313    
    286000     432       1      17     118    17232.26       -3.490079    
    287000     425       1      17     119    16953.03       -3.479984    
    288000     416       1      17     119    16594.03       -3.460970    
    289000     436       1      17     119    17391.82       -3.614329    
    290000     416       1      17     120    16594.03       -3.609785    
    291000     417       1      17     120    16633.92       -3.529927    
    292000     421       1      17     121    16793.48       -3.687360    
    293000     434       1      17     121    17312.04       -3.595116    
    294000     457       1      18     122    18229.50       -3.650350    
    295000     450       1      18     122    17950.27       -3.518468    
    296000     487       1      18     123    19426.18       -3.671524    
    297000     441       1      18     123    17591.27       -3.581854    
    298000     479       1      19     124    19107.07       -3.578028    
    299000     472       1      19     124    18827.84       -3.516555    
    300000     499       1      19     124    19904.86       -3.508291    
    301000     498       1      19     125    19864.97       -3.601388    
    302000     504       1      19     125    20104.30       -3.644920    
    303000     491       1      19     126    19585.74       -3.510090    
    304000     476       1      19     126    18987.40       -3.565308    
    305000     467       1      19     127    18628.39       -3.641235    
    306000     478       1      19     127    19067.18       -3.535680    
    307000     498       1      19     128    19864.97       -3.684619    
    308000     480       1      19     128    19146.96       -3.638052    
    309000     504       1      19     128    20104.30       -3.611340    
    310000     482       1      19     129    19226.74       -3.625577    
    311000     489       1      19     129    19505.96       -3.583661    
    312000     498       1      19     130    19864.97       -3.596026    
    313000     479       1      19     130    19107.07       -3.573190    
    314000     498       1      19     131    19864.97       -3.699285    
    315000     481       1      19     131    19186.85       -3.705925    
    316000     491       1      19     132    19585.74       -3.642411    
    317000     511       1      19     132    20383.53       -3.752617    
    318000     504       1      19     133    20104.30       -3.722242    
    319000     504       1      19     133    20104.30       -3.626888    
    320000     470       1      19     133    18748.06       -3.641479    
    321000     467       1      19     134    18628.39       -3.490913    
    322000     495       1      19     134    19745.30       -3.663224    
    323000     512       1      19     135    20423.42       -3.661915    
    324000     512       1      19     135    20423.42       -3.721350    
    325000     465       1      19     136    18548.61       -3.653311    
    326000     500       1      19     136    19944.75       -3.648083    
    327000     476       1      19     137    18987.40       -3.613435    
    328000     504       1      19     137    20104.30       -3.788338    
    329000     479       1      18     138    19107.07       -3.704560    
    330000     486       1      18     138    19386.29       -3.572713    
    331000     472       1      18     139    18827.84       -3.626198    
    332000     480       1      18     139    19146.96       -3.711058    
    333000     476       1      18     139    18987.40       -3.574780    
    334000     476       1      18     140    18987.40       -3.567462    
    335000     455       1      18     140    18149.72       -3.567903    
    336000     446       1      18     141    17790.71       -3.618393    
    337000     481       1      18     141    19186.85       -3.632476    
    338000     464       1      18     142    18508.72       -3.563573    
    339000     460       1      18     142    18349.17       -3.592415    
    340000     473       1      18     143    18867.73       -3.594930    
    341000     471       1      18     143    18787.95       -3.635509    
    342000     481       1      18     143    19186.85       -3.691984    
    343000     451       1      18     144    17990.16       -3.720751    
    344000     463       1      18     144    18468.83       -3.527377    
    345000     481       1      18     145    19186.85       -3.724583    
    346000     473       1      18     145    18867.73       -3.722352    
    347000     452       1      18     146    18030.05       -3.585554    
    348000     449       1      18     146    17910.38       -3.452215    
    349000     474       1      18     147    18907.62       -3.663134    
    350000     473       1      18     147    18867.73       -3.613908    
    351000     462       1      18     148    18428.95       -3.588318    
    352000     473       1      18     148    18867.73       -3.534750    
    353000     444       1      18     148    17710.93       -3.512978    
    354000     458       1      18     149    18269.39       -3.563132    
    355000     481       1      18     149    19186.85       -3.653873    
    356000     457       1      18     150    18229.50       -3.638322    
    357000     476       1      18     150    18987.40       -3.622968    
    358000     473       1      18     151    18867.73       -3.600809    
    359000     487       1      18     151    19426.18       -3.636153    
    360000     444       1      18     151    17710.93       -3.623122    
    361000     475       1      18     152    18947.51       -3.623223    
    362000     475       1      18     152    18947.51       -3.605287    
    363000     453       1      18     153    18069.94       -3.512665    
    364000     487       1      18     153    19426.18       -3.587617    
    365000     482       1      19     154    19226.74       -3.669508    
    366000     491       1      19     154    19585.74       -3.659390    
    367000     481       1      19     155    19186.85       -3.579929    
    368000     495       1      19     155    19745.30       -3.681494    
    369000     466       1      19     155    18588.50       -3.552367    
    370000     484       1      19     156    19306.51       -3.533270    
    371000     469       1      19     156    18708.17       -3.576226    
    372000     497       1      19     157    19825.08       -3.684743    
    373000     480       1      19     157    19146.96       -3.649336    
    374000     444       1      18     158    17710.93       -3.485011    
    375000     444       1      18     158    17710.93       -3.631707    
    376000     472       1      18     159    18827.84       -3.582432    
    377000     488       1      18     159    19466.07       -3.667893    
    378000     476       1      18     159    18987.40       -3.540998    
    379000     443       1      17     160    17671.04       -3.478710    
    380000     449       1      17     160    17910.38       -3.538046    
    381000     437       1      17     161    17431.71       -3.432119    
    382000     449       1      17     161    17910.38       -3.608161    
    383000     436       1      17     162    17391.82       -3.568685    
    384000     422       1      17     162    16833.37       -3.670139    
    385000     433       1      17     162    17272.15       -3.486778    
    386000     454       1      17     163    18109.83       -3.720729    
    387000     438       1      17     163    17471.60       -3.523487    
    388000     455       1      17     164    18149.72       -3.624536    
    389000     441       1      17     164    17591.27       -3.534313    
    390000     451       1      17     165    17990.16       -3.564491    
    391000     436       1      17     165    17391.82       -3.452090    
    392000     421       1      17     165    16793.48       -3.581925    
    393000     460       1      17     166    18349.17       -3.624200    
    394000     423       1      17     166    16873.26       -3.469173    
    395000     442       1      17     167    17631.16       -3.510614    
    396000     421       1      17     167    16793.48       -3.479472    
    397000     454       1      17     168    18109.83       -3.665980    
    398000     446       1      17     168    17790.71       -3.699285    
    399000     454       1      17     168    18109.83       -3.587523    
    400000     454       1      17     169    18109.83       -3.576762    
    401000     430       1      17     169    17152.48       -3.484721    
    402000     444       1      17     170    17710.93       -3.450186    
    403000     442       1      17     170    17631.16       -3.319657    
    404000     438       1      17     171    17471.60       -3.616446    
    405000     443       1      17     171    17671.04       -3.548192    
    406000     436       1      17     171    17391.82       -3.564805    
    407000     444       1      17     172    17710.93       -3.506627    
    408000     432       1      17     172    17232.26       -3.418525    
    409000     455       1      17     173    18149.72       -3.553512    
    410000     432       1      17     173    17232.26       -3.408666    
    411000     432       1      17     174    17232.26       -3.466239    
    412000     422       1      17     174    16833.37       -3.478739    
    413000     425       1      17     174    16953.03       -3.581721    
    414000     464       1      17     175    18508.72       -3.551001    
    415000     447       1      17     175    17830.60       -3.643014    
    416000     447       1      17     176    17830.60       -3.588101    
    417000     451       1      17     176    17990.16       -3.512922    
    418000     447       1      17     177    17830.60       -3.676907    
    419000     433       1      17     177    17272.15       -3.347617    
    420000     454       1      17     177    18109.83       -3.580829    
    421000     439       1      17     178    17511.49       -3.421584    
    422000     439       1      17     178    17511.49       -3.654920    
    423000     448       1      17     179    17870.49       -3.486057    
    424000     423       1      17     179    16873.26       -3.556611    
    425000     418       1      17     179    16673.81       -3.557883    
    426000     444       1      17     180    17710.93       -3.659406    
    427000     437       1      17     180    17431.71       -3.516329    
    428000     419       1      17     180    16713.70       -3.464251    
    429000     444       1      17     181    17710.93       -3.515540    
    430000     449       1      17     181    17910.38       -3.592253    
    431000     453       1      17     182    18069.94       -3.598617    
    432000     421       1      17     182    16793.48       -3.593879    
    433000     456       1      17     182    18189.61       -3.551557    
    434000     464       1      17     183    18508.72       -3.673375    
    435000     425       1      17     183    16953.03       -3.464263    
    436000     471       1      18     184    18787.95       -3.649000    
    437000     472       1      18     184    18827.84       -3.718796    
    438000     442       1      18     185    17631.16       -3.551090    
    439000     466       1      18     185    18588.50       -3.624381    
    440000     477       1      18     185    19027.29       -3.625537    
    441000     451       1      18     186    17990.16       -3.433336    
    442000     468       1      18     186    18668.28       -3.576119    
    443000     477       1      18     187    19027.29       -3.582300    
    444000     476       1      18     187    18987.40       -3.565800    
    445000     467       1      19     188    18628.39       -3.660534    
    446000     503       1      19     188    20064.41       -3.686610    
    447000     494       1      19     188    19705.41       -3.759053    
    448000     493       1      19     189    19665.52       -3.676979    
    449000     479       1      19     189    19107.07       -3.486484    
    450000     509       1      19     190    20303.75       -3.681078    
    451000     502       1      19     190    20024.52       -3.642574    
    452000     490       1      19     191    19545.85       -3.572043    
    453000     469       1      19     191    18708.17       -3.703951    
    454000     520       1      20     192    20742.54       -3.717997    
    455000     511       1      20     192    20383.53       -3.626689    
    456000     498       1      20     193    19864.97       -3.619855    
    457000     508       1      20     193    20263.86       -3.725043    
    458000     524       1      20     194    20902.09       -3.759004    
    459000     491       1      20     194    19585.74       -3.501774    
    460000     490       1      20     195    19545.85       -3.621404    
    461000     522       1      20     195    20822.31       -3.712796    
    462000     535       1      20     196    21340.88       -3.700097    
    463000     495       1      20     196    19745.30       -3.585064    
    464000     522       1      20     197    20822.31       -3.578781    
    465000     493       1      20     197    19665.52       -3.607974    
    466000     502       1      20     198    20024.52       -3.667990    
    467000     536       1      20     198    21380.77       -3.794755    
    468000     491       1      20     199    19585.74       -3.682448    
    469000     522       1      20     199    20822.31       -3.626512    
    470000     519       1      20     200    20702.65       -3.644852    
    471000     516       1      20     200    20582.98       -3.674136    
    472000     509       1      20     201    20303.75       -3.586118    
    473000     524       1      20     201    20902.09       -3.770260    
    474000     537       1      21     202    21420.66       -3.714279    
    475000     539       1      21     202    21500.44       -3.692052    
    476000     548       1      21     203    21859.44       -3.738831    
    477000     539       1      21     203    21500.44       -3.670058    
    478000     546       1      21     204    21779.66       -3.841080    
    479000     534       1      21     204    21300.99       -3.677655    
    480000     533       1      21     205    21261.10       -3.700578    
    481000     539       1      21     205    21500.44       -3.819752    
    482000     547       1      21     206    21819.55       -3.849604    
    483000     544       1      21     206    21699.88       -3.762731    
    484000     521       1      21     207    20782.43       -3.755792    
    485000     534       1      21     207    21300.99       -3.747320    
    486000     545       1      21     208    21739.77       -3.723456    
    487000     534       1      21     208    21300.99       -3.744073    
    488000     532       1      21     209    21221.21       -3.614781    
    489000     554       1      21     209    22098.78       -3.698036    
    490000     500       1      20     210    19944.75       -3.697536    
    491000     528       1      20     210    21061.65       -3.687045    
    492000     523       1      20     211    20862.20       -3.654401    
    493000     499       1      20     211    19904.86       -3.734715    
    494000     516       1      20     212    20582.98       -3.733459    
    495000     522       1      20     212    20822.31       -3.761463    
    496000     491       1      20     213    19585.74       -3.541949    
    497000     536       1      20     213    21380.77       -3.881684    
    498000     514       1      20     214    20503.20       -3.696403    
    499000     509       1      20     214    20303.75       -3.716516    
    500000     517       1      20     215    20622.87       -3.667525    
    501000     528       1      20     215    21061.65       -3.803108    
    502000     523       1      20     216    20862.20       -3.612157    
    503000     528       1      20     216    21061.65       -3.720018    
    504000     501       1      20     217    19984.64       -3.589910    
    505000     512       1      20     217    20423.42       -3.581340    
    506000     525       1      20     218    20941.98       -3.760612    
    507000     522       1      20     218    20822.31       -3.598153    
    508000     507       1      20     219    20223.97       -3.649423    
    509000     536       1      20     219    21380.77       -3.667235    
    510000     532       1      21     220    21221.21       -3.702706    
    511000     522       1      21     220    20822.31       -3.718395    
    512000     543       1      21     221    21659.99       -3.677126    
    513000     559       1      21     221    22298.23       -3.838115    
    514000     522       1      21     222    20822.31       -3.661803    
    515000     526       1      21     222    20981.87       -3.731033    
    516000     557       1      21     223    22218.45       -3.713194    
    517000     519       1      21     223    20702.65       -3.618069    
    518000     516       1      20     224    20582.98       -3.721080    
    519000     507       1      20     224    20223.97       -3.698653    
    520000     520       1      20     225    20742.54       -3.688861    
    521000     533       1      20     225    21261.10       -3.727007    
    522000     530       1      20     226    21141.43       -3.737535    
    523000     499       1      20     226    19904.86       -3.686453    
    524000     492       1      20     227    19625.63       -3.687824    
    525000     534       1      20     227    21300.99       -3.800399    
    526000     492       1      20     228    19625.63       -3.621578    
    527000     493       1      20     228    19665.52       -3.710288    
    528000     494       1      20     229    19705.41       -3.604998    
    529000     514       1      20     229    20503.20       -3.600112    
    530000     541       1      21     230    21580.22       -3.778074    
    531000     542       1      21     230    21620.10       -3.815883    
    532000     537       1      21     231    21420.66       -3.825089    
    533000     548       1      21     231    21859.44       -3.853851    
    534000     529       1      21     232    21101.54       -3.821165    
    535000     535       1      21     232    21340.88       -3.850305    
    536000     543       1      21     233    21659.99       -3.936422    
    537000     526       1      21     233    20981.87       -3.763291    
    538000     518       1      21     234    20662.76       -3.780091    
    539000     514       1      21     234    20503.20       -3.763582    
    540000     551       1      21     235    21979.11       -3.792431    
    541000     518       1      21     235    20662.76       -3.774207    
    542000     555       1      21     236    22138.67       -3.660132    
    543000     529       1      21     236    21101.54       -3.687568    
    544000     513       1      21     237    20463.31       -3.773939    
    545000     560       1      21     237    22338.12       -3.896851    
    546000     539       1      21     238    21500.44       -3.762219    
    547000     544       1      21     238    21699.88       -3.760592    
    548000     551       1      21     239    21979.11       -3.646589    
    549000     539       1      21     239    21500.44       -3.618422    
    550000     527       1      20     240    21021.76       -3.652241    
    551000     505       1      20     240    20144.19       -3.635611    
    552000     531       1      20     241    21181.32       -3.718185    
    553000     495       1      20     241    19745.30       -3.612760    
    554000     517       1      20     242    20622.87       -3.732899    
    555000     509       1      20     242    20303.75       -3.596591    
    556000     518       1      20     243    20662.76       -3.742937    
    557000     512       1      20     243    20423.42       -3.795837    
    558000     510       1      20     244    20343.64       -3.673532    
    559000     514       1      20     244    20503.20       -3.679353    
    560000     531       1      20     245    21181.32       -3.847522    
    561000     527       1      20     245    21021.76       -3.666287    
    562000     517       1      20     245    20622.87       -3.614090    
    563000     518       1      20     246    20662.76       -3.542180    
    564000     505       1      20     246    20144.19       -3.760588    
    565000     524       1      20     247    20902.09       -3.628151    
    566000     492       1      20     247    19625.63       -3.603980    
    567000     532       1      21     248    21221.21       -3.779234    
    568000     518       1      21     248    20662.76       -3.622990    
    569000     541       1      21     249    21580.22       -3.681214    
    570000     536       1      21     249    21380.77       -3.785504    
    571000     526       1      21     250    20981.87       -3.820459    
    572000     513       1      21     250    20463.31       -3.621349    
    573000     531       1      21     251    21181.32       -3.662270    
    574000     546       1      21     252    21779.66       -3.717715    
    575000     560       1      21     252    22338.12       -3.756376    
    576000     516       1      21     253    20582.98       -3.667792    
    577000     518       1      21     253    20662.76       -3.741984    
    578000     517       1      21     254    20622.87       -3.618286    
    579000     559       1      21     254    22298.23       -3.869785    
    580000     518       1      21     255    20662.76       -3.793386    
    581000     554       1      21     255    22098.78       -3.782626    
    582000     532       1      20     256    21221.21       -3.744640    
    583000     524       1      20     256    20902.09       -3.708571    
    584000     493       1      20     257    19665.52       -3.684242    
    585000     523       1      20     257    20862.20       -3.728792    
    586000     501       1      19     258    19984.64       -3.627948    
    587000     487       1      19     258    19426.18       -3.705847    
    588000     511       1      19     259    20383.53       -3.778666    
    589000     487       1      19     259    19426.18       -3.549160    
    590000     469       1      19     260    18708.17       -3.604002    
    591000     496       1      19     260    19785.19       -3.649805    
    592000     493       1      19     260    19665.52       -3.635810    
    593000     500       1      19     261    19944.75       -3.715771    
    594000     510       1      19     261    20343.64       -3.760312    
    595000     474       1      19     262    18907.62       -3.705507    
    596000     492       1      19     262    19625.63       -3.739979    
    597000     475       1      19     263    18947.51       -3.611583    
    598000     510       1      19     263    20343.64       -3.592469    
    599000     509       1      19     264    20303.75       -3.622524    
    600000     487       1      19     264    19426.18       -3.546506    
    601000     469       1      19     265    18708.17       -3.589067    
    602000     472       1      19     265    18827.84       -3.598238    
    603000     512       1      19     265    20423.42       -3.705003    
    604000     500       1      19     266    19944.75       -3.665498    
    605000     502       1      19     266    20024.52       -3.676394    
    606000     480       1      19     267    19146.96       -3.667377    
    607000     492       1      19     267    19625.63       -3.601254    
    608000     480       1      19     268    19146.96       -3.685438    
    609000     471       1      19     268    18787.95       -3.528725    
    610000     486       1      19     269    19386.29       -3.502374    
    611000     465       1      19     269    18548.61       -3.631912    
    612000     489       1      19     270    19505.96       -3.740916    
    613000     481       1      19     270    19186.85       -3.692858    
    614000     468       1      19     270    18668.28       -3.537060    
    615000     495       1      19     271    19745.30       -3.748719    
    616000     488       1      19     271    19466.07       -3.717705    
    617000     481       1      18     272    19186.85       -3.613634    
    618000     481       1      18     272    19186.85       -3.764388    
    619000     479       1      18     273    19107.07       -3.675071    
    620000     453       1      18     273    18069.94       -3.599491    
    621000     446       1      18     274    17790.71       -3.409149    
    622000     462       1      18     274    18428.95       -3.517381    
    623000     447       1      18     274    17830.60       -3.567335    
    624000     446       1      18     275    17790.71       -3.566386    
    625000     474       1      18     275    18907.62       -3.606308    
    626000     485       1      18     276    19346.40       -3.715597    
    627000     468       1      18     276    18668.28       -3.534727    
    628000     473       1      18     277    18867.73       -3.511727    
    629000     473       1      18     277    18867.73       -3.692316    
    630000     486       1      18     278    19386.29       -3.664958    
    631000     488       1      18     278    19466.07       -3.441200    
    632000     460       1      18     279    18349.17       -3.547229    
    633000     452       1      18     279    18030.05       -3.563193    
    634000     446       1      18     279    17790.71       -3.552482    
    635000     447       1      18     280    17830.60       -3.551122    
    636000     459       1      18     280    18309.28       -3.558026    
    637000     465       1      18     281    18548.61       -3.640358    
    638000     488       1      18     281    19466.07       -3.485282    
    639000     488       1      18     282    19466.07       -3.615296    
    640000     476       1      18     282    18987.40       -3.703270    
    641000     482       1      18     283    19226.74       -3.670821    
    642000     468       1      18     283    18668.28       -3.657626    
    643000     449       1      18     284    17910.38       -3.522978    
    644000     446       1      18     284    17790.71       -3.597207    
    645000     449       1      18     284    17910.38       -3.538712    
    646000     472       1      18     285    18827.84       -3.698386    
    647000     476       1      18     285    18987.40       -3.489854    
    648000     456       1      18     286    18189.61       -3.689212    
    649000     454       1      18     286    18109.83       -3.535773    
    650000     455       1      18     287    18149.72       -3.474764    
    651000     459       1      18     287    18309.28       -3.548786    
    652000     480       1      18     287    19146.96       -3.521695    
    653000     449       1      18     288    17910.38       -3.494018    
    654000     459       1      18     288    18309.28       -3.676936    
    655000     459       1      18     289    18309.28       -3.660239    
    656000     454       1      18     289    18109.83       -3.592949    
    657000     473       1      18     290    18867.73       -3.633842    
    658000     449       1      18     290    17910.38       -3.556510    
    659000     467       1      18     291    18628.39       -3.456972    
    660000     476       1      18     291    18987.40       -3.535430    
    661000     474       1      18     292    18907.62       -3.475669    
    662000     465       1      18     292    18548.61       -3.425747    
    663000     471       1      18     292    18787.95       -3.461307    
    664000     467       1      18     293    18628.39       -3.536610    
    665000     463       1      18     293    18468.83       -3.479146    
    666000     474       1      18     294    18907.62       -3.720369    
    667000     478       1      18     294    19067.18       -3.719638    
    668000     472       1      18     295    18827.84       -3.600265    
    669000     485       1      18     295    19346.40       -3.591644    
    670000     470       1      19     296    18748.06       -3.645458    
    671000     510       1      19     296    20343.64       -3.751657    
    672000     511       1      19     297    20383.53       -3.787686    
    673000     501       1      19     297    19984.64       -3.692161    
    674000     513       1      20     298    20463.31       -3.742278    
    675000     531       1      20     298    21181.32       -3.652740    
    676000     506       1      20     299    20184.08       -3.637318    
    677000     523       1      20     299    20862.20       -3.802938    
    678000     514       1      20     300    20503.20       -3.666092    
    679000     503       1      20     300    20064.41       -3.674883    
    680000     493       1      20     301    19665.52       -3.632461    
    681000     495       1      20     301    19745.30       -3.599253    
    682000     500       1      20     302    19944.75       -3.695101    
    683000     496       1      20     302    19785.19       -3.685128    
    684000     512       1      20     303    20423.42       -3.713218    
    685000     495       1      20     303    19745.30       -3.701728    
    686000     509       1      20     304    20303.75       -3.593136    
    687000     520       1      20     304    20742.54       -3.695038    
    688000     495       1      20     305    19745.30       -3.637947    
    689000     491       1      20     305    19585.74       -3.792102    
    690000     501       1      20     306    19984.64       -3.703731    
    691000     529       1      20     306    21101.54       -3.742787    
    692000     500       1      20     307    19944.75       -3.694036    
    693000     520       1      20     307    20742.54       -3.792867    
    694000     505       1      20     308    20144.19       -3.664295    
    695000     522       1      20     308    20822.31       -3.741297    
    696000     506       1      20     309    20184.08       -3.613546    
    697000     501       1      20     309    19984.64       -3.798485    
    698000     541       1      21     310    21580.22       -3.648346    
    699000     549       1      21     310    21899.33       -3.785152    
    700000     549       1      21     311    21899.33       -3.724221    
    701000     554       1      21     311    22098.78       -3.707167    
    702000     520       1      21     312    20742.54       -3.620782    
    703000     548       1      21     312    21859.44       -3.680165    
    704000     532       1      21     313    21221.21       -3.650938    
    705000     540       1      21     313    21540.33       -3.744503    
    706000     549       1      21     314    21899.33       -3.786960    
    707000     546       1      21     314    21779.66       -3.851986    
    708000     540       1      21     315    21540.33       -3.847407    
    709000     552       1      21     315    22019.00       -3.649694    
    710000     573       1      22     316    22856.68       -3.727080    
    711000     556       1      22     316    22178.56       -3.710208    
    712000     550       1      22     317    21939.22       -3.793252    
    713000     561       1      22     317    22378.00       -3.795910    
    714000     550       1      22     318    21939.22       -3.750170    
    715000     582       1      22     319    23215.68       -3.762433    
    716000     572       1      22     319    22816.79       -3.621001    
    717000     576       1      22     320    22976.35       -3.814837    
    718000     574       1      22     320    22896.57       -3.850185    
    719000     584       1      22     321    23295.46       -3.753416    
    720000     544       1      22     321    21699.88       -3.708292    
    721000     543       1      22     322    21659.99       -3.842380    
    722000     545       1      22     322    21739.77       -3.723405    
    723000     571       1      22     323    22776.90       -3.844802    
    724000     539       1      22     323    21500.44       -3.805196    
    725000     562       1      22     324    22417.89       -3.817457    
    726000     572       1      22     325    22816.79       -3.664245    
    727000     540       1      22     325    21540.33       -3.682215    
    728000     542       1      22     326    21620.10       -3.656853    
    729000     559       1      22     326    22298.23       -3.679693    
    730000     579       1      22     327    23096.02       -3.828559    
    731000     554       1      22     327    22098.78       -3.715116    
    732000     578       1      22     328    23056.13       -3.702504    
    733000     569       1      22     328    22697.12       -3.816466    
    734000     551       1      22     329    21979.11       -3.613109    
    735000     555       1      22     329    22138.67       -3.655530    
    736000     537       1      21     330    21420.66       -3.630801    
    737000     532       1      21     330    21221.21       -3.773783    
    738000     542       1      21     331    21620.10       -3.728703    
    739000     556       1      21     331    22178.56       -3.745634    
    740000     545       1      21     332    21739.77       -3.694150    
    741000     546       1      21     333    21779.66       -3.693946    
    742000     539       1      21     333    21500.44       -3.697837    
    743000     553       1      22     334    22058.89       -3.707769    
    744000     584       1      22     334    23295.46       -3.883718    
    745000     565       1      22     335    22537.56       -3.751609    
    746000     549       1      22     335    21899.33       -3.652445    
    747000     569       1      22     336    22697.12       -3.820965    
    748000     584       1      22     336    23295.46       -3.726444    
    749000     576       1      22     337    22976.35       -3.754324    
    750000     542       1      22     337    21620.10       -3.716789    
    751000     543       1      22     338    21659.99       -3.814071    
    752000     555       1      22     338    22138.67       -3.790091    
    753000     554       1      22     339    22098.78       -3.735068    
    754000     539       1      22     339    21500.44       -3.609390    
    755000     517       1      21     340    20622.87       -3.689244    
    756000     552       1      21     340    22019.00       -3.688018    
    757000     547       1      21     341    21819.55       -3.737430    
    758000     515       1      21     342    20543.09       -3.691130    
    759000     559       1      21     342    22298.23       -3.818140    
    760000     547       1      21     343    21819.55       -3.808075    
    761000     550       1      21     343    21939.22       -3.818377    
    762000     506       1      20     344    20184.08       -3.640255    
    763000     527       1      20     344    21021.76       -3.707287    
    764000     524       1      20     345    20902.09       -3.617448    
    765000     509       1      20     345    20303.75       -3.773800    
    766000     502       1      20     346    20024.52       -3.610787    
    767000     536       1      20     346    21380.77       -3.696837    
    768000     511       1      20     347    20383.53       -3.634755    
    769000     493       1      20     347    19665.52       -3.772236    
    770000     527       1      21     348    21021.76       -3.685416    
    771000     514       1      21     348    20503.20       -3.738530    
    772000     541       1      21     349    21580.22       -3.655162    
    773000     527       1      21     349    21021.76       -3.595211    
    774000     554       1      21     350    22098.78       -3.729901    
    775000     524       1      21     350    20902.09       -3.577456    
    776000     532       1      21     351    21221.21       -3.773677    
    777000     523       1      21     351    20862.20       -3.660681    
    778000     544       1      21     352    21699.88       -3.803792    
    779000     533       1      21     352    21261.10       -3.765416    
    780000     519       1      21     353    20702.65       -3.729438    
    781000     533       1      21     353    21261.10       -3.843427    
    782000     546       1      21     354    21779.66       -3.752614    
    783000     555       1      21     354    22138.67       -3.786405    
    784000     557       1      21     355    22218.45       -3.753245    
    785000     554       1      21     355    22098.78       -3.761641    
    786000     522       1      21     356    20822.31       -3.739448    
    787000     519       1      21     357    20702.65       -3.771544    
    788000     523       1      21     357    20862.20       -3.892666    
    789000     513       1      21     358    20463.31       -3.656001    
    790000     551       1      21     358    21979.11       -3.796302    
    791000     515       1      21     359    20543.09       -3.806313    
    792000     517       1      21     359    20622.87       -3.769624    
