      1000     560       1      21       0    22338.12       -3.693288    
      2000     557       1      21       1    22218.45       -3.842862    
      3000     556       1      21       1    22178.56       -3.737030    
      4000     543       1      21       2    21659.99       -3.686838    
      5000     559       1      21       2    22298.23       -3.707223    
      6000     547       1      21       3    21819.55       -3.705584    
      7000     539       1      21       3    21500.44       -3.739344    
      8000     544       1      21       4    21699.88       -3.751858    
      9000     542       1      21       4    21620.10       -3.746664    
     10000     513       1      21       5    20463.31       -3.756770    
     11000     546       1      21       5    21779.66       -3.886692    
     12000     495       1      20       6    19745.30       -3.608534    
     13000     499       1      20       6    19904.86       -3.753591    
     14000     518       1      20       7    20662.76       -3.702793    
     15000     535       1      20       7    21340.88       -3.594401    
     16000     525       1      20       8    20941.98       -3.638343    
     17000     489       1      20       8    19505.96       -3.770383    
     18000     529       1      20       9    21101.54       -3.737724    
     19000     507       1      20       9    20223.97       -3.661915    
     20000     524       1      21      10    20902.09       -3.687170    
     21000     548       1      21      10    21859.44       -3.634034    
     22000     536       1      21      11    21380.77       -3.739974    
     23000     559       1      21      11    22298.23       -3.810237    
     24000     558       1      21      12    22258.34       -3.732707    
     25000     523       1      21      12    20862.20       -3.787550    
     26000     544       1      21      13    21699.88       -3.693963    
     27000     542       1      21      13    21620.10       -3.784055    
     28000     536       1      20      14    21380.77       -3.696102    
     29000     503       1      20      14    20064.41       -3.561766    
     30000     516       1      20      15    20582.98       -3.665145    
     31000     522       1      20      15    20822.31       -3.684896    
     32000     524       1      20      16    20902.09       -3.715896    
     33000     505       1      20      16    20144.19       -3.807815    
     34000     524       1      20      17    20902.09       -3.745451    
     35000     516       1      20      17    20582.98       -3.759218    
     36000     522       1      21      18    20822.31       -3.760502    
     37000     538       1      21      18    21460.55       -3.706717    
     38000     540       1      21      19    21540.33       -3.692668    
     39000     529       1      21      19    21101.54       -3.690497    
     40000     513       1      21      20    20463.31       -3.529864    
     41000     516       1      21      20    20582.98       -3.564888    
     42000     536       1      21      21    21380.77       -3.781633    
     43000     552       1      21      21    22019.00       -3.813241    
     44000     514       1      21      22    20503.20       -3.719230    
     45000     531       1      21      22    21181.32       -3.670844    
     46000     516       1      21      23    20582.98       -3.731453    
     47000     515       1      21      24    20543.09       -3.572702    
     48000     528       1      21      24    21061.65       -3.855446    
     49000     542       1      21      25    21620.10       -3.870077    
     50000     529       1      21      25    21101.54       -3.713768    
     51000     549       1      21      26    21899.33       -3.728452    
     52000     557       1      21      26    22218.45       -3.797880    
     53000     540       1      21      27    21540.33       -3.887543    
     54000     559       1      21      27    22298.23       -3.834591    
     55000     495       1      20      28    19745.30       -3.657807    
     56000     498       1      20      28    19864.97       -3.605343    
     57000     510       1      20      29    20343.64       -3.730084    
     58000     512       1      20      29    20423.42       -3.620685    
     59000     517       1      21      30    20622.87       -3.669257    
     60000     534       1      21      30    21300.99       -3.620039    
     61000     550       1      21      31    21939.22       -3.807386    
     62000     520       1      21      31    20742.54       -3.707676    
     63000     517       1      21      32    20622.87       -3.753058    
     64000     525       1      21      32    20941.98       -3.748208    
     65000     546       1      21      33    21779.66       -3.668348    
     66000     521       1      21      33    20782.43       -3.728977    
     67000     537       1      21      34    21420.66       -3.750322    
     68000     558       1      21      34    22258.34       -3.807364    
     69000     530       1      21      35    21141.43       -3.684564    
     70000     532       1      21      36    21221.21       -3.625727    
     71000     534       1      21      36    21300.99       -3.757368    
     72000     521       1      21      37    20782.43       -3.736556    
     73000     540       1      21      37    21540.33       -3.711628    
     74000     543       1      21      38    21659.99       -3.806285    
     75000     524       1      21      38    20902.09       -3.742478    
     76000     524       1      21      39    20902.09       -3.784432    
     77000     546       1      21      39    21779.66       -3.667342    
     78000     489       1      20      40    19505.96       -3.608786    
     79000     528       1      20      40    21061.65       -3.767312    
     80000     534       1      20      41    21300.99       -3.733507    
     81000     497       1      20      41    19825.08       -3.614290    
     82000     489       1      20      42    19505.96       -3.748932    
     83000     500       1      20      42    19944.75       -3.840505    
     84000     493       1      20      43    19665.52       -3.663452    
     85000     510       1      20      43    20343.64       -3.705985    
     86000     492       1      20      44    19625.63       -3.635621    
     87000     499       1      20      44    19904.86       -3.628723    
     88000     523       1      20      45    20862.20       -3.678329    
     89000     511       1      20      45    20383.53       -3.664500    
     90000     506       1      20      46    20184.08       -3.706799    
     91000     510       1      20      46    20343.64       -3.626273    
     92000     514       1      20      47    20503.20       -3.636022    
     93000     508       1      20      47    20263.86       -3.696634    
     94000     513       1      20      48    20463.31       -3.752974    
     95000     499       1      20      48    19904.86       -3.627332    
     96000     516       1      20      49    20582.98       -3.556915    
     97000     526       1      20      49    20981.87       -3.662555    
     98000     489       1      19      50    19505.96       -3.679937    
     99000     510       1      19      50    20343.64       -3.678371    
    100000     465       1      19      51    18548.61       -3.557600    
    101000     497       1      19      51    19825.08       -3.607625    
    102000     472       1      18      52    18827.84       -3.583582    
    103000     462       1      18      52    18428.95       -3.597030    
    104000     486       1      18      52    19386.29       -3.771328    
    105000     482       1      18      53    19226.74       -3.655124    
    106000     461       1      18      53    18389.06       -3.722919    
    107000     480       1      18      54    19146.96       -3.691682    
    108000     460       1      18      54    18349.17       -3.778455    
    109000     455       1      18      55    18149.72       -3.600813    
    110000     487       1      18      55    19426.18       -3.518650    
    111000     471       1      18      55    18787.95       -3.563481    
    112000     499       1      19      56    19904.86       -3.638381    
    113000     481       1      19      56    19186.85       -3.589071    
    114000     495       1      19      57    19745.30       -3.648592    
    115000     483       1      19      57    19266.62       -3.600223    
    116000     485       1      19      58    19346.40       -3.552734    
    117000     465       1      19      58    18548.61       -3.540987    
    118000     503       1      19      59    20064.41       -3.768689    
    119000     466       1      19      59    18588.50       -3.633918    
    120000     493       1      19      60    19665.52       -3.738861    
    121000     493       1      19      60    19665.52       -3.555345    
    122000     486       1      19      60    19386.29       -3.755637    
    123000     493       1      19      61    19665.52       -3.585599    
    124000     506       1      19      61    20184.08       -3.718387    
    125000     472       1      19      62    18827.84       -3.581404    
    126000     469       1      19      62    18708.17       -3.400089    
    127000     504       1      19      63    20104.30       -3.720928    
    128000     493       1      19      63    19665.52       -3.786972    
    129000     471       1      19      64    18787.95       -3.602966    
    130000     496       1      19      64    19785.19       -3.664943    
    131000     509       1      19      65    20303.75       -3.860057    
    132000     500       1      19      65    19944.75       -3.714531    
    133000     499       1      19      66    19904.86       -3.728010    
    134000     496       1      19      66    19785.19       -3.559416    
    135000     494       1      19      67    19705.41       -3.564432    
    136000     503       1      19      67    20064.41       -3.634144    
    137000     476       1      19      67    18987.40       -3.608437    
    138000     497       1      19      68    19825.08       -3.666224    
    139000     483       1      19      68    19266.62       -3.624739    
    140000     479       1      19      69    19107.07       -3.636335    
    141000     487       1      19      69    19426.18       -3.707187    
    142000     476       1      19      70    18987.40       -3.703635    
    143000     470       1      19      70    18748.06       -3.531640    
    144000     474       1      19      71    18907.62       -3.698091    
    145000     469       1      19      71    18708.17       -3.493109    
    146000     500       1      20      72    19944.75       -3.653170    
    147000     489       1      20      72    19505.96       -3.488837    
    148000     490       1      20      73    19545.85       -3.642031    
    149000     525       1      20      73    20941.98       -3.712265    
    150000     515       1      20      74    20543.09       -3.761108    
    151000     529       1      20      74    21101.54       -3.753209    
    152000     528       1      20      75    21061.65       -3.672940    
    153000     508       1      20      75    20263.86       -3.750246    
    154000     511       1      20      76    20383.53       -3.716033    
    155000     497       1      20      76    19825.08       -3.694884    
    156000     502       1      20      76    20024.52       -3.597875    
    157000     511       1      20      77    20383.53       -3.650589    
    158000     490       1      20      77    19545.85       -3.706795    
    159000     533       1      20      78    21261.10       -3.730421    
    160000     518       1      20      78    20662.76       -3.534933    
    161000     500       1      20      79    19944.75       -3.664032    
    162000     529       1      20      79    21101.54       -3.665125    
    163000     516       1      20      80    20582.98       -3.773831    
    164000     521       1      20      80    20782.43       -3.766552    
    165000     522       1      20      81    20822.31       -3.631272    
    166000     498       1      20      81    19864.97       -3.663605    
    167000     499       1      20      82    19904.86       -3.676626    
    168000     513       1      20      82    20463.31       -3.654535    
    169000     512       1      20      83    20423.42       -3.599196    
    170000     527       1      20      83    21021.76       -3.646107    
    171000     499       1      20      84    19904.86       -3.623265    
    172000     510       1      20      84    20343.64       -3.712158    
    173000     525       1      20      85    20941.98       -3.782551    
    174000     491       1      20      85    19585.74       -3.647054    
    175000     491       1      20      86    19585.74       -3.630466    
    176000     516       1      20      86    20582.98       -3.604670    
    177000     513       1      20      87    20463.31       -3.686849    
    178000     518       1      20      87    20662.76       -3.669097    
    179000     489       1      20      87    19505.96       -3.731688    
    180000     518       1      20      88    20662.76       -3.738645    
    181000     498       1      20      88    19864.97       -3.611254    
    182000     495       1      20      89    19745.30       -3.591103    
    183000     504       1      20      89    20104.30       -3.722571    
    184000     524       1      20      90    20902.09       -3.645125    
    185000     506       1      20      90    20184.08       -3.666912    
    186000     495       1      20      91    19745.30       -3.597658    
    187000     524       1      20      91    20902.09       -3.748793    
    188000     522       1      20      92    20822.31       -3.732776    
    189000     507       1      20      92    20223.97       -3.753075    
    190000     528       1      20      93    21061.65       -3.738207    
    191000     516       1      20      93    20582.98       -3.827999    
    192000     512       1      20      94    20423.42       -3.665135    
    193000     515       1      20      94    20543.09       -3.612107    
    194000     497       1      20      95    19825.08       -3.649993    
    195000     519       1      20      95    20702.65       -3.744803    
    196000     529       1      20      96    21101.54       -3.696561    
    197000     513       1      20      96    20463.31       -3.646404    
    198000     515       1      20      97    20543.09       -3.731679    
    199000     502       1      20      97    20024.52       -3.557911    
    200000     506       1      20      98    20184.08       -3.702357    
    201000     525       1      20      98    20941.98       -3.743094    
    202000     496       1      20      99    19785.19       -3.591689    
    203000     493       1      20      99    19665.52       -3.618562    
    204000     504       1      20      99    20104.30       -3.622166    
    205000     529       1      20     100    21101.54       -3.676078    
    206000     496       1      20     100    19785.19       -3.565631    
    207000     500       1      20     101    19944.75       -3.563171    
    208000     532       1      20     101    21221.21       -3.813415    
    209000     501       1      20     102    19984.64       -3.589275    
    210000     504       1      20     102    20104.30       -3.686182    
    211000     503       1      20     103    20064.41       -3.684335    
    212000     520       1      20     103    20742.54       -3.656549    
    213000     516       1      21     104    20582.98       -3.767946    
    214000     531       1      21     104    21181.32       -3.767823    
    215000     515       1      21     105    20543.09       -3.617442    
    216000     543       1      21     106    21659.99       -3.767235    
    217000     528       1      21     106    21061.65       -3.713602    
    218000     527       1      21     107    21021.76       -3.758601    
    219000     530       1      21     107    21141.43       -3.746658    
    220000     561       1      22     108    22378.00       -3.862079    
    221000     545       1      22     108    21739.77       -3.793986    
    222000     557       1      22     109    22218.45       -3.742860    
    223000     572       1      22     109    22816.79       -3.824045    
    224000     577       1      22     110    23016.24       -3.913510    
    225000     561       1      22     110    22378.00       -3.791413    
    226000     539       1      22     111    21500.44       -3.659466    
    227000     561       1      22     111    22378.00       -3.699678    
    228000     538       1      22     112    21460.55       -3.728258    
    229000     540       1      22     112    21540.33       -3.747521    
    230000     547       1      22     113    21819.55       -3.801436    
    231000     581       1      22     113    23175.79       -3.716129    
    232000     569       1      22     114    22697.12       -3.889051    
    233000     562       1      22     115    22417.89       -3.792112    
    234000     555       1      22     115    22138.67       -3.793813    
    235000     545       1      22     116    21739.77       -3.750009    
    236000     539       1      22     116    21500.44       -3.750423    
    237000     579       1      22     117    23096.02       -3.818926    
    238000     544       1      22     117    21699.88       -3.750437    
    239000     545       1      22     118    21739.77       -3.741687    
    240000     563       1      22     118    22457.78       -3.855669    
    241000     571       1      22     119    22776.90       -3.770092    
    242000     541       1      22     119    21580.22       -3.774419    
    243000     540       1      22     120    21540.33       -3.704913    
    244000     577       1      22     120    23016.24       -3.774611    
    245000     541       1      22     121    21580.22       -3.721838    
    246000     557       1      22     121    22218.45       -3.641363    
    247000     567       1      22     122    22617.34       -3.842005    
    248000     583       1      22     123    23255.57       -3.811084    
    249000     539       1      22     123    21500.44       -3.653720    
    250000     552       1      22     124    22019.00       -3.720856    
    251000     576       1      22     124    22976.35       -3.835458    
    252000     560       1      22     125    22338.12       -3.739945    
    253000     547       1      22     125    21819.55       -3.720768    
    254000     564       1      22     126    22497.67       -3.773293    
    255000     583       1      22     126    23255.57       -3.797572    
    256000     564       1      22     127    22497.67       -3.734133    
    257000     556       1      22     127    22178.56       -3.714672    
    258000     579       1      22     128    23096.02       -3.823841    
    259000     558       1      22     128    22258.34       -3.766492    
    260000     537       1      22     129    21420.66       -3.815983    
    261000     541       1      22     130    21580.22       -3.735437    
    262000     579       1      22     130    23096.02       -3.824059    
    263000     582       1      22     131    23215.68       -3.894822    
    264000     564       1      22     131    22497.67       -3.875816    
    265000     561       1      22     132    22378.00       -3.809087    
    266000     581       1      22     132    23175.79       -3.872368    
    267000     539       1      22     133    21500.44       -3.765011    
    268000     544       1      22     133    21699.88       -3.788499    
    269000     584       1      22     134    23295.46       -3.814709    
    270000     545       1      22     134    21739.77       -3.745265    
    271000     559       1      22     135    22298.23       -3.855229    
    272000     572       1      22     135    22816.79       -3.799096    
    273000     540       1      22     136    21540.33       -3.854322    
    274000     562       1      22     137    22417.89       -3.775761    
    275000     581       1      22     137    23175.79       -3.869484    
    276000     550       1      22     138    21939.22       -3.783424    
    277000     576       1      22     138    22976.35       -3.764661    
    278000     547       1      22     139    21819.55       -3.727633    
    279000     543       1      22     139    21659.99       -3.614972    
    280000     561       1      22     140    22378.00       -3.763042    
    281000     562       1      22     140    22417.89       -3.774171    
    282000     540       1      22     141    21540.33       -3.741652    
    283000     566       1      22     141    22577.45       -3.706137    
    284000     537       1      22     142    21420.66       -3.663651    
    285000     579       1      22     143    23096.02       -3.839810    
    286000     553       1      22     143    22058.89       -3.642867    
    287000     550       1      21     144    21939.22       -3.792548    
    288000     534       1      21     144    21300.99       -3.692459    
    289000     545       1      21     145    21739.77       -3.725257    
    290000     524       1      21     145    20902.09       -3.745748    
    291000     547       1      21     146    21819.55       -3.848749    
    292000     517       1      21     146    20622.87       -3.419328    
    293000     519       1      21     147    20702.65       -3.725021    
    294000     535       1      21     147    21340.88       -3.706231    
    295000     535       1      21     148    21340.88       -3.646946    
    296000     545       1      21     148    21739.77       -3.726452    
    297000     514       1      21     149    20503.20       -3.800505    
    298000     540       1      21     149    21540.33       -3.640052    
    299000     534       1      21     150    21300.99       -3.742522    
    300000     516       1      21     150    20582.98       -3.796043    
    301000     516       1      21     151    20582.98       -3.599949    
    302000     542       1      21     151    21620.10       -3.726635    
    303000     538       1      21     152    21460.55       -3.878988    
    304000     525       1      21     152    20941.98       -3.811268    
    305000     559       1      21     153    22298.23       -3.861451    
    306000     526       1      21     153    20981.87       -3.707462    
    307000     540       1      21     154    21540.33       -3.711222    
    308000     560       1      21     154    22338.12       -3.692767    
    309000     515       1      21     155    20543.09       -3.487706    
    310000     565       1      22     156    22537.56       -3.756784    
    311000     546       1      22     156    21779.66       -3.716307    
    312000     565       1      22     157    22537.56       -3.813145    
    313000     538       1      22     157    21460.55       -3.800993    
    314000     573       1      22     158    22856.68       -3.799855    
    315000     575       1      22     158    22936.46       -3.967287    
    316000     546       1      22     159    21779.66       -3.785762    
    317000     543       1      22     159    21659.99       -3.623904    
    318000     552       1      22     160    22019.00       -3.700421    
    319000     564       1      22     160    22497.67       -3.864454    
    320000     547       1      22     161    21819.55       -3.749819    
    321000     554       1      21     162    22098.78       -3.748058    
    322000     521       1      21     162    20782.43       -3.680586    
    323000     557       1      21     163    22218.45       -3.618254    
    324000     535       1      21     163    21340.88       -3.811250    
    325000     548       1      21     164    21859.44       -3.786099    
    326000     531       1      21     164    21181.32       -3.760317    
    327000     551       1      21     165    21979.11       -3.722842    
    328000     522       1      21     165    20822.31       -3.784978    
    329000     556       1      21     166    22178.56       -3.798051    
    330000     548       1      21     166    21859.44       -3.709633    
    331000     537       1      21     167    21420.66       -3.783196    
    332000     537       1      21     167    21420.66       -3.633981    
    333000     523       1      21     168    20862.20       -3.656022    
    334000     555       1      21     168    22138.67       -3.801172    
    335000     539       1      21     169    21500.44       -3.749240    
    336000     550       1      21     169    21939.22       -3.831230    
    337000     531       1      21     170    21181.32       -3.643454    
    338000     523       1      21     170    20862.20       -3.776416    
    339000     533       1      21     171    21261.10       -3.831579    
    340000     553       1      21     171    22058.89       -3.790971    
    341000     583       1      22     172    23255.57       -3.897170    
    342000     572       1      22     172    22816.79       -3.722190    
    343000     542       1      22     173    21620.10       -3.744221    
    344000     564       1      22     173    22497.67       -3.832667    
    345000     550       1      22     174    21939.22       -3.729797    
    346000     554       1      22     175    22098.78       -3.757600    
    347000     558       1      22     175    22258.34       -3.695188    
    348000     561       1      22     176    22378.00       -3.738159    
    349000     579       1      22     176    23096.02       -3.980629    
    350000     582       1      22     177    23215.68       -3.775263    
    351000     574       1      22     177    22896.57       -3.789244    
    352000     550       1      22     178    21939.22       -3.699931    
    353000     566       1      22     178    22577.45       -3.844884    
    354000     551       1      22     179    21979.11       -3.706541    
    355000     574       1      22     179    22896.57       -3.862877    
    356000     537       1      22     180    21420.66       -3.729409    
    357000     575       1      22     180    22936.46       -3.677341    
    358000     580       1      22     181    23135.91       -3.780048    
    359000     544       1      22     182    21699.88       -3.692301    
    360000     565       1      22     182    22537.56       -3.711028    
    361000     561       1      22     183    22378.00       -3.739261    
    362000     553       1      22     183    22058.89       -3.857439    
    363000     546       1      22     184    21779.66       -3.726918    
    364000     557       1      22     184    22218.45       -3.746626    
    365000     560       1      22     185    22338.12       -3.634630    
    366000     573       1      22     185    22856.68       -3.868013    
    367000     581       1      22     186    23175.79       -3.800794    
    368000     569       1      22     186    22697.12       -3.836354    
    369000     565       1      22     187    22537.56       -3.838297    
    370000     549       1      22     187    21899.33       -3.672799    
    371000     580       1      22     188    23135.91       -3.872947    
    372000     543       1      22     188    21659.99       -3.814189    
    373000     572       1      22     189    22816.79       -3.816465    
    374000     538       1      22     190    21460.55       -3.628403    
    375000     562       1      22     190    22417.89       -3.795515    
    376000     584       1      22     191    23295.46       -3.813157    
    377000     547       1      22     191    21819.55       -3.701124    
    378000     603       1      23     192    24053.36       -3.859132    
    379000     571       1      23     192    22776.90       -3.769452    
    380000     577       1      23     193    23016.24       -3.764918    
    381000     566       1      23     193    22577.45       -3.715887    
    382000     606       1      23     194    24173.03       -3.791933    
    383000     595       1      23     194    23734.25       -3.821015    
    384000     608       1      23     195    24252.81       -3.756875    
    385000     586       1      23     196    23375.24       -3.700833    
    386000     596       1      23     196    23774.14       -3.863943    
    387000     564       1      23     197    22497.67       -3.851908    
    388000     591       1      23     197    23574.69       -3.893001    
    389000     591       1      24     198    23574.69       -3.858853    
    390000     624       1      24     198    24891.04       -3.895010    
    391000     617       1      24     199    24611.82       -3.770960    
    392000     617       1      24     200    24611.82       -3.743249    
    393000     597       1      24     200    23814.03       -3.869940    
    394000     610       1      24     201    24332.59       -3.861874    
    395000     600       1      24     201    23933.70       -3.798252    
    396000     622       1      24     202    24811.26       -3.873950    
    397000     625       1      24     203    24930.93       -3.969715    
    398000     626       1      24     203    24970.82       -3.987459    
    399000     630       1      24     204    25130.38       -3.821634    
    400000     623       1      24     204    24851.15       -3.830656    
    401000     594       1      24     205    23694.36       -3.860565    
    402000     602       1      24     205    24013.47       -3.954821    
    403000     587       1      24     206    23415.13       -3.867513    
    404000     600       1      24     207    23933.70       -3.920676    
    405000     600       1      24     207    23933.70       -3.807118    
    406000     564       1      23     208    22497.67       -3.761322    
    407000     568       1      23     208    22657.23       -3.675890    
    408000     602       1      23     209    24013.47       -3.722581    
    409000     605       1      23     210    24133.14       -3.796547    
    410000     603       1      23     210    24053.36       -3.941606    
    411000     565       1      23     211    22537.56       -3.822156    
    412000     575       1      23     211    22936.46       -3.733857    
    413000     600       1      23     212    23933.70       -3.922251    
    414000     574       1      23     212    22896.57       -3.806028    
    415000     572       1      23     213    22816.79       -3.775386    
    416000     599       1      23     214    23893.81       -3.891919    
    417000     589       1      23     214    23494.91       -3.796467    
    418000     581       1      23     215    23175.79       -3.808034    
    419000     578       1      23     215    23056.13       -3.876415    
    420000     599       1      24     216    23893.81       -3.885243    
    421000     597       1      24     216    23814.03       -3.824106    
    422000     618       1      24     217    24651.71       -3.846350    
    423000     597       1      23     218    23814.03       -3.723602    
    424000     606       1      23     218    24173.03       -3.897410    
    425000     603       1      23     219    24053.36       -3.848583    
    426000     580       1      23     219    23135.91       -3.767342    
    427000     568       1      23     220    22657.23       -3.840648    
    428000     596       1      23     220    23774.14       -3.924683    
    429000     568       1      23     221    22657.23       -3.814963    
    430000     562       1      23     221    22417.89       -3.869518    
    431000     584       1      23     222    23295.46       -3.785850    
    432000     608       1      23     222    24252.81       -3.821911    
    433000     562       1      23     223    22417.89       -3.689995    
    434000     572       1      23     224    22816.79       -3.812225    
    435000     592       1      23     224    23614.58       -3.853578    
    436000     596       1      23     225    23774.14       -3.877134    
    437000     590       1      23     225    23534.80       -3.807956    
    438000     596       1      23     226    23774.14       -3.714060    
    439000     572       1      23     226    22816.79       -3.704877    
    440000     584       1      23     227    23295.46       -3.772956    
    441000     608       1      23     228    24252.81       -3.845575    
    442000     567       1      23     228    22617.34       -3.823703    
    443000     588       1      23     229    23455.02       -3.795742    
    444000     589       1      23     229    23494.91       -3.780841    
    445000     575       1      23     230    22936.46       -3.788338    
    446000     565       1      23     230    22537.56       -3.660364    
    447000     584       1      23     231    23295.46       -3.840241    
    448000     573       1      23     231    22856.68       -3.706552    
    449000     566       1      23     232    22577.45       -3.773202    
    450000     607       1      23     233    24212.92       -3.775796    
    451000     588       1      23     233    23455.02       -3.871529    
    452000     577       1      23     234    23016.24       -3.828578    
    453000     605       1      23     234    24133.14       -3.881469    
    454000     562       1      23     235    22417.89       -3.640730    
    455000     595       1      23     235    23734.25       -3.801331    
    456000     554       1      22     236    22098.78       -3.679907    
    457000     543       1      22     236    21659.99       -3.727706    
    458000     558       1      22     237    22258.34       -3.719767    
    459000     550       1      22     238    21939.22       -3.748744    
    460000     561       1      22     238    22378.00       -3.715029    
    461000     551       1      22     239    21979.11       -3.718969    
    462000     542       1      22     239    21620.10       -3.735948    
    463000     571       1      22     240    22776.90       -3.827870    
    464000     566       1      22     240    22577.45       -3.702179    
    465000     556       1      22     241    22178.56       -3.792397    
    466000     557       1      22     241    22218.45       -3.697400    
    467000     576       1      22     242    22976.35       -3.897207    
    468000     578       1      22     242    23056.13       -3.780004    
    469000     563       1      22     243    22457.78       -3.656299    
    470000     547       1      22     243    21819.55       -3.739081    
    471000     578       1      22     244    23056.13       -3.685793    
    472000     558       1      22     245    22258.34       -3.785381    
    473000     539       1      22     245    21500.44       -3.821803    
    474000     574       1      22     246    22896.57       -3.752693    
    475000     555       1      22     246    22138.67       -3.654682    
    476000     544       1      22     247    21699.88       -3.678280    
    477000     547       1      22     247    21819.55       -3.696620    
    478000     570       1      23     248    22737.01       -3.764446    
    479000     565       1      23     248    22537.56       -3.725915    
    480000     580       1      23     249    23135.91       -3.726591    
    481000     590       1      23     249    23534.80       -3.810036    
    482000     606       1      23     250    24173.03       -3.818952    
    483000     581       1      23     251    23175.79       -3.866191    
    484000     607       1      23     251    24212.92       -3.790448    
    485000     566       1      23     252    22577.45       -3.863937    
    486000     581       1      23     252    23175.79       -3.931059    
    487000     593       1      23     253    23654.47       -3.902909    
    488000     598       1      23     253    23853.92       -3.887610    
    489000     608       1      23     254    24252.81       -3.864198    
    490000     593       1      23     255    23654.47       -3.840961    
    491000     569       1      23     255    22697.12       -3.785962    
    492000     567       1      23     256    22617.34       -3.785641    
    493000     586       1      23     256    23375.24       -3.775139    
    494000     584       1      23     257    23295.46       -3.723184    
    495000     586       1      23     257    23375.24       -3.623137    
    496000     591       1      23     258    23574.69       -3.800609    
    497000     597       1      23     258    23814.03       -3.950687    
    498000     567       1      23     259    22617.34       -3.841969    
    499000     588       1      23     259    23455.02       -3.870374    
    500000     605       1      23     260    24133.14       -3.849803    
    501000     590       1      23     261    23534.80       -3.879802    
    502000     573       1      23     261    22856.68       -3.828691    
    503000     600       1      23     262    23933.70       -3.811259    
    504000     568       1      23     262    22657.23       -3.774203    
    505000     583       1      23     263    23255.57       -3.764180    
    506000     585       1      23     263    23335.35       -3.851791    
    507000     585       1      23     264    23335.35       -3.783889    
    508000     605       1      23     264    24133.14       -3.786363    
    509000     598       1      23     265    23853.92       -3.854525    
    510000     598       1      23     266    23853.92       -3.747768    
    511000     595       1      23     266    23734.25       -3.850106    
    512000     563       1      23     267    22457.78       -3.728324    
    513000     586       1      23     267    23375.24       -3.860273    
    514000     563       1      23     268    22457.78       -3.823802    
    515000     603       1      23     268    24053.36       -3.874893    
    516000     574       1      23     269    22896.57       -3.852690    
    517000     565       1      23     269    22537.56       -3.778609    
    518000     594       1      23     270    23694.36       -3.842539    
    519000     587       1      23     271    23415.13       -3.831778    
    520000     575       1      23     271    22936.46       -3.866807    
    521000     562       1      23     272    22417.89       -3.775838    
    522000     590       1      23     272    23534.80       -3.833656    
    523000     577       1      23     273    23016.24       -3.826879    
    524000     602       1      23     273    24013.47       -3.754171    
    525000     542       1      22     274    21620.10       -3.780251    
    526000     558       1      22     275    22258.34       -3.663052    
    527000     544       1      22     275    21699.88       -3.748721    
    528000     548       1      22     276    21859.44       -3.642641    
    529000     581       1      22     276    23175.79       -3.796559    
    530000     577       1      22     277    23016.24       -3.822770    
    531000     557       1      22     277    22218.45       -3.821132    
    532000     551       1      21     278    21979.11       -3.626918    
    533000     547       1      21     278    21819.55       -3.777190    
    534000     530       1      21     279    21141.43       -3.708396    
    535000     540       1      21     279    21540.33       -3.684539    
    536000     521       1      21     280    20782.43       -3.770956    
    537000     518       1      21     280    20662.76       -3.825269    
    538000     529       1      21     281    21101.54       -3.605226    
    539000     520       1      21     281    20742.54       -3.696633    
    540000     551       1      21     282    21979.11       -3.832448    
    541000     558       1      21     282    22258.34       -3.758382    
    542000     552       1      21     283    22019.00       -3.714465    
    543000     551       1      21     283    21979.11       -3.806254    
    544000     520       1      21     284    20742.54       -3.705315    
    545000     547       1      21     284    21819.55       -3.756792    
    546000     553       1      21     285    22058.89       -3.747737    
    547000     547       1      21     285    21819.55       -3.691689    
    548000     575       1      22     286    22936.46       -3.957176    
    549000     573       1      22     286    22856.68       -3.751929    
    550000     560       1      22     287    22338.12       -3.670136    
    551000     539       1      21     288    21500.44       -3.731149    
    552000     529       1      21     288    21101.54       -3.738808    
    553000     543       1      21     289    21659.99       -3.864008    
    554000     541       1      21     289    21580.22       -3.764468    
    555000     552       1      21     290    22019.00       -3.759342    
    556000     543       1      21     290    21659.99       -3.825077    
    557000     540       1      21     291    21540.33       -3.716929    
    558000     548       1      21     291    21859.44       -3.804849    
    559000     520       1      21     292    20742.54       -3.687057    
    560000     545       1      21     292    21739.77       -3.722475    
    561000     551       1      21     293    21979.11       -3.710651    
    562000     529       1      21     293    21101.54       -3.729157    
    563000     517       1      21     294    20622.87       -3.657854    
    564000     528       1      21     294    21061.65       -3.692546    
    565000     536       1      21     295    21380.77       -3.719886    
    566000     517       1      21     295    20622.87       -3.716679    
    567000     541       1      21     296    21580.22       -3.686217    
    568000     539       1      21     296    21500.44       -3.774609    
    569000     543       1      21     297    21659.99       -3.727402    
    570000     558       1      21     297    22258.34       -3.815390    
    571000     535       1      21     298    21340.88       -3.759333    
    572000     550       1      21     298    21939.22       -3.580146    
    573000     542       1      21     299    21620.10       -3.673564    
    574000     555       1      21     299    22138.67       -3.673900    
    575000     577       1      22     300    23016.24       -3.782156    
    576000     552       1      22     301    22019.00       -3.740741    
    577000     566       1      22     301    22577.45       -3.779322    
    578000     554       1      22     302    22098.78       -3.795235    
    579000     543       1      22     302    21659.99       -3.799369    
    580000     549       1      22     303    21899.33       -3.787387    
    581000     580       1      22     303    23135.91       -3.683171    
    582000     539       1      22     304    21500.44       -3.753700    
    583000     544       1      22     304    21699.88       -3.782471    
    584000     564       1      22     305    22497.67       -3.844068    
    585000     553       1      22     305    22058.89       -3.758501    
    586000     546       1      22     306    21779.66       -3.683947    
    587000     565       1      22     307    22537.56       -3.823436    
    588000     569       1      22     307    22697.12       -3.888687    
    589000     563       1      23     308    22457.78       -3.817253    
    590000     608       1      23     308    24252.81       -3.899348    
    591000     588       1      23     309    23455.02       -3.895666    
    592000     572       1      23     309    22816.79       -3.727341    
    593000     600       1      23     310    23933.70       -3.867435    
    594000     605       1      23     311    24133.14       -3.879873    
    595000     588       1      23     311    23455.02       -3.829225    
    596000     594       1      24     312    23694.36       -3.866644    
    597000     605       1      24     312    24133.14       -3.772436    
    598000     616       1      24     313    24571.93       -3.792748    
    599000     630       1      24     313    25130.38       -3.837184    
    600000     568       1      23     314    22657.23       -3.846376    
    601000     608       1      23     315    24252.81       -3.897721    
    602000     562       1      23     315    22417.89       -3.848186    
    603000     571       1      23     316    22776.90       -3.800444    
    604000     590       1      23     316    23534.80       -3.791961    
    605000     569       1      23     317    22697.12       -3.832454    
    606000     571       1      23     317    22776.90       -3.650354    
    607000     598       1      23     318    23853.92       -3.755772    
    608000     590       1      23     318    23534.80       -3.751758    
    609000     605       1      23     319    24133.14       -3.715784    
    610000     582       1      23     320    23215.68       -3.703762    
    611000     580       1      23     320    23135.91       -3.899534    
    612000     584       1      23     321    23295.46       -3.800237    
    613000     573       1      23     321    22856.68       -3.775306    
    614000     574       1      23     322    22896.57       -3.772240    
    615000     565       1      23     322    22537.56       -3.854290    
    616000     568       1      23     323    22657.23       -3.788318    
    617000     599       1      23     323    23893.81       -3.783677    
    618000     606       1      23     324    24173.03       -3.965606    
    619000     592       1      23     325    23614.58       -3.845303    
    620000     596       1      23     325    23774.14       -3.808298    
    621000     575       1      23     326    22936.46       -3.854934    
    622000     561       1      23     326    22378.00       -3.860089    
    623000     567       1      23     327    22617.34       -3.789937    
    624000     607       1      23     327    24212.92       -3.722303    
    625000     595       1      23     328    23734.25       -3.864630    
    626000     592       1      23     329    23614.58       -3.798264    
    627000     565       1      23     329    22537.56       -3.750113    
    628000     597       1      23     330    23814.03       -3.878077    
    629000     575       1      23     330    22936.46       -3.775913    
    630000     581       1      23     331    23175.79       -3.763773    
    631000     571       1      23     331    22776.90       -3.751019    
    632000     598       1      23     332    23853.92       -3.800556    
    633000     582       1      23     333    23215.68       -3.946878    
    634000     575       1      23     333    22936.46       -3.777673    
    635000     570       1      23     334    22737.01       -3.762351    
    636000     564       1      23     334    22497.67       -3.873137    
    637000     569       1      23     335    22697.12       -3.812464    
    638000     583       1      23     335    23255.57       -3.816714    
    639000     574       1      23     336    22896.57       -3.819446    
    640000     573       1      23     336    22856.68       -3.695205    
    641000     596       1      23     337    23774.14       -3.805797    
    642000     582       1      23     338    23215.68       -3.723814    
    643000     563       1      23     338    22457.78       -3.783128    
    644000     563       1      23     339    22457.78       -3.680851    
    645000     602       1      23     339    24013.47       -3.898127    
    646000     578       1      23     340    23056.13       -3.776408    
    647000     590       1      23     340    23534.80       -3.717842    
    648000     581       1      23     341    23175.79       -3.810213    
    649000     607       1      23     342    24212.92       -3.921572    
    650000     591       1      23     342    23574.69       -3.863850    
    651000     572       1      23     343    22816.79       -3.770897    
    652000     569       1      23     343    22697.12       -3.744520    
    653000     574       1      23     344    22896.57       -3.771135    
    654000     603       1      23     344    24053.36       -3.876416    
    655000     567       1      23     345    22617.34       -3.873776    
    656000     575       1      23     345    22936.46       -3.776791    
    657000     586       1      23     346    23375.24       -3.796847    
    658000     599       1      23     347    23893.81       -3.875924    
    659000     606       1      23     347    24173.03       -3.873089    
    660000     594       1      23     348    23694.36       -3.866939    
    661000     606       1      23     348    24173.03       -3.764872    
    662000     595       1      23     349    23734.25       -3.874700    
    663000     601       1      23     349    23973.58       -3.825033    
    664000     599       1      24     350    23893.81       -3.726126    
    665000     600       1      24     351    23933.70       -3.670563    
    666000     599       1      24     351    23893.81       -3.790955    
    667000     629       1      24     352    25090.49       -3.943586    
    668000     620       1      24     352    24731.48       -3.800359    
    669000     615       1      24     353    24532.04       -3.811247    
    670000     599       1      24     354    23893.81       -3.791731    
    671000     606       1      24     354    24173.03       -3.821604    
    672000     628       1      24     355    25050.60       -3.893426    
    673000     622       1      24     355    24811.26       -3.863361    
    674000     613       1      24     356    24452.26       -3.875684    
    675000     594       1      24     357    23694.36       -3.798261    
    676000     595       1      24     357    23734.25       -3.823683    
    677000     623       1      24     358    24851.15       -3.877090    
    678000     596       1      24     358    23774.14       -3.799739    
    679000     595       1      24     359    23734.25       -3.851707    
    680000     588       1      24     359    23455.02       -3.856856    
