      1000     536       1      20       0    21380.77       -3.743650    
      2000     535       1      20       1    21340.88       -3.646079    
      3000     531       1      20       1    21181.32       -3.779400    
      4000     526       1      20       2    20981.87       -3.627494    
      5000     519       1      20       2    20702.65       -3.637900    
      6000     531       1      20       2    21181.32       -3.664929    
      7000     532       1      20       3    21221.21       -3.652188    
      8000     534       1      20       3    21300.99       -3.795156    
      9000     523       1      20       4    20862.20       -3.664756    
     10000     508       1      20       4    20263.86       -3.597068    
     11000     509       1      20       5    20303.75       -3.624879    
     12000     529       1      20       5    21101.54       -3.744940    
     13000     531       1      21       6    21181.32       -3.741333    
     14000     548       1      21       6    21859.44       -3.877683    
     15000     516       1      21       7    20582.98       -3.549539    
     16000     541       1      21       7    21580.22       -3.825891    
     17000     529       1      21       8    21101.54       -3.748539    
     18000     541       1      21       8    21580.22       -3.795703    
     19000     555       1      21       9    22138.67       -3.789749    
     20000     517       1      21       9    20622.87       -3.754956    
     21000     500       1      20      10    19944.75       -3.715278    
     22000     516       1      20      10    20582.98       -3.697776    
     23000     512       1      20      11    20423.42       -3.648948    
     24000     508       1      20      11    20263.86       -3.761878    
     25000     531       1      20      12    21181.32       -3.759682    
     26000     526       1      20      12    20981.87       -3.700601    
     27000     530       1      20      13    21141.43       -3.895882    
     28000     497       1      20      13    19825.08       -3.646753    
     29000     513       1      21      14    20463.31       -3.620983    
     30000     534       1      21      14    21300.99       -3.765721    
     31000     550       1      21      15    21939.22       -3.723320    
     32000     558       1      21      15    22258.34       -3.778255    
     33000     546       1      21      16    21779.66       -3.758989    
     34000     525       1      21      16    20941.98       -3.667380    
     35000     550       1      21      17    21939.22       -3.811953    
     36000     523       1      21      17    20862.20       -3.676033    
     37000     532       1      20      18    21221.21       -3.674984    
     38000     523       1      20      18    20862.20       -3.454127    
     39000     503       1      20      19    20064.41       -3.734285    
     40000     498       1      20      19    19864.97       -3.776683    
     41000     487       1      19      20    19426.18       -3.694335    
     42000     492       1      19      20    19625.63       -3.643565    
     43000     485       1      19      21    19346.40       -3.495722    
     44000     494       1      19      21    19705.41       -3.615037    
     45000     478       1      19      22    19067.18       -3.540662    
     46000     478       1      19      22    19067.18       -3.666649    
     47000     512       1      19      23    20423.42       -3.669691    
     48000     505       1      19      23    20144.19       -3.706175    
     49000     465       1      19      24    18548.61       -3.736805    
     50000     512       1      19      24    20423.42       -3.580871    
     51000     487       1      19      25    19426.18       -3.686693    
     52000     486       1      19      25    19386.29       -3.598821    
     53000     509       1      19      26    20303.75       -3.675328    
     54000     466       1      19      26    18588.50       -3.470077    
     55000     481       1      19      26    19186.85       -3.637306    
     56000     504       1      19      27    20104.30       -3.599479    
     57000     506       1      19      27    20184.08       -3.550324    
     58000     480       1      19      28    19146.96       -3.636030    
     59000     496       1      19      28    19785.19       -3.733143    
     60000     474       1      19      29    18907.62       -3.567051    
     61000     475       1      19      29    18947.51       -3.651228    
     62000     505       1      19      30    20144.19       -3.586946    
     63000     466       1      19      30    18588.50       -3.604955    
     64000     478       1      19      31    19067.18       -3.660966    
     65000     483       1      19      31    19266.62       -3.651904    
     66000     488       1      19      32    19466.07       -3.748532    
     67000     479       1      19      32    19107.07       -3.580811    
     68000     495       1      19      33    19745.30       -3.626073    
     69000     470       1      19      33    18748.06       -3.506538    
     70000     471       1      19      33    18787.95       -3.606149    
     71000     510       1      20      34    20343.64       -3.590246    
     72000     494       1      20      34    19705.41       -3.614501    
     73000     514       1      20      35    20503.20       -3.714207    
     74000     500       1      20      35    19944.75       -3.681027    
     75000     492       1      20      36    19625.63       -3.637504    
     76000     511       1      20      36    20383.53       -3.815115    
     77000     516       1      20      37    20582.98       -3.599662    
     78000     520       1      20      37    20742.54       -3.623010    
     79000     509       1      20      38    20303.75       -3.718667    
     80000     495       1      20      38    19745.30       -3.608421    
     81000     507       1      20      39    20223.97       -3.607344    
     82000     491       1      20      39    19585.74       -3.602858    
     83000     518       1      21      40    20662.76       -3.651354    
     84000     517       1      21      40    20622.87       -3.661592    
     85000     529       1      21      41    21101.54       -3.630808    
     86000     542       1      21      41    21620.10       -3.765641    
     87000     513       1      21      42    20463.31       -3.533305    
     88000     553       1      21      42    22058.89       -3.742895    
     89000     559       1      21      43    22298.23       -3.740744    
     90000     545       1      21      43    21739.77       -3.748829    
     91000     556       1      21      44    22178.56       -3.770429    
     92000     540       1      21      44    21540.33       -3.765816    
     93000     514       1      21      45    20503.20       -3.639414    
     94000     517       1      21      46    20622.87       -3.676179    
     95000     537       1      21      46    21420.66       -3.715798    
     96000     516       1      21      47    20582.98       -3.649137    
     97000     551       1      21      47    21979.11       -3.651778    
     98000     534       1      21      48    21300.99       -3.765580    
     99000     527       1      21      48    21021.76       -3.705300    
    100000     556       1      21      49    22178.56       -3.724246    
    101000     533       1      21      49    21261.10       -3.746301    
    102000     515       1      21      50    20543.09       -3.672691    
    103000     554       1      21      50    22098.78       -3.676802    
    104000     515       1      21      51    20543.09       -3.576411    
    105000     556       1      21      51    22178.56       -3.756320    
    106000     497       1      20      52    19825.08       -3.664963    
    107000     521       1      20      52    20782.43       -3.696343    
    108000     529       1      20      53    21101.54       -3.751559    
    109000     497       1      20      53    19825.08       -3.749075    
    110000     506       1      20      54    20184.08       -3.771923    
    111000     515       1      20      54    20543.09       -3.699000    
    112000     501       1      20      55    19984.64       -3.709140    
    113000     522       1      20      55    20822.31       -3.651554    
    114000     501       1      20      56    19984.64       -3.738606    
    115000     515       1      20      56    20543.09       -3.746636    
    116000     516       1      20      56    20582.98       -3.656653    
    117000     521       1      20      57    20782.43       -3.680861    
    118000     489       1      20      57    19505.96       -3.592014    
    119000     506       1      20      58    20184.08       -3.671560    
    120000     493       1      20      58    19665.52       -3.706360    
    121000     508       1      20      59    20263.86       -3.675643    
    122000     498       1      20      59    19864.97       -3.708109    
    123000     508       1      20      60    20263.86       -3.604812    
    124000     516       1      20      60    20582.98       -3.684453    
    125000     499       1      20      61    19904.86       -3.588424    
    126000     526       1      20      61    20981.87       -3.681599    
    127000     525       1      20      62    20941.98       -3.617457    
    128000     503       1      20      62    20064.41       -3.739740    
    129000     501       1      20      63    19984.64       -3.742000    
    130000     535       1      20      63    21340.88       -3.719278    
    131000     518       1      20      64    20662.76       -3.698170    
    132000     536       1      20      64    21380.77       -3.778895    
    133000     520       1      20      65    20742.54       -3.686155    
    134000     493       1      20      65    19665.52       -3.526928    
    135000     503       1      20      66    20064.41       -3.587918    
    136000     535       1      20      66    21340.88       -3.711986    
    137000     527       1      20      67    21021.76       -3.784259    
    138000     517       1      20      67    20622.87       -3.703194    
    139000     497       1      20      68    19825.08       -3.642060    
    140000     506       1      20      68    20184.08       -3.784799    
    141000     491       1      20      69    19585.74       -3.728674    
    142000     504       1      20      69    20104.30       -3.638124    
    143000     512       1      20      70    20423.42       -3.691322    
    144000     515       1      20      70    20543.09       -3.630879    
    145000     490       1      20      71    19545.85       -3.696404    
    146000     493       1      20      71    19665.52       -3.632666    
    147000     483       1      19      72    19266.62       -3.558607    
    148000     484       1      19      72    19306.51       -3.528776    
    149000     466       1      19      73    18588.50       -3.527560    
    150000     511       1      19      73    20383.53       -3.635639    
    151000     486       1      18      74    19386.29       -3.681831    
    152000     475       1      18      74    18947.51       -3.703133    
    153000     482       1      18      74    19226.74       -3.573726    
    154000     463       1      18      75    18468.83       -3.628777    
    155000     452       1      18      75    18030.05       -3.595304    
    156000     444       1      18      76    17710.93       -3.450407    
    157000     441       1      18      76    17591.27       -3.477577    
    158000     441       1      18      77    17591.27       -3.510358    
    159000     463       1      18      77    18468.83       -3.594990    
    160000     473       1      18      78    18867.73       -3.462877    
    161000     459       1      18      78    18309.28       -3.675006    
    162000     458       1      18      79    18269.39       -3.623510    
    163000     449       1      18      79    17910.38       -3.559704    
    164000     463       1      18      79    18468.83       -3.686792    
    165000     464       1      18      80    18508.72       -3.534077    
    166000     481       1      18      80    19186.85       -3.512028    
    167000     486       1      18      81    19386.29       -3.597974    
    168000     477       1      18      81    19027.29       -3.606663    
    169000     485       1      18      82    19346.40       -3.592254    
    170000     448       1      18      82    17870.49       -3.557283    
    171000     456       1      18      83    18189.61       -3.558726    
    172000     458       1      18      83    18269.39       -3.542880    
    173000     459       1      18      83    18309.28       -3.642599    
    174000     482       1      18      84    19226.74       -3.671112    
    175000     471       1      18      84    18787.95       -3.600596    
    176000     449       1      18      85    17910.38       -3.616483    
    177000     447       1      18      85    17830.60       -3.574403    
    178000     450       1      18      86    17950.27       -3.519300    
    179000     460       1      18      86    18349.17       -3.640417    
    180000     470       1      18      87    18748.06       -3.469307    
    181000     460       1      18      87    18349.17       -3.600529    
    182000     464       1      18      87    18508.72       -3.644416    
    183000     480       1      18      88    19146.96       -3.656770    
    184000     456       1      18      88    18189.61       -3.485068    
    185000     457       1      18      89    18229.50       -3.533220    
    186000     482       1      18      89    19226.74       -3.507615    
    187000     417       1      17      90    16633.92       -3.543775    
    188000     447       1      17      90    17830.60       -3.509128    
    189000     437       1      17      90    17431.71       -3.607075    
    190000     433       1      17      91    17272.15       -3.585611    
    191000     429       1      17      91    17112.59       -3.608373    
    192000     456       1      17      92    18189.61       -3.528508    
    193000     449       1      17      92    17910.38       -3.397269    
    194000     461       1      17      93    18389.06       -3.537627    
    195000     447       1      17      93    17830.60       -3.620660    
    196000     418       1      17      93    16673.81       -3.496490    
    197000     448       1      17      94    17870.49       -3.572333    
    198000     439       1      17      94    17511.49       -3.658329    
    199000     430       1      17      95    17152.48       -3.516357    
    200000     430       1      17      95    17152.48       -3.435963    
    201000     456       1      17      95    18189.61       -3.511701    
    202000     458       1      17      96    18269.39       -3.542192    
    203000     460       1      17      96    18349.17       -3.590107    
    204000     458       1      17      97    18269.39       -3.553164    
    205000     420       1      17      97    16753.59       -3.590631    
    206000     424       1      17      98    16913.14       -3.744183    
    207000     446       1      17      98    17790.71       -3.449406    
    208000     450       1      17      99    17950.27       -3.414704    
    209000     437       1      17      99    17431.71       -3.467511    
    210000     428       1      17      99    17072.70       -3.503632    
    211000     427       1      17     100    17032.81       -3.517074    
    212000     449       1      17     100    17910.38       -3.452033    
    213000     459       1      17     101    18309.28       -3.479303    
    214000     461       1      17     101    18389.06       -3.595387    
    215000     463       1      17     102    18468.83       -3.520330    
    216000     450       1      17     102    17950.27       -3.448512    
    217000     423       1      17     102    16873.26       -3.475199    
    218000     442       1      17     103    17631.16       -3.494613    
    219000     447       1      17     103    17830.60       -3.547336    
    220000     457       1      17     104    18229.50       -3.635209    
    221000     436       1      17     104    17391.82       -3.568595    
    222000     419       1      17     105    16713.70       -3.513636    
    223000     449       1      17     105    17910.38       -3.394767    
    224000     417       1      17     105    16633.92       -3.556076    
    225000     456       1      17     106    18189.61       -3.515282    
    226000     464       1      17     106    18508.72       -3.537996    
    227000     446       1      17     107    17790.71       -3.457906    
    228000     438       1      17     107    17471.60       -3.569679    
    229000     434       1      16     108    17312.04       -3.367717    
    230000     392       1      16     108    15636.68       -3.511724    
    231000     411       1      16     108    16394.58       -3.717842    
    232000     399       1      16     109    15915.91       -3.476366    
    233000     395       1      16     109    15756.35       -3.377675    
    234000     402       1      16     110    16035.58       -3.533254    
    235000     425       1      16     110    16953.03       -3.559137    
    236000     409       1      16     111    16314.80       -3.434362    
    237000     418       1      16     111    16673.81       -3.536944    
    238000     409       1      16     111    16314.80       -3.530852    
    239000     440       1      16     112    17551.38       -3.672143    
    240000     433       1      16     112    17272.15       -3.654932    
    241000     413       1      16     113    16474.36       -3.523893    
    242000     434       1      16     113    17312.04       -3.666691    
    243000     425       1      16     114    16953.03       -3.625337    
    244000     432       1      16     114    17232.26       -3.427762    
    245000     426       1      16     114    16992.92       -3.478388    
    246000     395       1      16     115    15756.35       -3.641146    
    247000     393       1      16     115    15676.57       -3.525891    
    248000     397       1      16     116    15836.13       -3.421586    
    249000     439       1      16     116    17511.49       -3.376747    
    250000     420       1      16     116    16753.59       -3.403740    
    251000     417       1      16     117    16633.92       -3.406088    
    252000     405       1      16     117    16155.24       -3.554013    
    253000     428       1      16     118    17072.70       -3.415251    
    254000     411       1      16     118    16394.58       -3.528758    
    255000     405       1      16     118    16155.24       -3.425219    
    256000     395       1      16     119    15756.35       -3.500438    
    257000     422       1      16     119    16833.37       -3.387909    
    258000     395       1      16     119    15756.35       -3.426624    
    259000     379       1      15     120    15118.12       -3.468909    
    260000     402       1      15     120    16035.58       -3.417480    
    261000     401       1      15     121    15995.69       -3.570305    
    262000     397       1      15     121    15836.13       -3.566345    
    263000     413       1      15     121    16474.36       -3.563417    
    264000     382       1      15     122    15237.79       -3.515245    
    265000     408       1      15     122    16274.91       -3.615328    
    266000     404       1      15     122    16115.35       -3.471054    
    267000     381       1      15     123    15197.90       -3.570711    
    268000     406       1      15     123    16195.13       -3.406475    
    269000     367       1      15     123    14639.44       -3.536761    
    270000     385       1      15     124    15357.45       -3.570693    
    271000     383       1      15     124    15277.68       -3.493632    
    272000     378       1      15     124    15078.23       -3.580050    
    273000     383       1      15     125    15277.68       -3.642212    
    274000     380       1      15     125    15158.01       -3.519487    
    275000     403       1      15     125    16075.47       -3.472832    
    276000     379       1      15     126    15118.12       -3.322909    
    277000     375       1      15     126    14958.56       -3.383325    
    278000     391       1      15     127    15596.79       -3.505741    
    279000     373       1      15     127    14878.78       -3.533649    
    280000     410       1      15     127    16354.69       -3.629219    
    281000     393       1      15     128    15676.57       -3.413292    
    282000     368       1      15     128    14679.33       -3.481826    
    283000     410       1      15     129    16354.69       -3.494246    
    284000     406       1      15     129    16195.13       -3.588097    
    285000     372       1      15     129    14838.89       -3.384608    
    286000     401       1      16     130    15995.69       -3.624013    
    287000     440       1      16     130    17551.38       -3.639836    
    288000     417       1      16     131    16633.92       -3.668169    
    289000     406       1      16     131    16195.13       -3.653572    
    290000     411       1      16     131    16394.58       -3.669576    
    291000     416       1      16     132    16594.03       -3.483754    
    292000     404       1      16     132    16115.35       -3.594814    
    293000     413       1      16     132    16474.36       -3.522457    
    294000     396       1      16     133    15796.24       -3.698209    
    295000     400       1      16     133    15955.80       -3.502816    
    296000     406       1      16     134    16195.13       -3.557892    
    297000     402       1      16     134    16035.58       -3.584401    
    298000     406       1      16     134    16195.13       -3.495448    
    299000     432       1      16     135    17232.26       -3.549321    
    300000     419       1      16     135    16713.70       -3.524317    
    301000     453       1      17     136    18069.94       -3.496572    
    302000     447       1      17     136    17830.60       -3.561601    
    303000     458       1      17     137    18269.39       -3.539969    
    304000     440       1      17     137    17551.38       -3.468003    
    305000     432       1      17     137    17232.26       -3.566553    
    306000     421       1      17     138    16793.48       -3.352884    
    307000     444       1      17     138    17710.93       -3.416023    
    308000     426       1      17     139    16992.92       -3.456682    
    309000     431       1      17     139    17192.37       -3.520291    
    310000     437       1      17     139    17431.71       -3.380805    
    311000     422       1      17     140    16833.37       -3.585778    
    312000     431       1      17     140    17192.37       -3.525478    
    313000     441       1      17     141    17591.27       -3.353383    
    314000     451       1      17     141    17990.16       -3.550734    
    315000     450       1      17     141    17950.27       -3.492200    
    316000     442       1      17     142    17631.16       -3.394582    
    317000     440       1      17     142    17551.38       -3.612021    
    318000     455       1      17     143    18149.72       -3.605764    
    319000     438       1      17     143    17471.60       -3.450070    
    320000     444       1      17     143    17710.93       -3.518053    
    321000     464       1      17     144    18508.72       -3.659953    
    322000     439       1      17     144    17511.49       -3.567844    
    323000     419       1      17     145    16713.70       -3.609076    
    324000     461       1      17     145    18389.06       -3.598114    
    325000     460       1      17     145    18349.17       -3.562955    
    326000     430       1      17     146    17152.48       -3.518412    
    327000     425       1      17     146    16953.03       -3.513871    
    328000     424       1      17     147    16913.14       -3.530665    
    329000     427       1      17     147    17032.81       -3.562419    
    330000     429       1      17     147    17112.59       -3.615315    
    331000     425       1      17     148    16953.03       -3.405629    
    332000     437       1      17     148    17431.71       -3.648333    
    333000     438       1      17     149    17471.60       -3.501462    
    334000     451       1      17     149    17990.16       -3.557665    
    335000     420       1      17     149    16753.59       -3.407909    
    336000     437       1      16     150    17431.71       -3.454903    
    337000     408       1      16     150    16274.91       -3.521459    
    338000     420       1      16     151    16753.59       -3.520554    
    339000     433       1      16     151    17272.15       -3.568363    
    340000     431       1      16     152    17192.37       -3.555273    
    341000     404       1      16     152    16115.35       -3.600864    
    342000     428       1      16     152    17072.70       -3.610824    
    343000     406       1      16     153    16195.13       -3.511359    
    344000     414       1      16     153    16514.25       -3.631945    
    345000     385       1      15     154    15357.45       -3.651181    
    346000     405       1      15     154    16155.24       -3.513341    
    347000     395       1      15     154    15756.35       -3.416644    
    348000     380       1      15     155    15158.01       -3.485456    
    349000     386       1      15     155    15397.34       -3.471771    
    350000     401       1      15     156    15995.69       -3.485013    
    351000     405       1      15     156    16155.24       -3.439430    
    352000     393       1      15     156    15676.57       -3.510696    
    353000     371       1      15     157    14799.00       -3.458198    
    354000     377       1      15     157    15038.34       -3.466449    
    355000     389       1      15     157    15517.01       -3.382522    
    356000     365       1      14     158    14559.66       -3.599129    
    357000     359       1      14     158    14320.33       -3.434576    
    358000     385       1      14     158    15357.45       -3.602391    
    359000     344       1      14     159    13721.99       -3.353847    
    360000     376       1      14     159    14998.45       -3.411813    
    361000     380       1      14     159    15158.01       -3.293356    
    362000     379       1      14     160    15118.12       -3.465552    
    363000     384       1      14     160    15317.56       -3.444067    
    364000     345       1      14     160    13761.87       -3.411070    
    365000     370       1      14     161    14759.11       -3.537079    
    366000     345       1      14     161    13761.87       -3.463626    
    367000     391       1      14     161    15596.79       -3.409189    
    368000     363       1      14     162    14479.89       -3.513799    
    369000     368       1      14     162    14679.33       -3.459046    
    370000     359       1      14     162    14320.33       -3.418558    
    371000     379       1      14     163    15118.12       -3.364763    
    372000     391       1      14     163    15596.79       -3.482443    
    373000     387       1      14     163    15437.23       -3.416268    
    374000     364       1      14     164    14519.78       -3.567167    
    375000     367       1      14     164    14639.44       -3.473368    
    376000     345       1      14     164    13761.87       -3.383852    
    377000     377       1      14     165    15038.34       -3.535717    
    378000     374       1      14     165    14918.67       -3.475773    
    379000     363       1      14     165    14479.89       -3.461003    
    380000     365       1      13     166    14559.66       -3.474993    
    381000     357       1      13     166    14240.55       -3.496412    
    382000     324       1      13     166    12924.20       -3.362684    
    383000     353       1      13     167    14080.99       -3.524120    
    384000     356       1      13     167    14200.66       -3.255705    
    385000     327       1      13     167    13043.86       -3.248145    
    386000     330       1      13     167    13163.53       -3.257500    
    387000     373       1      14     168    14878.78       -3.562448    
    388000     379       1      14     168    15118.12       -3.390332    
    389000     376       1      14     168    14998.45       -3.502061    
    390000     370       1      14     169    14759.11       -3.423210    
    391000     387       1      14     169    15437.23       -3.527505    
    392000     345       1      14     169    13761.87       -3.435130    
    393000     377       1      14     170    15038.34       -3.392373    
    394000     352       1      14     170    14041.10       -3.418651    
    395000     390       1      14     170    15556.90       -3.536802    
    396000     360       1      14     171    14360.22       -3.495420    
    397000     345       1      14     171    13761.87       -3.415734    
    398000     368       1      15     172    14679.33       -3.316598    
    399000     375       1      15     172    14958.56       -3.371288    
    400000     392       1      15     172    15636.68       -3.582005    
    401000     393       1      15     173    15676.57       -3.442078    
    402000     399       1      15     173    15915.91       -3.304150    
    403000     395       1      15     173    15756.35       -3.560855    
    404000     400       1      15     174    15955.80       -3.569670    
    405000     414       1      15     174    16514.25       -3.531231    
    406000     396       1      15     175    15796.24       -3.572779    
    407000     411       1      15     175    16394.58       -3.470421    
    408000     399       1      15     175    15915.91       -3.597966    
    409000     402       1      15     176    16035.58       -3.446635    
    410000     376       1      15     176    14998.45       -3.377696    
    411000     397       1      15     177    15836.13       -3.533734    
    412000     370       1      15     177    14759.11       -3.494068    
    413000     382       1      15     177    15237.79       -3.469037    
    414000     433       1      16     178    17272.15       -3.544138    
    415000     427       1      16     178    17032.81       -3.554612    
    416000     434       1      16     179    17312.04       -3.427082    
    417000     394       1      16     179    15716.46       -3.573253    
    418000     428       1      16     180    17072.70       -3.482535    
    419000     410       1      16     180    16354.69       -3.654071    
    420000     414       1      16     180    16514.25       -3.548177    
    421000     419       1      16     181    16713.70       -3.556654    
    422000     436       1      16     181    17391.82       -3.625611    
    423000     424       1      16     182    16913.14       -3.494719    
    424000     398       1      16     182    15876.02       -3.625802    
    425000     428       1      16     183    17072.70       -3.447878    
    426000     424       1      16     183    16913.14       -3.541978    
    427000     402       1      16     183    16035.58       -3.455213    
    428000     404       1      16     184    16115.35       -3.618354    
    429000     423       1      16     184    16873.26       -3.535341    
    430000     418       1      16     184    16673.81       -3.659561    
    431000     404       1      16     185    16115.35       -3.417245    
    432000     428       1      16     185    17072.70       -3.507084    
    433000     425       1      16     186    16953.03       -3.427091    
    434000     436       1      16     186    17391.82       -3.575012    
    435000     433       1      16     186    17272.15       -3.563988    
    436000     439       1      16     187    17511.49       -3.528875    
    437000     417       1      16     187    16633.92       -3.393390    
    438000     439       1      16     188    17511.49       -3.632711    
    439000     402       1      16     188    16035.58       -3.458749    
    440000     428       1      16     188    17072.70       -3.565275    
    441000     421       1      16     189    16793.48       -3.602570    
    442000     422       1      16     189    16833.37       -3.527125    
    443000     429       1      16     190    17112.59       -3.549638    
    444000     437       1      16     190    17431.71       -3.591113    
    445000     426       1      16     190    16992.92       -3.431048    
    446000     420       1      16     191    16753.59       -3.505535    
    447000     406       1      16     191    16195.13       -3.437327    
    448000     415       1      16     192    16554.14       -3.483851    
    449000     405       1      16     192    16155.24       -3.517463    
    450000     422       1      16     192    16833.37       -3.584246    
    451000     414       1      16     193    16514.25       -3.462247    
    452000     439       1      16     193    17511.49       -3.358872    
    453000     421       1      16     194    16793.48       -3.533505    
    454000     412       1      16     194    16434.47       -3.533509    
    455000     404       1      16     195    16115.35       -3.558964    
    456000     411       1      16     195    16394.58       -3.453880    
    457000     432       1      16     195    17232.26       -3.486423    
    458000     401       1      16     196    15995.69       -3.616197    
    459000     417       1      16     196    16633.92       -3.552266    
    460000     413       1      16     196    16474.36       -3.452816    
    461000     392       1      16     197    15636.68       -3.517404    
    462000     432       1      16     197    17232.26       -3.614528    
    463000     399       1      16     198    15915.91       -3.624749    
    464000     404       1      16     198    16115.35       -3.445141    
    465000     429       1      16     198    17112.59       -3.588684    
    466000     412       1      16     199    16434.47       -3.467441    
    467000     420       1      16     199    16753.59       -3.646137    
    468000     433       1      16     199    17272.15       -3.613804    
    469000     422       1      16     200    16833.37       -3.678486    
    470000     398       1      16     200    15876.02       -3.475192    
    471000     392       1      16     201    15636.68       -3.445706    
    472000     401       1      16     201    15995.69       -3.575355    
    473000     413       1      16     201    16474.36       -3.733575    
    474000     373       1      15     202    14878.78       -3.548756    
    475000     415       1      15     202    16554.14       -3.606376    
    476000     392       1      15     202    15636.68       -3.552906    
    477000     367       1      15     203    14639.44       -3.442450    
    478000     383       1      15     203    15277.68       -3.362583    
    479000     398       1      15     203    15876.02       -3.535192    
    480000     376       1      15     204    14998.45       -3.313909    
    481000     398       1      15     204    15876.02       -3.398831    
    482000     402       1      15     205    16035.58       -3.489861    
    483000     380       1      15     205    15158.01       -3.327708    
    484000     368       1      15     205    14679.33       -3.537577    
    485000     401       1      15     206    15995.69       -3.499442    
    486000     396       1      15     206    15796.24       -3.525467    
    487000     383       1      15     206    15277.68       -3.426176    
    488000     403       1      15     207    16075.47       -3.598814    
    489000     379       1      15     207    15118.12       -3.412482    
    490000     402       1      15     207    16035.58       -3.573772    
    491000     372       1      14     208    14838.89       -3.510543    
    492000     343       1      14     208    13682.10       -3.469202    
    493000     376       1      14     208    14998.45       -3.496813    
    494000     372       1      14     209    14838.89       -3.407792    
    495000     344       1      14     209    13721.99       -3.364251    
    496000     369       1      14     209    14719.22       -3.322423    
    497000     359       1      14     210    14320.33       -3.450311    
    498000     374       1      14     210    14918.67       -3.502402    
    499000     350       1      14     210    13961.32       -3.438447    
    500000     386       1      14     211    15397.34       -3.462410    
    501000     390       1      14     211    15556.90       -3.473744    
    502000     370       1      14     211    14759.11       -3.543291    
    503000     369       1      14     212    14719.22       -3.522008    
    504000     375       1      14     212    14958.56       -3.471548    
    505000     384       1      14     212    15317.56       -3.608745    
    506000     349       1      14     213    13921.43       -3.406983    
    507000     368       1      14     213    14679.33       -3.414801    
    508000     344       1      14     213    13721.99       -3.442641    
    509000     350       1      14     214    13961.32       -3.297707    
    510000     378       1      14     214    15078.23       -3.547941    
    511000     351       1      14     214    14001.21       -3.460822    
    512000     364       1      14     215    14519.78       -3.403265    
    513000     385       1      14     215    15357.45       -3.428671    
    514000     358       1      14     215    14280.44       -3.528668    
    515000     345       1      14     216    13761.87       -3.392865    
    516000     385       1      14     216    15357.45       -3.375960    
    517000     353       1      14     216    14080.99       -3.486332    
    518000     365       1      14     217    14559.66       -3.400107    
    519000     344       1      14     217    13721.99       -3.367544    
    520000     387       1      14     217    15437.23       -3.406162    
    521000     347       1      14     218    13841.65       -3.344705    
    522000     359       1      14     218    14320.33       -3.365443    
    523000     364       1      14     218    14519.78       -3.512823    
    524000     374       1      14     219    14918.67       -3.441102    
    525000     364       1      14     219    14519.78       -3.486869    
    526000     366       1      14     219    14599.55       -3.515009    
    527000     351       1      14     220    14001.21       -3.413117    
    528000     346       1      14     220    13801.76       -3.499268    
    529000     353       1      14     220    14080.99       -3.519484    
    530000     390       1      14     221    15556.90       -3.333825    
    531000     367       1      14     221    14639.44       -3.403340    
    532000     391       1      14     221    15596.79       -3.564257    
    533000     361       1      14     222    14400.11       -3.621985    
    534000     350       1      14     222    13961.32       -3.373465    
    535000     374       1      14     222    14918.67       -3.517338    
    536000     380       1      14     223    15158.01       -3.535194    
    537000     376       1      14     223    14998.45       -3.405169    
    538000     363       1      14     223    14479.89       -3.548733    
    539000     349       1      14     224    13921.43       -3.344850    
    540000     362       1      14     224    14440.00       -3.410493    
    541000     379       1      14     224    15118.12       -3.567304    
    542000     364       1      14     225    14519.78       -3.377239    
    543000     364       1      14     225    14519.78       -3.458463    
    544000     347       1      14     225    13841.65       -3.449620    
    545000     362       1      14     226    14440.00       -3.454778    
    546000     383       1      14     226    15277.68       -3.413487    
    547000     390       1      14     226    15556.90       -3.461373    
    548000     361       1      14     227    14400.11       -3.505708    
    549000     353       1      14     227    14080.99       -3.408404    
    550000     381       1      14     227    15197.90       -3.497219    
    551000     367       1      14     228    14639.44       -3.540308    
    552000     386       1      14     228    15397.34       -3.612978    
    553000     346       1      14     228    13801.76       -3.314597    
    554000     388       1      14     229    15477.12       -3.287954    
    555000     375       1      14     229    14958.56       -3.505674    
    556000     390       1      14     229    15556.90       -3.405382    
    557000     378       1      14     230    15078.23       -3.505454    
    558000     391       1      14     230    15596.79       -3.307563    
    559000     383       1      14     230    15277.68       -3.371684    
    560000     353       1      14     231    14080.99       -3.355199    
    561000     345       1      14     231    13761.87       -3.352139    
    562000     383       1      14     231    15277.68       -3.429484    
    563000     363       1      14     231    14479.89       -3.388753    
    564000     346       1      14     232    13801.76       -3.362088    
    565000     352       1      14     232    14041.10       -3.543702    
    566000     343       1      14     232    13682.10       -3.366557    
    567000     351       1      14     233    14001.21       -3.449166    
    568000     364       1      14     233    14519.78       -3.481651    
    569000     378       1      14     233    15078.23       -3.509319    
    570000     369       1      14     234    14719.22       -3.488131    
    571000     373       1      14     234    14878.78       -3.393279    
    572000     346       1      14     235    13801.76       -3.457204    
    573000     353       1      14     235    14080.99       -3.370928    
    574000     370       1      14     235    14759.11       -3.514061    
    575000     379       1      15     236    15118.12       -3.366380    
    576000     410       1      15     236    16354.69       -3.468981    
    577000     390       1      15     236    15556.90       -3.670879    
    578000     387       1      15     237    15437.23       -3.456293    
    579000     379       1      15     237    15118.12       -3.671378    
    580000     369       1      15     237    14719.22       -3.595988    
    581000     402       1      15     238    16035.58       -3.545688    
    582000     412       1      15     238    16434.47       -3.600701    
    583000     399       1      15     239    15915.91       -3.503551    
    584000     414       1      15     239    16514.25       -3.683597    
    585000     379       1      15     239    15118.12       -3.461007    
    586000     375       1      14     240    14958.56       -3.266999    
    587000     379       1      14     240    15118.12       -3.485931    
    588000     385       1      14     240    15357.45       -3.469599    
    589000     355       1      14     241    14160.77       -3.507275    
    590000     362       1      14     241    14440.00       -3.348382    
    591000     359       1      14     241    14320.33       -3.370961    
    592000     387       1      15     242    15437.23       -3.569041    
    593000     376       1      15     242    14998.45       -3.542707    
    594000     392       1      15     242    15636.68       -3.495040    
    595000     377       1      15     243    15038.34       -3.505351    
    596000     381       1      15     243    15197.90       -3.505082    
    597000     373       1      15     243    14878.78       -3.441564    
    598000     388       1      15     244    15477.12       -3.369274    
    599000     397       1      15     244    15836.13       -3.486706    
    600000     413       1      15     244    16474.36       -3.733387    
    601000     402       1      15     245    16035.58       -3.458739    
    602000     407       1      15     245    16235.02       -3.449417    
    603000     402       1      16     246    16035.58       -3.493452    
    604000     395       1      16     246    15756.35       -3.554844    
    605000     402       1      16     246    16035.58       -3.612728    
    606000     408       1      16     247    16274.91       -3.591113    
    607000     407       1      16     247    16235.02       -3.519741    
    608000     398       1      16     247    15876.02       -3.483199    
    609000     423       1      16     248    16873.26       -3.601520    
    610000     438       1      16     248    17471.60       -3.531159    
    611000     397       1      16     249    15836.13       -3.570314    
    612000     432       1      16     249    17232.26       -3.560849    
    613000     424       1      16     249    16913.14       -3.593918    
    614000     417       1      16     250    16633.92       -3.523442    
    615000     400       1      16     250    15955.80       -3.524873    
    616000     425       1      16     250    16953.03       -3.506118    
    617000     402       1      16     251    16035.58       -3.598646    
    618000     416       1      16     251    16594.03       -3.436307    
    619000     405       1      15     252    16155.24       -3.664106    
    620000     383       1      15     252    15277.68       -3.442073    
    621000     411       1      15     252    16394.58       -3.552079    
    622000     374       1      15     253    14918.67       -3.466972    
    623000     412       1      15     253    16434.47       -3.642551    
    624000     398       1      16     254    15876.02       -3.513533    
    625000     436       1      16     254    17391.82       -3.499044    
    626000     405       1      16     254    16155.24       -3.563577    
    627000     409       1      16     255    16314.80       -3.526036    
    628000     402       1      16     255    16035.58       -3.562024    
    629000     410       1      16     256    16354.69       -3.569314    
    630000     417       1      16     256    16633.92       -3.563075    
    631000     430       1      16     256    17152.48       -3.683349    
    632000     429       1      16     257    17112.59       -3.476523    
    633000     410       1      16     257    16354.69       -3.265964    
    634000     435       1      16     258    17351.93       -3.489712    
    635000     426       1      16     258    16992.92       -3.376785    
    636000     424       1      16     258    16913.14       -3.546685    
    637000     436       1      16     259    17391.82       -3.536491    
    638000     399       1      16     259    15915.91       -3.447535    
    639000     422       1      16     259    16833.37       -3.599780    
    640000     456       1      17     260    18189.61       -3.512981    
    641000     455       1      17     260    18149.72       -3.600585    
    642000     434       1      17     261    17312.04       -3.647142    
    643000     419       1      17     261    16713.70       -3.598751    
    644000     416       1      17     262    16594.03       -3.514706    
    645000     435       1      17     262    17351.93       -3.468306    
    646000     417       1      17     262    16633.92       -3.574895    
    647000     462       1      17     263    18428.95       -3.706247    
    648000     418       1      17     263    16673.81       -3.681729    
    649000     447       1      17     264    17830.60       -3.646066    
    650000     454       1      17     264    18109.83       -3.636461    
    651000     448       1      17     264    17870.49       -3.437934    
    652000     453       1      17     265    18069.94       -3.632672    
    653000     420       1      17     265    16753.59       -3.500202    
    654000     420       1      17     266    16753.59       -3.526023    
    655000     423       1      17     266    16873.26       -3.477141    
    656000     437       1      17     267    17431.71       -3.561068    
    657000     450       1      17     267    17950.27       -3.550815    
    658000     457       1      17     267    18229.50       -3.612393    
    659000     452       1      17     268    18030.05       -3.489153    
    660000     443       1      17     268    17671.04       -3.558251    
    661000     424       1      17     269    16913.14       -3.453884    
    662000     441       1      17     269    17591.27       -3.532487    
    663000     424       1      17     269    16913.14       -3.668523    
    664000     441       1      17     270    17591.27       -3.619094    
    665000     450       1      17     270    17950.27       -3.591729    
    666000     416       1      17     271    16594.03       -3.547715    
    667000     421       1      17     271    16793.48       -3.480285    
    668000     421       1      17     271    16793.48       -3.552293    
    669000     410       1      16     272    16354.69       -3.591097    
    670000     416       1      16     272    16594.03       -3.653646    
    671000     399       1      16     273    15915.91       -3.459547    
    672000     394       1      16     273    15716.46       -3.434086    
    673000     406       1      16     273    16195.13       -3.442165    
    674000     429       1      16     274    17112.59       -3.476788    
    675000     418       1      16     274    16673.81       -3.577786    
    676000     394       1      16     275    15716.46       -3.531246    
    677000     411       1      16     275    16394.58       -3.612727    
    678000     412       1      16     275    16434.47       -3.515927    
    679000     400       1      15     276    15955.80       -3.603893    
    680000     410       1      15     276    16354.69       -3.621872    
    681000     402       1      15     277    16035.58       -3.476186    
    682000     408       1      15     277    16274.91       -3.565641    
    683000     377       1      15     277    15038.34       -3.435277    
    684000     399       1      15     278    15915.91       -3.457463    
    685000     374       1      15     278    14918.67       -3.362487    
    686000     391       1      15     278    15596.79       -3.407823    
    687000     382       1      15     279    15237.79       -3.435954    
    688000     400       1      15     279    15955.80       -3.579724    
    689000     403       1      15     280    16075.47       -3.547205    
    690000     409       1      15     280    16314.80       -3.484179    
    691000     400       1      15     280    15955.80       -3.594709    
    692000     370       1      15     281    14759.11       -3.357133    
    693000     395       1      15     281    15756.35       -3.566722    
    694000     349       1      14     282    13921.43       -3.425681    
    695000     361       1      14     282    14400.11       -3.458763    
    696000     382       1      14     282    15237.79       -3.614969    
    697000     350       1      14     283    13961.32       -3.381520    
    698000     364       1      14     283    14519.78       -3.494513    
    699000     383       1      14     283    15277.68       -3.547911    
    700000     354       1      14     284    14120.88       -3.487872    
    701000     384       1      14     284    15317.56       -3.568760    
    702000     352       1      14     284    14041.10       -3.401560    
    703000     365       1      14     285    14559.66       -3.520522    
    704000     346       1      14     285    13801.76       -3.416972    
    705000     372       1      14     285    14838.89       -3.370722    
    706000     389       1      14     286    15517.01       -3.488233    
    707000     359       1      14     286    14320.33       -3.376635    
    708000     344       1      14     286    13721.99       -3.406153    
    709000     353       1      14     287    14080.99       -3.592395    
    710000     372       1      14     287    14838.89       -3.260524    
    711000     386       1      14     287    15397.34       -3.425973    
    712000     390       1      14     288    15556.90       -3.600738    
    713000     389       1      14     288    15517.01       -3.475056    
    714000     382       1      14     289    15237.79       -3.583508    
    715000     389       1      14     289    15517.01       -3.548795    
    716000     382       1      14     289    15237.79       -3.481267    
    717000     376       1      14     290    14998.45       -3.539334    
    718000     383       1      14     290    15277.68       -3.409792    
    719000     346       1      14     290    13801.76       -3.333538    
    720000     388       1      14     291    15477.12       -3.544532    
    721000     370       1      14     291    14759.11       -3.462939    
    722000     363       1      14     292    14479.89       -3.466904    
    723000     388       1      14     292    15477.12       -3.546233    
    724000     348       1      14     292    13881.54       -3.455144    
    725000     360       1      14     293    14360.22       -3.560780    
    726000     374       1      14     293    14918.67       -3.471822    
    727000     369       1      14     293    14719.22       -3.529831    
    728000     377       1      14     294    15038.34       -3.414073    
    729000     368       1      14     294    14679.33       -3.487190    
    730000     353       1      14     295    14080.99       -3.510095    
    731000     364       1      14     295    14519.78       -3.540376    
    732000     356       1      14     295    14200.66       -3.252569    
    733000     367       1      14     296    14639.44       -3.411400    
    734000     348       1      14     296    13881.54       -3.377174    
    735000     373       1      14     296    14878.78       -3.469606    
    736000     371       1      14     297    14799.00       -3.412766    
    737000     376       1      14     297    14998.45       -3.478685    
    738000     345       1      14     298    13761.87       -3.337892    
    739000     323       1      13     298    12884.31       -3.243490    
    740000     351       1      13     298    14001.21       -3.356925    
    741000     320       1      13     299    12764.64       -3.141746    
    742000     363       1      13     299    14479.89       -3.543340    
    743000     323       1      13     299    12884.31       -3.234113    
    744000     348       1      13     299    13881.54       -3.368796    
    745000     325       1      13     300    12964.08       -3.364794    
    746000     341       1      13     300    13602.32       -3.446408    
    747000     321       1      13     300    12804.53       -3.233497    
    748000     335       1      13     301    13362.98       -3.254371    
    749000     318       1      13     301    12684.86       -3.156212    
    750000     359       1      13     301    14320.33       -3.526933    
    751000     323       1      13     302    12884.31       -3.364065    
    752000     339       1      13     302    13522.54       -3.374676    
    753000     349       1      13     302    13921.43       -3.475353    
    754000     336       1      13     303    13402.87       -3.273994    
    755000     322       1      13     303    12844.42       -3.351352    
    756000     352       1      13     303    14041.10       -3.290938    
    757000     363       1      13     303    14479.89       -3.347933    
    758000     319       1      13     304    12724.75       -3.347473    
    759000     357       1      13     304    14240.55       -3.365322    
    760000     343       1      13     304    13682.10       -3.415398    
    761000     323       1      13     305    12884.31       -3.464622    
    762000     358       1      13     305    14280.44       -3.546045    
    763000     341       1      13     305    13602.32       -3.467189    
    764000     331       1      13     306    13203.42       -3.271236    
    765000     339       1      13     306    13522.54       -3.385953    
    766000     361       1      13     306    14400.11       -3.323330    
    767000     340       1      13     307    13562.43       -3.373241    
    768000     332       1      13     307    13243.31       -3.332464    
    769000     339       1      13     307    13522.54       -3.328710    
    770000     342       1      13     307    13642.21       -3.285859    
    771000     391       1      14     308    15596.79       -3.468719    
    772000     354       1      14     308    14120.88       -3.342677    
    773000     350       1      14     308    13961.32       -3.304607    
    774000     357       1      14     309    14240.55       -3.432154    
    775000     380       1      14     309    15158.01       -3.582451    
    776000     386       1      14     309    15397.34       -3.628503    
    777000     331       1      13     310    13203.42       -3.350456    
    778000     331       1      13     310    13203.42       -3.281714    
    779000     323       1      13     310    12884.31       -3.155932    
    780000     364       1      13     311    14519.78       -3.513081    
    781000     325       1      13     311    12964.08       -3.236610    
    782000     356       1      13     311    14200.66       -3.526678    
    783000     344       1      13     312    13721.99       -3.297986    
    784000     331       1      13     312    13203.42       -3.465182    
    785000     365       1      13     312    14559.66       -3.514409    
    786000     348       1      13     313    13881.54       -3.281013    
    787000     319       1      13     313    12724.75       -3.278903    
    788000     357       1      13     313    14240.55       -3.414831    
    789000     334       1      13     314    13323.09       -3.074470    
    790000     336       1      13     314    13402.87       -3.206759    
    791000     326       1      13     314    13003.97       -3.527953    
    792000     327       1      13     315    13043.86       -3.190114    
    793000     331       1      13     315    13203.42       -3.443408    
    794000     333       1      13     316    13283.20       -3.411694    
    795000     329       1      13     316    13123.64       -3.469250    
    796000     363       1      13     316    14479.89       -3.403614    
    797000     352       1      13     317    14041.10       -3.452396    
    798000     359       1      13     317    14320.33       -3.377207    
    799000     346       1      13     317    13801.76       -3.459550    
    800000     359       1      13     318    14320.33       -3.471382    
    801000     366       1      13     318    14599.55       -3.500599    
    802000     338       1      13     318    13482.65       -3.411169    
    803000     338       1      13     319    13482.65       -3.422291    
    804000     337       1      13     319    13442.76       -3.358164    
    805000     337       1      13     319    13442.76       -3.297617    
    806000     343       1      13     320    13682.10       -3.485511    
    807000     364       1      13     320    14519.78       -3.475151    
    808000     363       1      13     320    14479.89       -3.450265    
    809000     354       1      13     321    14120.88       -3.304389    
    810000     353       1      13     321    14080.99       -3.446149    
    811000     313       1      12     322    12485.41       -3.391230    
    812000     341       1      12     322    13602.32       -3.305462    
    813000     334       1      12     322    13323.09       -3.218804    
    814000     325       1      12     322    12964.08       -3.095738    
    815000     332       1      12     323    13243.31       -3.189012    
    816000     298       1      12     323    11887.07       -3.315188    
    817000     331       1      12     323    13203.42       -3.228853    
    818000     324       1      12     324    12924.20       -3.390054    
    819000     334       1      12     324    13323.09       -3.352964    
    820000     342       1      12     324    13642.21       -3.274285    
    821000     331       1      12     325    13203.42       -3.174161    
    822000     296       1      12     325    11807.29       -3.333988    
    823000     325       1      12     325    12964.08       -3.323152    
    824000     303       1      12     326    12086.52       -3.200120    
    825000     342       1      12     326    13642.21       -3.353093    
    826000     314       1      12     326    12525.30       -3.399916    
    827000     294       1      12     327    11727.51       -3.152110    
    828000     313       1      12     327    12485.41       -3.330720    
    829000     317       1      12     327    12644.97       -3.308991    
    830000     303       1      12     328    12086.52       -3.269846    
    831000     334       1      12     328    13323.09       -3.343395    
    832000     302       1      12     328    12046.63       -3.245343    
    833000     297       1      12     328    11847.18       -3.313582    
    834000     328       1      12     329    13083.75       -3.275839    
    835000     340       1      12     329    13562.43       -3.304198    
    836000     337       1      12     329    13442.76       -3.148380    
    837000     335       1      12     330    13362.98       -3.339229    
    838000     337       1      12     330    13442.76       -3.263059    
    839000     297       1      12     330    11847.18       -3.277276    
    840000     311       1      12     330    12405.63       -3.389707    
    841000     330       1      12     331    13163.53       -3.301854    
    842000     339       1      12     331    13522.54       -3.347950    
    843000     306       1      12     331    12206.18       -3.096381    
    844000     322       1      12     332    12844.42       -3.341073    
    845000     327       1      12     332    13043.86       -3.255193    
    846000     313       1      12     332    12485.41       -3.058835    
    847000     322       1      12     332    12844.42       -3.251605    
    848000     324       1      12     333    12924.20       -3.421677    
    849000     298       1      12     333    11887.07       -3.243870    
    850000     322       1      12     333    12844.42       -3.303583    
    851000     307       1      12     334    12246.07       -3.328266    
    852000     338       1      12     334    13482.65       -3.247362    
    853000     339       1      12     334    13522.54       -3.424028    
    854000     331       1      12     334    13203.42       -3.352666    
    855000     340       1      12     335    13562.43       -3.258923    
    856000     315       1      12     335    12565.19       -3.473872    
    857000     334       1      12     335    13323.09       -3.551868    
    858000     332       1      12     336    13243.31       -3.583671    
    859000     326       1      12     336    13003.97       -3.418771    
    860000     299       1      12     336    11926.96       -3.369766    
    861000     298       1      12     337    11887.07       -3.431106    
    862000     309       1      12     337    12325.85       -3.190139    
    863000     336       1      12     337    13402.87       -3.376143    
    864000     321       1      13     338    12804.53       -3.355959    
    865000     349       1      13     338    13921.43       -3.441807    
    866000     350       1      13     338    13961.32       -3.393200    
    867000     357       1      13     339    14240.55       -3.534311    
    868000     319       1      13     339    12724.75       -3.512446    
    869000     326       1      13     339    13003.97       -3.514104    
    870000     342       1      13     340    13642.21       -3.327308    
    871000     355       1      13     340    14160.77       -3.473911    
    872000     348       1      13     340    13881.54       -3.404204    
    873000     360       1      13     341    14360.22       -3.405360    
    874000     344       1      13     341    13721.99       -3.467343    
    875000     348       1      13     341    13881.54       -3.418049    
    876000     341       1      13     342    13602.32       -3.319818    
    877000     358       1      13     342    14280.44       -3.588586    
    878000     366       1      13     342    14599.55       -3.425676    
    879000     358       1      13     343    14280.44       -3.455018    
    880000     356       1      13     343    14200.66       -3.431527    
    881000     332       1      13     343    13243.31       -3.313116    
    882000     351       1      13     344    14001.21       -3.521661    
    883000     332       1      13     344    13243.31       -3.300050    
    884000     325       1      13     344    12964.08       -3.329467    
    885000     346       1      13     345    13801.76       -3.501927    
    886000     360       1      13     345    14360.22       -3.435352    
    887000     328       1      13     346    13083.75       -3.358297    
    888000     341       1      13     346    13602.32       -3.424386    
    889000     321       1      13     346    12804.53       -3.247232    
    890000     327       1      13     347    13043.86       -3.398298    
    891000     351       1      13     347    14001.21       -3.425736    
    892000     343       1      13     347    13682.10       -3.484867    
    893000     345       1      13     348    13761.87       -3.357453    
    894000     340       1      13     348    13562.43       -3.460594    
    895000     351       1      13     348    14001.21       -3.412694    
    896000     333       1      13     349    13283.20       -3.422888    
    897000     334       1      13     349    13323.09       -3.207705    
    898000     351       1      13     349    14001.21       -3.426735    
    899000     324       1      12     350    12924.20       -3.518043    
    900000     314       1      12     350    12525.30       -3.393139    
    901000     327       1      12     350    13043.86       -3.252036    
    902000     342       1      12     351    13642.21       -3.481168    
    903000     327       1      12     351    13043.86       -3.369392    
    904000     304       1      12     351    12126.41       -3.230989    
    905000     320       1      12     352    12764.64       -3.440450    
    906000     340       1      12     352    13562.43       -3.462964    
    907000     300       1      12     352    11966.85       -3.089545    
    908000     328       1      12     353    13083.75       -3.392965    
    909000     314       1      12     353    12525.30       -3.468422    
    910000     316       1      12     353    12605.08       -3.410360    
    911000     340       1      12     354    13562.43       -3.464921    
    912000     312       1      12     354    12445.52       -3.250832    
    913000     329       1      12     354    13123.64       -3.167666    
    914000     340       1      12     355    13562.43       -3.544167    
    915000     338       1      12     355    13482.65       -3.505565    
    916000     336       1      12     355    13402.87       -3.330598    
    917000     325       1      12     356    12964.08       -3.453873    
    918000     299       1      12     356    11926.96       -3.287867    
    919000     322       1      12     356    12844.42       -3.406819    
    920000     309       1      12     357    12325.85       -3.309061    
    921000     309       1      12     357    12325.85       -3.328015    
    922000     329       1      12     357    13123.64       -3.383744    
    923000     299       1      12     357    11926.96       -3.117388    
    924000     310       1      12     358    12365.74       -3.163281    
    925000     308       1      12     358    12285.96       -3.189571    
    926000     318       1      12     358    12684.86       -3.255089    
    927000     320       1      12     359    12764.64       -3.278812    
    928000     331       1      12     359    13203.42       -3.300570    
    929000     334       1      12     359    13323.09       -3.300375    
