         404          15         367         415
         404   1000.0000000000006     
           0   976652087          -1           1
  0.14107632    
  0.10771823E-01  0.50000000E-01
   10.000000       25.000000    
   10.000000    

       1       1       1    5.654586647691611        7.444465485628608        2.499455787210371    
       1       1       2    5.859814192936978        7.302960353998802        2.009163812922529    
       2       1       1    4.353273371871871        6.455308732073555       0.1838465232173419E-01
       2       1       2    4.356533642412882        6.978114051768535        9.847736424144285    
       3       1       1    3.438043887000037        6.931883614210159        3.208668399952605    
       3       1       2    2.932069695600485        6.912596248752068        2.993521970652480    
       4       1       1    4.147281593359362        6.770000181583261        1.324944500566170    
       4       1       2    4.344327723738064        6.525686476689469       0.8730815042082891    
       5       1       1    3.327744423267467        5.421751606193083        3.996389241106813    
       5       1       2    3.163890232863372        5.569154025227346        4.500631403861751    
       6       1       1    8.275985906567479        7.034371046265731        3.950178379260500    
       6       1       2    8.182215747562907        7.574418230662846        4.000829505588387    
       7       1       1    4.330717094668590        6.425475004208140        2.397245698093109    
       7       1       2    4.049118569160273        5.977805726259872        2.547278955592771    
       8       1       1    1.859825926968309        6.495965030952003        2.501431165158082    
       8       1       2    1.752412105371435        6.140866027628428        2.095104647768390    
       9       1       1    9.132565801590962        5.682708879779937        5.000372169095406    
       9       1       2    8.872637867268116        5.199904261107469        5.047052670761421    
      10       1       1    7.955457324302236        6.023051369039895        1.861101627119777    
      10       1       2    8.378847797116302        6.334522544273860        2.022706819409235    
      11       1       1    9.880270757338439        5.082882142668013        7.060598269552763    
      11       1       2    9.637247549576937        4.693988399065678        7.363852743813935    
      12       1       1    8.481993546252566        5.301101639424989       0.8357726340501000    
      12       1       2    8.154494373360000        5.477004997371367        1.241478640099395    
      13       1       1    1.224884047273556        6.074596371778744        6.792869545533353    
      13       1       2    1.075071862374064        5.759979854664225        7.218128274884323    
      14       1       1    9.483331611751135        6.223317570551287        5.902415052938167    
      14       1       2    9.112451012864772        5.944269152112022        5.607886477242038    
      15       1       1    2.946897300121276        6.720442743182248        5.211584942838623    
      15       1       2    3.364159058006680        6.361994155974446        5.208140641258498    
      16       1       1    8.247965495331508        6.012498457394241        7.553497973593252    
      16       1       2    8.011537025399811        6.361751916194520        7.907056103190219    
      17       1       1    8.656650078054239        7.171475103885115        6.549830495483368    
      17       1       2    8.208415625925451        7.120775124155688        6.864113067306026    
      18       1       1    4.580235175844012        6.891179012829781        4.096408827855109    
      18       1       2    4.935174151979568        7.048316265133068        3.706220137836145    
      19       1       1    8.644303230450053        5.980899534132671        9.665602586079867    
      19       1       2    8.216977758618885        5.653637784578430        9.552957586066910    
      20       1       1    5.402172673589105        5.825424990606635        8.079273016196485    
      20       1       2    4.968183748829262        6.084055931093266        8.296314028505762    
      21       1       1    3.491253268741221        6.233546601933527        9.315731246233820    
      21       1       2    3.139787731045053        6.197318813551708        9.737451132363271    
      22       1       1    3.808025533203647        7.071339716041162        6.722322675380833    
      22       1       2    3.425244071603965        7.465155572461535        6.693845942352699    
      23       1       1    6.486236931185357        5.146339733536903        8.444199978907774    
      23       1       2    6.004149467774248        5.078334547061372        8.187994202005664    
      24       1       1    7.586580079685273        6.062521859161498        6.744005945456246    
      24       1       2    7.746098821355871        6.554246346652212        6.932141240440311    
      25       1       1    3.392172968484940        6.240958058530474        8.310410941632709    
      25       1       2    3.914295982933230        6.166860440218684        8.465653009364880    
      26       1       1    9.890623065547796        5.325180357325011        3.874921660715639    
      26       1       2    9.751970552781081        5.856451979733606        3.892939080026086    
      27       1       1    5.488423242167525        6.421207547288938        2.042394629765222    
      27       1       2    5.631474705684578        5.899447127586511        2.140214995075162    
      28       1       1    7.649449856266147        6.842683803860900        5.021464442215830    
      28       1       2    8.092879626776845        7.057648652580680        4.776577982101777    
      29       1       1    7.832599154842493        7.074779744105311        7.370411401179664    
      29       1       2    8.264134376142691        7.064515507975142        7.711336083587871    
      30       1       1    4.861428510741693        7.549704080496945       0.4125729610559205    
      30       1       2    4.421870066325418        7.861837682522955       0.3030375460071680    
      31       1       1   0.3387739619922415        6.141777117307859        4.681031572410591    
      31       1       2   0.8756884399418858        6.258580853626222        4.659641058496325    
      32       1       1    6.363932335037345        7.158936274449459        7.102424018641601    
      32       1       2    6.373910471348820        6.932851707098316        6.600917341977223    
      33       1       1    7.251384572479713        5.796623776863377        5.552120395729217    
      33       1       2    7.641781813695601        5.441803736719426        5.708911649796821    
      34       1       1    6.286435461279695        6.467881922812529        8.284077035235761    
      34       1       2    6.275571061764041        6.659612975559614        8.799585139022030    
      35       1       1    9.474087640859185        7.344175852117464        1.307810173164702    
      35       1       2    9.957144617952094        7.081814953210692        1.332439713183974    
      36       1       1    7.637162201620690        5.237470922183798       0.2196630365971163    
      36       1       2    8.055440010270045        5.482703936379046       0.4798328699273492    
      37       1       1    3.762708897843409        5.781191917943072        6.276248441893653    
      37       1       2    3.305572467447229        5.746082700672881        6.580479206638041    
      38       1       1    3.151195304487674        6.291818208641066        6.898576605983832    
      38       1       2    2.735314893870067        6.652381995707396        6.908130789542508    
      39       1       1    2.114751269537551        6.639484114180272        3.504438806055196    
      39       1       2    1.705259326068060        6.763232392598479        3.158559088579780    
      40       1       1    3.116424984993907        7.272902863773901        7.760465308618817    
      40       1       2    3.209795272736624        7.534280829059809        7.285888745351127    
      41       1       1    4.458460325812454        6.148289324666353        8.652259967687948    
      41       1       2    3.984664795778829        6.386933221534180        8.508053879439629    
      42       1       1    1.486101792597866        6.485326608691758        7.974326356131865    
      42       1       2    1.733745778151523        6.154511171318443        7.611685723489685    
      43       1       1    3.981686854257600        5.892040349278059        7.347596212393184    
      43       1       2    3.772628386324301        6.395480700664574        7.419284729541158    
      44       1       1    2.444090516359596        6.476873944226291        1.235471922655972    
      44       1       2    2.270565027826156        6.039407248101804        1.519462694812998    
      45       1       1    3.852173033906967        5.928933721826520        3.140266869137663    
      45       1       2    3.469813830634381        6.235054627815736        3.390663854221244    
      46       1       1    6.393634867580277        7.524034936244511        1.326413365411743    
      46       1       2    6.181896061314078        7.238677420485023       0.9065219788922567    
      47       1       1    5.035763194582212        7.403447150113810        1.702445453472116    
      47       1       2    5.121218781321780        7.877358839403687        1.437056313132438    
      48       1       1    2.733098241031533        5.747386315838733        3.207409707051833    
      48       1       2    2.303506382892285        6.088546120245051        3.172445897806538    
      49       1       1    1.880666957819184        7.039536635197978        7.142777422374593    
      49       1       2    1.706858505814200        7.056338263128064        7.664540199630168    
      50       1       1   0.1985250626929629        6.359603173995724        6.766469503937086    
      50       1       2   0.2010931662141944        6.136625689431484        6.264179795060415    
      51       1       1    1.529085523474888        5.520421724296883        8.821401748504462    
      51       1       2    1.133853543413567        5.289260077156401        8.517238861774695    
      52       1       1    2.894630362544993        7.273944727183417        6.189351940914996    
      52       1       2    2.363809751102464        7.214918330709222        6.321279634760346    
      53       1       1    1.417370318011347        7.086087940570071        9.333408284592862    
      53       1       2    1.687006714566604        7.549895242475168        9.454036131254405    
      54       1       1    2.575094396453181        5.424821738979128        8.553455938294892    
      54       1       2    2.900416271272342        5.008981907771019        8.398838285088319    
      55       1       1    2.492066165669095        4.654310142452111        7.559190295458375    
      55       1       2    2.554053706478447        4.234785085111035        7.908713039876917    
      56       1       1    5.344425568003045        5.805156853538132        9.671557366976977    
      56       1       2    4.974934415904227        5.793537567818113       0.7924215950710138E-01
      57       1       1    3.314879735566202        6.310572257960350       0.7579951333316428    
      57       1       2    3.734683514211250        6.374224525285142        1.107298349615751    
      58       1       1    6.411029901942911        7.284957357203126        5.729005468456675    
      58       1       2    5.982062318288356        7.049436399121759        5.478674126484822    
      59       1       1   0.8351368175230652        6.294757265341400        9.069311390602694    
      59       1       2   0.5310316306830404        6.349284120544850        9.524537579360222    
      60       1       1    4.045729815905742        7.506788015642556        8.546169643457418    
      60       1       2    4.170735567906766        7.207369074223386        8.102326262312467    
      61       1       1   0.2983859101936668        6.078438300093074        3.200725724968433    
      61       1       2    9.917515334755024        5.763251810577064        3.442136385718273    
      62       1       1    5.777290108489670        8.092951636717679        7.113634272128404    
      62       1       2    5.687497206888871        8.587298559195485        7.336935864051840    
      63       1       1    3.628666740297440        7.635476987467046        5.425325296578651    
      63       1       2    3.151415491435019        7.623694570764956        5.153106328825247    
      64       1       1    1.697929926490762        6.017190081321105       0.3045473947823819    
      64       1       2    1.211961714304099        5.883974869926226       0.5255519070005318    
      65       1       1    9.516919309163127        5.936343221121797       0.8916611087166372    
      65       1       2   0.9968685639642094E-02    6.122529293424329       0.7348732653664761    
      66       1       1    2.566704816701892        6.828819915556715       0.2823804870210663E-01
      66       1       2    2.556720840630768        7.372592319280136       0.1086664530473919    
      67       1       1    2.041353180741756        6.292880556712638        9.313816602643152    
      67       1       2    1.572278934185114        6.479116599246534        9.532672432172889    
      68       1       1    4.727327282450141        6.888599538505344        5.725617680050435    
      68       1       2    5.262721040043095        6.763164098805008        5.738272059937339    
      69       1       1    8.543734778170835        4.303857308455564        9.990930593403041    
      69       1       2    8.244463721721639        3.960222794212795        9.683999076895645    
      70       1       1    9.761364534528980        7.135282575541457        4.794451584797719    
      70       1       2    9.243536303364456        6.965459075685136        4.721619625223602    
      71       1       1    9.396538376072828        7.228829572691063        7.746548740244521    
      71       1       2    9.070251898786715        6.982897370650304        7.378179580859289    
      72       1       1    2.624631448913931        7.844217134846440        3.456842244193855    
      72       1       2    2.928459329449104        7.456025321590348        3.212636392019990    
      73       1       1    3.303812259939514        6.625331853512460        4.202623924111200    
      73       1       2    3.748368741725089        6.463930199548487        3.922332091737527    
      74       1       1   0.4820701517835966        7.013976314645144        8.359377734828040    
      74       1       2   0.4694515125153925        7.478245973515253        8.064746288497474    
      75       1       1    5.426210906986079        7.125991567761282        8.155865935469329    
      75       1       2    4.982909074401793        6.863779027844247        7.963048740283213    
      76       1       1   0.9612348649389729        6.469839842504602       0.9258584641697825    
      76       1       2    1.135636513656888        6.683654472017044       0.4505081954278358    
      77       1       1    7.582917716000784        7.458281048780025        8.600459443488552    
      77       1       2    8.049237452781645        7.558112548013673        8.874529419564835    
      78       1       1    8.546411045250252        7.944526564661962        7.640109719574034    
      78       1       2    8.837470017012985        8.411314179722318        7.653791130925739    
      79       1       1    2.188730532212434        4.727663398145662       0.3358048836631377    
      79       1       2    2.029280983244485        5.186936676871030       0.5922998404421357    
      80       1       1    2.486410075123259        4.506002630808920        8.974678211472387    
      80       1       2    2.045310327504448        4.785721725021653        8.802541071067377    
      81       1       1    9.420194035382281        5.298150257740928       0.1172101520164145E-01
      81       1       2    9.779355257903584        5.638414346315765       0.2509923973273299    
      82       1       1    3.356063249304322        3.982103871791641        7.872430238113849    
      82       1       2    3.636883981104560        3.990566017290848        8.345348019728693    
      83       1       1    3.682110341023569        7.460603145420097       0.7015396833091092    
      83       1       2    3.167036375791173        7.345751123575661       0.5455946031226092    
      84       1       1    3.475780973875726        4.390715129019910        4.020696663986869    
      84       1       2    3.891204564227245        4.039179837014932        3.938573358407985    
      85       1       1    9.755292606650832        6.651504401496759        8.951923058601613    
      85       1       2    9.949474866802955        6.712327764641514        9.462816144237362    
      86       1       1    9.726259152318924        5.259653256015360        8.498022398022233    
      86       1       2    9.678343383386254        4.976895035780626        8.967078915606416    
      87       1       1   0.4900628190511339        4.850642809370937        9.080141201802638    
      87       1       2   0.9073466056812929        5.201804088204147        9.147545577010256    
      88       1       1    5.205596714553037        6.030786169407166        4.630240109799476    
      88       1       2    5.253876191636929        6.577103661765197        4.667407075244636    
      89       1       1    4.509889800504467        5.817576158721471        3.942841038179793    
      89       1       2    4.589960147885273        5.649917970127063        4.460162313569248    
      90       1       1    5.424367374945243        7.097283747822882        4.910123830547988    
      90       1       2    5.659634357237997        6.679122683207377        4.640988109817646    
      91       1       1    4.814487798361735        8.052306638815956        5.371524574586079    
      91       1       2    4.765108783714573        7.617480715669651        5.704893719718040    
      92       1       1    8.171026596571727        6.032003837270814        5.903746699444378    
      92       1       2    8.116129202937708        5.804114042501469        6.401460912183702    
      93       1       1    3.421296019026772        4.916793137130096        7.180868772468456    
      93       1       2    3.342718955724906        5.396086166341428        7.439547999290673    
      94       1       1    8.820769858346097        5.858015243930417        6.731301177289019    
      94       1       2    8.354552823294620        6.095107637356724        6.901029292062938    
      95       1       1    8.096072036290419        5.146571358846395        6.998846517298594    
      95       1       2    8.550463292090049        4.982426265620910        7.261959502091186    
      96       1       1    1.926628933962763        5.645874162958703        7.410584277132894    
      96       1       2    1.872354024971136        5.655874714648370        6.863108783678435    
      97       1       1    4.159026773765669        5.015824191684542        5.046530528369766    
      97       1       2    4.260134562350230        5.519559588283588        4.851016452036054    
      98       1       1    2.607761978706339        5.326424004727883        6.671353633015591    
      98       1       2    2.344665863001260        5.472812626849459        6.210922494999748    
      99       1       1    5.854136263815985        5.975629240323364        5.756295775649882    
      99       1       2    6.167518469065700        5.718565901125950        6.128042138164296    
     100       1       1    5.592756754253972        4.912256745857991        6.504392045543565    
     100       1       2    5.622163974662159        4.922929603452230        5.955151453953678    
     101       1       1    5.982347516801089        4.754762951982689        7.631502676836859    
     101       1       2    5.966483170549578        4.503905966901250        8.120727789005551    
     102       1       1    7.854395338019205        5.245048159044154        3.475331279496832    
     102       1       2    7.518281425704136        5.040811831231683        3.091117535491103    
     103       1       1    4.492723316862177        4.755118149367591        6.336600366188563    
     103       1       2    4.283786422202317        4.931394198235547        5.859170560551849    
     104       1       1    5.025934308746153        6.579390688936854        7.345933882569462    
     104       1       2    5.546466504446947        6.555978869536134        7.169328142930324    
     105       1       1    4.699173383077231        5.102057488108632        7.301113901360929    
     105       1       2    5.147303808462572        4.878557829337010        7.528916699934252    
     106       1       1    2.764044171169715        5.477914922105042        9.800699904024480    
     106       1       2    2.743913680902222        5.431039446364247       0.3487400832576838    
     107       1       1    9.184270250755119        5.183893904938659        5.871861470744887    
     107       1       2    8.923208649117353        5.623447017533498        5.670459093984682    
     108       1       1    7.371699168084171        8.185329973752156        9.575726055294689    
     108       1       2    7.331489245927703        8.714698079661968        9.434482988393237    
     109       1       1    6.695701707718141        5.967929383197401        9.582539206715158    
     109       1       2    7.172191971790873        5.968965167429600        9.307161937047383    
     110       1       1    5.045462224735960        5.815504040350583        6.687995284961962    
     110       1       2    5.529274670492179        5.768322037616958        6.944734310949907    
     111       1       1    2.984948010518887        5.472652256407673        5.417297756191522    
     111       1       2    3.311846502280788        5.768905395837305        5.089272158663571    
     112       1       1    7.289920095000608        6.206418287492727        8.116186208930623    
     112       1       2    6.812063925532981        6.219856189042075        8.387683381292298    
     113       1       1    8.269670079489574        6.749857921414701        2.807417526701941    
     113       1       2    8.127090930613873        7.164020067418156        3.139616946688643    
     114       1       1    5.631463509251082        6.954637518457456        9.482757743629703    
     114       1       2    5.556642358579621        6.691069367344127        9.959136504395705    
     115       1       1    1.349738517781212        4.703029077145141        6.816653669441717    
     115       1       2    1.735144602765728        4.782512136974812        6.432485846617820    
     116       1       1    5.100552674235511        6.420141328792652       0.7608759839463741    
     116       1       2    4.776428253983241        6.825851425624583       0.9425665028060511    
     117       1       1    9.671062584871573        4.071535003975066        9.376677005428599    
     117       1       2    9.435481934557389        3.845220532577909        8.934335877885792    
     118       1       1    8.954496164053678        5.119935408434578        7.842280643544715    
     118       1       2    8.989905998402870        4.657075836713037        7.547089741453191    
     119       1       1    7.819910938678400        5.315103660509246        8.636456693567695    
     119       1       2    7.285555884733273        5.349563707815420        8.511982886174634    
     120       1       1    1.248862250610367        8.022768041101259        7.962498303898865    
     120       1       2   0.7325445760356158        7.973498882776698        8.147205452675841    
     121       1       1    8.953352905831501        5.789077551456966        2.872114664381218    
     121       1       2    8.456371235100251        5.592799677900842        3.002071871376830    
     122       1       1    1.425370097612636        5.130071983477428        9.790309343167323    
     122       1       2   0.9142314580692825        5.267689470261109        9.938950026574897    
     123       1       1    9.623247761805144        6.147858685307768        7.989587587826948    
     123       1       2    9.715808535261763        6.075538237803199        7.451807714382741    
     124       1       1    2.518797134417730        6.468600218202273        7.757424633507260    
     124       1       2    2.791172376958046        6.122841592811691        8.087885313887387    
     125       1       1    5.083358579491178        4.816682203039190        8.697002907056731    
     125       1       2    5.521042478519903        5.147168268698289        8.734397216563844    
     126       1       1    8.234626191518149        8.150105134925726        6.402937300514556    
     126       1       2    8.693590003541145        8.441646561095967        6.485691781371902    
     127       1       1    9.315060175768510        6.485543584139199        4.023560452681084    
     127       1       2    9.276744013028660        6.306338366623224        4.542125636346527    
     128       1       1    7.544198093684214        6.916067348213550        6.098381153547060    
     128       1       2    7.199158580802869        6.810285522670896        6.513812686061843    
     129       1       1    1.704495845153344        7.642120800943611        3.820276122167390    
     129       1       2    2.055856735841473        7.219422344665302        3.812157552642798    
     130       1       1    6.556464643390997        7.664821782398228        8.139031907513870    
     130       1       2    6.708044575620788        7.751227345915212        8.660939000834533    
     131       1       1    7.641967430707219        6.314217739264056        9.271834191570482    
     131       1       2    7.135107610515916        6.516024125005784        9.199723187017590    
     132       1       1    1.537248782020426        5.293473977221564        5.703569252053217    
     132       1       2    1.443306809652328        5.463742391067278        5.189051372026246    
     133       1       1    8.653256153866167        5.998534648268494        8.564797484300122    
     133       1       2    8.148658117895851        6.133462616922452        8.739145415354386    
     134       1       1    7.112491941379059        7.723774921361670        3.803186512174211    
     134       1       2    7.442403507105091        8.042726287704651        3.500511450951067    
     135       1       1    6.265348464615466        6.528088176722193        4.728968839078966    
     135       1       2    6.455105807289670        6.097749183400599        4.444441768713954    
     136       1       1    1.923390486535815        6.247699251503717        6.087247243709362    
     136       1       2    2.285142620003408        6.654817703572775        6.168165878288672    
     137       1       1    9.223479241128709        6.309076713857234        2.015961051471209    
     137       1       2    8.950405880101147        5.843491317619737        2.124676477299956    
     138       1       1    8.089190576788468        7.114406360389268        9.713643396471435    
     138       1       2    8.244938226132758        6.992075741955554        9.200534011408552    
     139       1       1    9.075062329595214        8.476454182052640        4.028477556025958    
     139       1       2    8.999261062824127        8.889673591715505        3.673936241761754    
     140       1       1    8.248983250137522        8.320914038659742        8.942338302440765    
     140       1       2    8.258754629779261        7.792251471068644        8.791951913913410    
     141       1       1   0.4731720361566224        5.098948708420558        5.052849899955586    
     141       1       2   0.5099774774805437        5.086630007271090        4.504046439109270    
     142       1       1    8.782504701567797        5.128606044355316        9.071330503141096    
     142       1       2    9.077757720039070        4.882413012775192        8.677603754644878    
     143       1       1    3.634333680223881        7.724899908221346        4.264274150509113    
     143       1       2    3.327882299541518        8.097075867009414        4.000298324048949    
     144       1       1    3.008918501647473        8.639032726420364        4.361630576311705    
     144       1       2    2.844220162295383        8.903632942555042        4.815082443918681    
     145       1       1   0.6863954456022778        7.269877795588085        7.038115622440597    
     145       1       2    1.127958861739763        6.955607605164349        7.130296932212574    
     146       1       1    9.208356185843916        3.953351190666625        8.104322158058046    
     146       1       2    8.907231135368200        4.136324908026070        7.682151544874123    
     147       1       1    9.600508649989557        7.980229730511732        8.479312224180481    
     147       1       2    9.160969944895911        8.285514132809073        8.352231019109622    
     148       1       1    2.393541213009508        8.088080141406628        6.502813493907054    
     148       1       2    2.601767116956874        8.540068058280500        6.268478851876397    
     149       1       1    7.018713562045203        5.229688779821270        7.423880171122913    
     149       1       2    6.509858399460152        5.022300927391243        7.398118879687465    
     150       1       1    1.648858921706250        8.109429697649180        5.733981270099529    
     150       1       2    1.234807797856458        8.094102749627805        6.095282158341081    
     151       1       1    9.303837837659476        8.562766614347165        7.207820681925945    
     151       1       2    9.055397681434753        8.432957352839582        6.734498395990331    
     152       1       1    1.353011812368976        5.093215761694956        1.092096203786082    
     152       1       2    1.669893207434368        4.658833753322002       0.9753187591870829    
     153       1       1    5.269534512333289        6.688599912278568        3.361667977171927    
     153       1       2    5.305064657990711        6.276379651159733        2.999363104838209    
     154       1       1    1.546854826233582        4.428321929537240        8.124590556334228    
     154       1       2    1.572505690648965        4.562668854967797        8.657697740729979    
     155       1       1   0.7153380941690682        6.289696044084635        5.687552398142472    
     155       1       2   0.9391621069068785        5.889894773769759        5.991896913629235    
     156       1       1    8.912957952080049        4.497325869257130        6.741993424012374    
     156       1       2    8.535889314017966        4.116338876385764        6.618355841841914    
     157       1       1    8.612719208161774        6.563992426890846       0.9904312257896351    
     157       1       2    8.696384265500273        6.963102988495849        1.359846323812083    
     158       1       1   0.3574010555580744        7.507144901529719        2.374911429792837    
     158       1       2   0.1829193741576184        7.228554182994157        1.934242225201797    
     159       1       1    6.146167828356244        8.167343042582379        8.932100621035211    
     159       1       2    6.283448810956406        8.650427820648298        8.708232607950787    
     160       1       1   0.2567823357960723        8.833947322565908        6.741270341472973    
     160       1       2   0.1430912889593958        8.826672290118932        6.203409037018095    
     161       1       1    9.440573010717014        7.085119084756335        2.721489486540426    
     161       1       2    9.348998718266481        7.166192030865438        3.257673119687074    
     162       1       1   0.1691573654938854        8.408774295994794        7.749596381591060    
     162       1       2   0.7197427555193156E-01    8.741264303513836        7.322431583271884    
     163       1       1    9.651623885334505        8.159590978712837        2.041379779976897    
     163       1       2    9.777266707388428        7.978588023706249        2.544973724678563    
     164       1       1    1.434557032420402        8.642078996943951        6.636425633588032    
     164       1       2    1.157871292068541        9.099381762224260        6.506256744122071    
     165       1       1    8.719194746332064        7.011470251563826        8.793672977628617    
     165       1       2    8.519479219570199        6.689196723866965        8.395077644555176    
     166       1       1    2.115296053027081        4.461885703942291        5.628112696718871    
     166       1       2    2.626341228194458        4.288807752241243        5.520867140144289    
     167       1       1   0.5038075878491953        4.496758491656236       0.2825709706363956    
     167       1       2   0.9386237986057753        4.800047935935875       0.1348510398992450    
     168       1       1    2.567588986315549        5.491541374525495       0.9006190744569945    
     168       1       2    2.342619758241697        5.935722369650886       0.6670031848229255    
     169       1       1    3.578722767932524        8.128818627006844        6.775296868866899    
     169       1       2    3.850189680307627        8.519456605639522        6.499327219777967    
     170       1       1    2.086548125588187        9.201005765763499        6.115556423451675    
     170       1       2    1.878559364298120        8.705333952961265        5.999218884064727    
     171       1       1    1.166974725629386        3.963775260192225        9.389316109017397    
     171       1       2    1.687396069707975        3.884848785957113        9.229993171637945    
     172       1       1   0.1796444581860895        4.357353461223687        8.178002201089537    
     172       1       2   0.1659704155137240E-01    3.961420751978550        7.833317012441220    
     173       1       1    5.048447261645578        4.153127276574450        7.525944340541074    
     173       1       2    5.100042714253716        4.531185229400351        7.130039603671093    
     174       1       1    2.896423962361378        8.381231699155286        5.687193906726796    
     174       1       2    2.803840550268913        8.067948228454270        6.129800073051225    
     175       1       1    9.940533154066706        8.172003187886267        4.471354560396362    
     175       1       2    9.879478672685165        8.365042081158673        4.982732836048569    
     176       1       1    7.196090605938045        4.027707764935247        8.284238211573903    
     176       1       2    6.780798635006328        3.803881103723968        8.002231000339085    
     177       1       1    2.293292065269101        5.783442239270316        4.574780702897807    
     177       1       2    1.783067181318220        5.923457696189030        4.725416015666838    
     178       1       1    2.853653304895197        4.622990962831971        4.782698754078586    
     178       1       2    2.623419938723524        4.701504578042595        5.275818924408866    
     179       1       1    2.425328897209173        5.207502663025643        2.020772663407531    
     179       1       2    2.076333768670064        5.608518008309701        1.880230919735972    
     180       1       1    8.530658494633798        7.733126454938455        2.864971102741358    
     180       1       2    8.353125706924102        7.366635982386773        3.234768116176173    
     181       1       1    6.866453200611905        5.038248442748517        6.275691475655147    
     181       1       2    7.327504276168064        5.112232518407645        5.986016833373504    
     182       1       1    9.670822721175270        8.315274373399566        3.130134162813388    
     182       1       2    9.574129455274210        7.955844894941104        2.725792789461857    
     183       1       1    3.401896209607623        9.179469372712507        6.634842470142750    
     183       1       2    3.184966100597167        9.336442946251017        7.115345969967364    
     184       1       1    8.187780014160129        4.432867740198918        7.967584385919240    
     184       1       2    8.178143481026416        4.889319640658450        8.274409724058842    
     185       1       1    7.352481135417316        8.036323788200709        5.881266349008028    
     185       1       2    6.914914904473863        8.366876380401948        5.842487456297213    
     186       1       1   0.3050066066087514        7.198135248224789        3.710950573462105    
     186       1       2   0.7513324206886288E-01    7.542069408902348        3.348352715291350    
     187       1       1   0.8803458423089425        4.673012528949359        3.773930055356814    
     187       1       2   0.3413857610449283        4.723222773504128        3.872539316227892    
     188       1       1    2.246813235848086        4.945868274087902        3.932309774453709    
     188       1       2    2.742710975183910        5.183022611301000        3.908693932719750    
     189       1       1    4.577927522545280        7.896714151205694        6.527934974241764    
     189       1       2    4.708477000206148        8.340988541319389        6.230883972961633    
     190       1       1    1.117220735755540        5.856019513860779        1.857967836348718    
     190       1       2   0.8060205210118229        6.189814430047712        1.552319863315581    
     191       1       1    1.549179450869325        5.482594928138592        3.168837008376909    
     191       1       2    1.775002181367384        5.955123727303535        3.001350938990428    
     192       1       1    9.969069585999002        5.300228906364504        2.382358648379658    
     192       1       2    9.927980959201182        5.687212017987583        1.993948995075900    
     193       1       1    6.143922157932967        6.045003901869775        7.202065707800573    
     193       1       2    5.676617825920731        6.071738621750606        6.913547300894032    
     194       1       1    7.221511975874592        7.223460600547798       0.3194466491914399    
     194       1       2    7.653756946089427        7.544759336047241       0.2039183716971121    
     195       1       1    4.553758661100961        7.555054724094911        7.633513539192081    
     195       1       2    4.133815636124461        7.883357092063413        7.497704914139518    
     196       1       1    5.824238203655364        7.578416336547130        3.760544028705184    
     196       1       2    5.676964986447904        7.840172207398179        3.299195796476421    
     197       1       1    8.607175236213889        7.635691925845931        1.828671396174490    
     197       1       2    8.592114355361520        8.179900972307927        1.906903608622209    
     198       1       1    9.490723575275682        8.373091255234304       0.8479700863002246    
     198       1       2    9.324732233543893        8.049577922033725       0.4352629723620111    
     199       1       1    2.462882509124783        7.357527900319597        2.355246217665969    
     199       1       2    2.653609837727551        7.735716437173500        2.706112448819586    
     200       1       1    7.337665397606987        8.435145032543112        8.180752353497756    
     200       1       2    6.818705186110703        8.339680219726336        8.336247377441365    
     201       1       1   0.4392620814390542        5.201693924138447        6.178347844399064    
     201       1       2   0.9006512249600566        5.378777641274218        5.936882089839654    
     202       1       1    1.742313387904153        8.667714238871085        4.314281735035649    
     202       1       2    1.749438805364211        9.217345676795311        4.324057344363074    
     203       1       1    7.615300860385824        7.387089484753454        1.599567843947168    
     203       1       2    7.976126334154285        7.388294558873724        2.014390606092366    
     204       1       1   0.2782929941972427        7.883309148301217        5.696315944300784    
     204       1       2   0.7642929595311814        7.719800814001755        5.894977817473602    
     205       1       1    1.409148344879148        7.640777025944659        2.855028321377016    
     205       1       2    1.432779111895560        7.444416365900230        2.341778633388012    
     206       1       1    2.122178519398248        8.550326674313371        2.883942586406999    
     206       1       2    2.112001197773734        8.011382514784572        2.992722623991347    
     207       1       1    4.829657610374437        7.726203494085448        9.187704853757589    
     207       1       2    4.593890710494264        7.736389998404200        9.684244132885645    
     208       1       1    2.197738599990030        9.224527449966075        5.094876436147389    
     208       1       2    2.392649225914347        8.732150465202071        5.243106778247118    
     209       1       1    5.845326455650661        3.297979358442296        7.397569715307259    
     209       1       2    6.106342489045116        3.105379441693965        7.841739162508603    
     210       1       1    6.273090812930801        7.904578158240646       0.3829898926638870    
     210       1       2    6.232304040890744        7.766457044868843        9.852103213553775    
     211       1       1   0.9017531512345428        4.824026390828945        2.699087571894184    
     211       1       2    1.303148671482969        4.449106672076723        2.720417218400496    
     212       1       1    3.791077196150646        5.011546126811244        9.153977237447554    
     212       1       2    3.635425800666769        5.216613324334092        9.639829177092945    
     213       1       1    5.317205391580089        8.428854558211208        9.866362793618176    
     213       1       2    5.782484012970977        8.562720337164142        9.604589410174450    
     214       1       1    6.874122412712409        8.633683226415567        1.285020395255227    
     214       1       2    7.387843844938237        8.497215769775943        1.144153413412925    
     215       1       1    8.269181129192386        8.539985960633118        9.974059430405891    
     215       1       2    8.492830609759027        9.002821181958604        9.777351488724516    
     216       1       1    3.085307561363015        4.256213245626114        9.851143393072624    
     216       1       2    3.182834030886323        4.181496897332520       0.3871923180276932    
     217       1       1    7.514251938094600        8.209913007083468        2.262682363122057    
     217       1       2    7.588347539769707        7.665110337507345        2.243371440809374    
     218       1       1    4.209475850437594        8.487138445725838       0.2388717684724635    
     218       1       2    3.933769702220219        8.329546709250163        9.789953571410999    
     219       1       1    1.154788793861613        6.673124625640900        3.197604658235090    
     219       1       2   0.8336544495960045        6.513948576011156        2.780062751357987    
     220       1       1    4.080262469667168        8.758810183249450        4.977019330632032    
     220       1       2    4.148058309232726        8.831013285374233        5.518738448789017    
     221       1       1    3.576354969629314        8.286311148200515        7.823459374497020    
     221       1       2    3.368170587990131        7.797436648885978        7.682612076304066    
     222       1       1    6.731442000129086        4.048232987033215        6.875150901468386    
     222       1       2    6.713538621143467        4.559250138359377        6.672980281089117    
     223       1       1   0.8123445566881065        8.592360716718300        2.575336473924566    
     223       1       2   0.7151108239984120        8.262923680243821        3.005243321663716    
     224       1       1    6.497052233651845        8.244189665451405        2.620348613443110    
     224       1       2    6.992573750518451        8.476099364396832        2.562109967212916    
     225       1       1    9.085991553303369        5.167191878022228        1.750783388150172    
     225       1       2    8.710564665401019        4.798255101723143        1.590335999761139    
     226       1       1    5.535564346762459        8.479354479181580       0.8895617020854231    
     226       1       2    5.882844017987081        8.308403942994360        1.280682913014066    
     227       1       1    3.182681618982238        4.435878082356845        5.898859025951195    
     227       1       2    3.408777154458678        4.276631045888267        5.423571982748034    
     228       1       1    4.509437234395302        7.929962124154132        3.824300960129291    
     228       1       2    3.986058959598145        7.996127461002757        3.668911108316758    
     229       1       1    8.213117396316422        4.795027523947789        5.681798696340971    
     229       1       2    8.091902594457638        5.276605873731682        5.916992777904751    
     230       1       1    5.981972730194160        8.140589664862510        5.053399368511804    
     230       1       2    5.792822482124897        8.610319111949133        5.268207680417822    
     231       1       1    7.754974967823199        4.181436581036205        7.040395955156477    
     231       1       2    8.136795013583114        4.562434173115933        6.932597679872368    
     232       1       1    1.606111020651330        3.852697681700147        4.516979365584140    
     232       1       2    1.353052766650367        3.595306032117542        4.931483402035511    
     233       1       1    3.753538045165265        7.623037957028494        9.569560946698266    
     233       1       2    4.101637236643128        7.931438238021687        9.275906938695130    
     234       1       1   0.2175459432048342        6.622369354710048        1.765492155150032    
     234       1       2    9.926715760934693        6.454803365119644        1.329979280614223    
     235       1       1    3.813346838667398        4.842629778165310        8.148535750469044    
     235       1       2    3.588350900955200        4.722097686344602        8.635131921875278    
     236       1       1   0.9466093373570668        9.012303946037711        5.535004970219609    
     236       1       2   0.9073976458168568        8.782628506865377        5.037417553131466    
     237       1       1    3.858414876443605        5.396684531564190       0.2212271322482660    
     237       1       2    3.796058339542824        5.417058615764083        9.675418152674970    
     238       1       1    5.079409013443453        4.977295052982878        5.537048066322111    
     238       1       2    4.782411493655583        5.425194352890093        5.422766431142242    
     239       1       1   0.7211000493103962        8.341047614597365        3.748584255945330    
     239       1       2   0.6343037009378737        8.332112890626661        4.291321336734497    
     240       1       1    3.460948769993475        8.115326801360272        2.848707136282787    
     240       1       2    3.129723344914118        8.492453181608981        2.624425250401501    
     241       1       1    3.204424715773991        6.259994292357053        1.951816179463633    
     241       1       2    2.750759639657987        6.569703972473750        1.939588566795068    
     242       1       1    3.681530833762160        7.312862219508966        2.140307478443661    
     242       1       2    3.973649622860787        6.888914240206706        1.948431670541826    
     243       1       1    1.562756658498180        7.048100184906377        1.702076882645300    
     243       1       2    1.441306194825970        6.559752219233450        1.923443100776886    
     244       1       1    4.977730181180318        5.336224702731658       0.5015717433212586    
     244       1       2    4.805920083367694        4.897421108572228       0.7850068834364754    
     245       1       1    2.597855227810913        3.714805603827530        4.046541698751820    
     245       1       2    2.314667293523017        4.065707058202383        3.732608003605432    
     246       1       1    4.372829515976546        8.399203335420527        1.296418266436206    
     246       1       2    4.130103462870478        8.439814509918946       0.8048780647271363    
     247       1       1    4.090543903323360        5.565296001751224        1.218858536836239    
     247       1       2    3.665871728492825        5.548530784160232       0.8702191161583489    
     248       1       1    4.581757762657858        7.468179820749869        2.768016483789979    
     248       1       2    4.371975118372439        7.894014546754160        3.045265309701936    
     249       1       1    7.400358753955956        4.564509722897493        9.179630854284410    
     249       1       2    7.717100213822182        4.181999846551975        9.415423125856043    
     250       1       1    2.569777628067973        3.555675769650985        5.298919961896893    
     250       1       2    2.714346831542077        3.292391548443303        5.759374213156331    
     251       1       1    3.344311571293336        9.423192941885908        5.495530197083948    
     251       1       2    3.215578575212203        9.003797368054197        5.164748138732468    
     252       1       1    4.363337992971585        8.902021819483164        7.433710749642374    
     252       1       2    4.384393301262530        9.362221200919876        7.133719104501069    
     253       1       1   0.9647567462400902        9.429008117191687        7.767921417334490    
     253       1       2   0.7364715873094192        9.928809347949866        7.789776690930154    
     254       1       1    7.737555633231892        8.879777104564090        3.171004192892688    
     254       1       2    8.052195604217683        8.629203823083936        3.546469551585420    
     255       1       1    5.022072780023633        3.774813550193664        6.254926131533562    
     255       1       2    4.690074008761528        3.895925579324850        6.676539623552055    
     256       1       1    2.787291307168588        8.037359961195403       0.4465270632608497E-01
     256       1       2    3.190463858535658        7.663346088074369       0.2927132275362801E-01
     257       1       1    7.920737360097074        5.492092208304697        4.837922327081894    
     257       1       2    7.899806690803270        5.958090539948779        4.546015098342246    
     258       1       1    8.439781010842003        4.098227924672623        8.941584914865281    
     258       1       2    8.559617990079346        3.759668156712318        9.358013311077590    
     259       1       1    9.043267452663949        9.039424700291343        8.398879982938519    
     259       1       2    9.410202253941449        8.732062839539246        8.127753631312883    
     260       1       1   0.6708236534805962        7.817910470494602        1.379313929267598    
     260       1       2   0.8250795411501742        7.691705454838415        1.892041496617675    
     261       1       1    2.423765725433901        3.865315426888343        6.738153751173896    
     261       1       2    2.390948823662687        4.405465414937177        6.835018735587942    
     262       1       1   0.8741109111484880        7.205370092401881        4.590563996456924    
     262       1       2    1.168680055962599        6.939624032044949        4.209324272679815    
     263       1       1    2.532519844617163        3.323816742710790        8.903661906607113    
     263       1       2    2.139255970940072        3.030618597539922        8.654541643613973    
     264       1       1    2.379739353468910        9.127326913998822        7.552766073198166    
     264       1       2    2.376305463203652        9.068993434091693        7.005663623763909    
     265       1       1   0.6948751512291799        5.642547164563925       0.3206428546677305    
     265       1       2   0.4354992016087141        5.759888879267796        9.849802419481646    
     266       1       1    4.502570457234532        3.642398983484874        8.608061826229584    
     266       1       2    4.119719996742996        3.829527797116625        8.260328421254901    
     267       1       1    3.350138307024080        3.372744052620197        6.195408909890434    
     267       1       2    3.848957019998650        3.422553782190242        5.968447667918654    
     268       1       1    3.566967118708932        3.931127999137545        8.923417989252584    
     268       1       2    3.874271309254886        4.196943585652508        9.293215277775017    
     269       1       1    2.160505501773400        7.257970247216041        4.723299845832848    
     269       1       2    2.099991594264090        7.380910680417006        4.190399073461251    
     270       1       1    5.719690445616928        4.038838294851337        8.507175656242188    
     270       1       2    6.152278184782419        4.349775601018838        8.369341108730303    
     271       1       1    6.010277280910294        8.211499593133523        6.124622788020704    
     271       1       2    5.497441623210929        8.013274789293593        6.146210554153716    
     272       1       1    5.228504128320157        8.729314505158108        4.314676332311794    
     272       1       2    4.864698126080853        8.414472888183781        4.581508614311263    
     273       1       1    6.794612991665161        3.067450167068254        7.926027713545747    
     273       1       2    6.475939977987466        2.915063506021409        8.348210467387654    
     274       1       1   0.3996294139491035        9.306593977475274        4.422208387496746    
     274       1       2   0.1218547159631366        9.737587555509394        4.621821185593672    
     275       1       1    8.273851732137526        8.571741355440206        1.056422151188838    
     275       1       2    7.940952229773415        9.007539424380736        1.106808025275393    
     276       1       1    3.863486839563257        4.352394161776756       0.6471643823339410    
     276       1       2    3.357788683006103        4.495263109264677       0.4841209609283231    
     277       1       1    4.191690122066972        6.307181122660250        4.817673494716509    
     277       1       2    4.497791256648977        6.109865431389736        5.229555008348627    
     278       1       1    8.145775860917691        9.023816557459341        7.424373561590203    
     278       1       2    8.464899392576779        9.104074001038535        7.865335438386325    
     279       1       1    1.564390327296216        6.484000138214974        5.111821254593822    
     279       1       2    1.786089194477937        6.858546137862768        5.447234051771846    
     280       1       1    1.187708240440505        5.813933613819268        4.256344131955806    
     280       1       2    1.615742009431535        5.947224967346248        3.937616591348851    
     281       1       1    7.219214390512156        8.043067256238269        7.017788202241837    
     281       1       2    7.519005589626103        8.367361837290170        6.689878154976934    
     282       1       1    5.774343700786816        8.612258080391086        1.992889792699374    
     282       1       2    5.298758068150492        8.835820765330007        2.154493628726384    
     283       1       1    5.249981983299135        8.474048758263113        3.130126595798816    
     283       1       2    5.144951522249673        8.041205828214130        3.452451537502349    
     284       1       1    5.268654406397780        2.927178352024949        8.170904376815358    
     284       1       2    4.846126217824582        3.259432529176492        8.286076981756768    
     285       1       1    5.381702551986870        3.631303409686379        9.469068006010257    
     285       1       2    5.152387790569017        3.892145681116282        9.042859351104005    
     286       1       1    6.424272435691788        3.530206462373358        9.004109045120428    
     286       1       2    6.956679581403484        3.622124259326596        8.903585296140061    
     287       1       1   0.5560240298493731E-01    4.931324259047503        1.110264156858556    
     287       1       2    9.608688816861262        5.111968560259086       0.8453063858064038    
     288       1       1    2.464497353832710       0.1090360392152785        5.568414578555954    
     288       1       2    2.174473803225482        9.794098955792670        5.913467752978637    
     289       1       1    8.671238667736274        6.702816898330113        5.295206157685896    
     289       1       2    9.055410486872365        6.470895851423252        5.614127786452149    
     290       1       1    1.410860315564567        9.508895711451821        3.558985425347210    
     290       1       2    1.226428871926795        9.823993874662522        3.146936212205676    
     291       1       1    1.034686031356407        9.771667255643449        6.502454687847126    
     291       1       2   0.5463032493709340        9.555851948466637        6.369597610225952    
     292       1       1    2.686023282984288        9.156496719998755        3.469589295409294    
     292       1       2    2.448602673251640        8.740324961778770        3.739508816115694    
     293       1       1    7.316677533386884        6.602400905592380        3.717343945741822    
     293       1       2    6.845358483544575        6.765627352635903        3.485542235316719    
     294       1       1    8.825373275839139        9.033151093742106        2.682650055902628    
     294       1       2    9.093067734113918        9.229727106637466        2.243578407905671    
     295       1       1    3.292299388402038        9.902858346864932        4.284222221884210    
     295       1       2    3.235429722010148        9.589330049259651        4.732532828896712    
     296       1       1    8.740951273134284        7.689512878720945        5.131160103813823    
     296       1       2    9.289419660098567        7.649110877338513        5.118911185401664    
     297       1       1    7.072803589762411        7.401491861504709        2.746179145900127    
     297       1       2    6.736244972366128        7.237216870293011        3.148992473675426    
     298       1       1    9.677672837064316        8.844201469738124        5.279105623440272    
     298       1       2    9.636471870796456        8.422212253717772        5.629916220762751    
     299       1       1    3.828555592049860        8.717393853523545        3.595768762179148    
     299       1       2    3.366160091358211        8.950316738619765        3.780249805743805    
     300       1       1    3.517516990576036        3.273982070982257        5.007081927350916    
     300       1       2    3.123802548518492        3.534023488923772        5.288974325202322    
     301       1       1   0.8504979987828246        3.819434438297737        7.325708533010552    
     301       1       2    1.205338402213604        4.213908467055355        7.471788616846390    
     302       1       1    4.431778056333094        3.156173928510418        7.275163657767934    
     302       1       2    4.785309372353254        2.867801497202223        6.968111585020388    
     303       1       1    8.999972320738278        8.976264246747352        1.672197920110756    
     303       1       2    8.651822057282347        9.248399403913790        1.344630235879475    
     304       1       1    8.991824132481549        7.655097223435483       0.2223707508433303E-01
     304       1       2    8.542867113223135        7.918182295461892       0.2009893380086292    
     305       1       1    3.102794255511738        8.362848551203815        8.901558222611234    
     305       1       2    2.804184338606360        7.905037745712042        8.964565489381306    
     306       1       1   0.8563410694304184        8.192621723060036        8.997577840350992    
     306       1       2    1.046220200002338        8.635993449974251        9.262584047280242    
     307       1       1    1.788635475368018        7.299655731921269       0.6665432863965597    
     307       1       2    1.936917542021654        7.086837722335209        1.151460753012131    
     308       1       1    4.626371196172041        9.112759162725846        6.163201470941202    
     308       1       2    4.830294282160922        8.625584505650220        6.317489384496072    
     309       1       1    5.384446184065814        9.383301909511731        5.086862013885344    
     309       1       2    5.842993322276119        9.369657556869422        5.390459703109308    
     310       1       1    4.367336490443450        4.809728412037114        3.591662457410090    
     310       1       2    4.494244364790242        5.017191179467972        3.098228779211362    
     311       1       1    4.545803105346840        4.154942935498693        4.551264983640310    
     311       1       2    4.053969398274319        4.093727275090241        4.312856974293293    
     312       1       1    2.763622440276372        7.357568310749111        8.862407833992062    
     312       1       2    2.717304173862352        7.902459881471157        8.801775119080396    
     313       1       1    2.725322314904030        2.494717045919738        6.069131538107992    
     313       1       2    3.225799188585561        2.424064220637069        6.286036194361026    
     314       1       1    3.493517202091895        3.001581839326614        8.075930086022701    
     314       1       2    3.061660376579307        2.792929820847241        8.344480174143463    
     315       1       1    2.432720353333252        8.090067033623203        7.880603223926878    
     315       1       2    2.942662805815330        8.142142519978556        7.680606107713262    
     316       1       1    2.226820471711728       0.4927338253475551E-01    4.135212913056912    
     316       1       2    2.639988240616731       0.3579036118788159        3.944095389826194    
     317       1       1    2.104058577531803        8.347506146149753        9.037310297507849    
     317       1       2    1.697837807509796        8.602454146693507        9.306699964790646    
     318       1       1    6.310777243709023        4.168984739736081        5.661117827045785    
     318       1       2    6.583253297902275        4.573538027686125        5.406799076424933    
     319       1       1    5.769572158641654        4.721291104055800        4.560253568667432    
     319       1       2    5.652619083076049        5.224284185096979        4.370170198252785    
     320       1       1    6.226994452162594        6.559661276679369        3.098712033966359    
     320       1       2    6.682903583062583        6.319726478437773        3.291535917986509    
     321       1       1    7.045089753153301        5.986193319883537        2.911980913103307    
     321       1       2    7.408735213681072        6.148434700972135        3.291173196354245    
     322       1       1    7.621944149411118        3.220500761558732        8.867126906207027    
     322       1       2    8.126812033532421        3.002717668407910        8.881108917337295    
     323       1       1   0.7322093186416305        5.550017284806463        7.858740692744707    
     323       1       2   0.5059046442309759        5.107180435641165        8.093683817938762    
     324       1       1    5.694866238382652        5.538925751202980        3.180089568077297    
     324       1       2    5.645574528210268        5.930284303614976        3.563510621302214    
     325       1       1    1.368873541196605        9.898476194822662        5.112630279677568    
     325       1       2    1.879204361839220        9.975232588410003        4.921718137751951    
     326       1       1    6.812605333481091        5.552800738996814        4.408509313435910    
     326       1       2    6.716094574082810        5.978743890739261        4.073667609090782    
     327       1       1    4.177336562165214        9.819664386359598        4.992782699152206    
     327       1       2    4.010773661013705        9.756138682248240        5.513172816943095    
     328       1       1    5.947966221494081        5.628567462030272       0.9326667161594435    
     328       1       2    5.622284336461455        5.186115691365784       0.9604270059866371    
     329       1       1    3.625083338151625        5.023612109091022        2.524501181976388    
     329       1       2    3.273561118588290        4.741964118495839        2.839513672684745    
     330       1       1    7.151166681763737        4.579843951336544        4.549461669607493    
     330       1       2    7.535214976916787        4.399959837864112        4.899820779670448    
     331       1       1    9.610247824934046        6.724298168977493        9.986216635372180    
     331       1       2    9.998563262379243        6.911929264842608        9.644359128403456    
     332       1       1   0.7741405388075845        8.405007530905365       0.3850609827876008    
     332       1       2   0.2848984923251799        8.186998402160121       0.2591076581834954    
     333       1       1    4.566479800738029        3.161925495433709        5.512240387353814    
     333       1       2    4.754740892984121        2.758622228823115        5.189702688715575    
     334       1       1    5.548289188044610        3.263641781790733        5.029036030265744    
     334       1       2    5.031571854065036        3.117082557410799        5.145868907785355    
     335       1       1    3.052422010388334        2.801915949193182        7.136576176044161    
     335       1       2    2.892175628045276        3.306282113632146        7.285109673513285    
     336       1       1    3.932047275480077        3.729679760545103        3.405389103583594    
     336       1       2    3.859992487229732        4.271796531636782        3.464722123776097    
     337       1       1   0.1281859687055895E-02    7.839876147814469        9.783522098236837    
     337       1       2    9.724186215213386        7.526519772188087        9.426938143994176    
     338       1       1    9.763651868034595        9.509983626321826        2.431684508104105    
     338       1       2   0.9397514987414170E-01    9.441289291018530        2.866331051876582    
     339       1       1    4.577883338259709        2.917101413364886        4.100113553561552    
     339       1       2    4.624583961041337        2.902863925072086        3.552516816500367    
     340       1       1    4.514405716881092        4.223618370480587        9.731543923709220    
     340       1       2    4.424367873633740        3.681895769989529        9.705550624924550    
     341       1       1    5.839336007575443        9.527812924772027       0.8595253926712175    
     341       1       2    5.430562985518937        9.170804117771089       0.7698932668466834    
     342       1       1    6.355455991078962        9.514895071093083        2.216185138055998    
     342       1       2    6.136462799673492        9.428328762907768        1.719401385215440    
     343       1       1    7.386502090834853        9.600350670926234        1.931025960673687    
     343       1       2    6.947278431972300        9.285197588242301        2.033679009138564    
     344       1       1   0.7554832509356860        3.885758728032215        5.389539305698299    
     344       1       2   0.3850656235009133        3.641248564468790        5.713552784300927    
     345       1       1   0.3991913499767668       0.3306352311595574        3.361051956550153    
     345       1       2   0.2968498102369378        9.947402928761864        2.979943308708225    
     346       1       1    9.954961433803961        9.394695457704776        3.499484213525224    
     346       1       2   0.1198350912310161E-01    9.543701463513042        4.025340530664954    
     347       1       1    6.115815998884712        3.061775313110178        6.124184687082424    
     347       1       2    6.633015787093044        2.933768602446224        5.987357955790306    
     348       1       1    6.688886317603244        8.872446547205877        5.414890324713860    
     348       1       2    7.114971292637406        8.739744739959987        5.735776839168941    
     349       1       1    9.033014594669918        9.754034178284893       0.7155373912319225    
     349       1       2    9.321570101166495        9.340830223245362       0.9361435720649335    
     350       1       1    6.123189055976328        2.080849364373733        8.184861499549312    
     350       1       2    5.797940634631072        1.705915844394407        7.947570126297217    
     351       1       1    1.608612520879314        4.213480760371223        1.992036885018611    
     351       1       2    1.435996834661031        4.208282445320178        2.513863612148738    
     352       1       1    3.195334720465199        2.735485763301353        4.211876193323286    
     352       1       2    3.363219255298116        2.466441698436344        3.762108546321504    
     353       1       1    7.098066764576251        9.211886738893766       0.2451573402911700    
     353       1       2    6.592043682441058        9.193150908684428       0.3046080794800024E-01
     354       1       1    6.784207186913975        2.474430454938459        7.102425466054709    
     354       1       2    6.311663250231975        2.749861027027706        7.047959342464101    
     355       1       1    8.037319168909763        9.828962905299161       0.6281833748968849    
     355       1       2    7.911463158002072        9.381477551611052       0.3348517306640338    
     356       1       1    1.233417220912158        8.621311456513761        1.593443907337390    
     356       1       2   0.8758473532958235        8.291100456308804        1.849907083891086    
     357       1       1    4.042910944756329        8.943330275764376        9.021067457363191    
     357       1       2    4.492742447809370        9.104707785051295        8.748807524445946    
     358       1       1    2.484442037791462        3.563290393970728        2.564723297929902    
     358       1       2    2.924620646697357        3.390491693585611        2.844919179702289    
     359       1       1    6.840779232786750       0.4529812278601730       0.6307450848182738    
     359       1       2    6.704080403588791       0.9441210787588449       0.4243472433989557    
     360       1       1   0.7923269356416712E-01   0.1655711140655590        5.765811548779403    
     360       1       2   0.2771976493054150        9.945737948359385        5.302422839125078    
     361       1       1    9.103032036378238        3.886538809046460        5.564166933567831    
     361       1       2    9.050523049629957        4.073651801344317        5.050009501277556    
     362       1       1    2.334174103292080        8.160234849723048        1.577704178218199    
     362       1       2    2.400380317776844        8.638713120969914        1.840232503907726    
     363       1       1    1.947380723751646        8.707859919251105       0.4233588740044805    
     363       1       2    1.754643846120313        8.583492481575883        9.923994868930620    
     364       1       1    1.398780412279827        9.631418730359734        2.189555997864492    
     364       1       2    1.826435140669854        9.677158033616696        2.532374231642445    
     365       1       1    9.146871923154318        4.491292672069883        4.276036756453071    
     365       1       2    8.899639712045090        4.344691829598768        4.745619419717971    
     366       1       1   0.6410764241928159        9.658259608450720        9.024672915457389    
     366       1       2    1.085963709617980        9.595146970475467        8.707074687213341    
     367       1       1    6.172283378351942       0.1050135484998534E-01    9.632176955386996    
     367       1       2    6.005754112839297       0.5308118136849269        9.571585199263643    
     368       1       1    9.715216295918168       0.1910686138545921        1.456220901923348    
     368       1       2    9.861940329054418       0.3912893911310842       0.9658026832544765    
     369       1       1    8.672747087800238        3.234967073576552        9.778964878860410    
     369       1       2    8.495273595341731        2.767680468164269       0.9014708822888420E-02
     370       1       1    9.295129053343855       0.2575411408276335        3.828012436250938    
     370       1       2    9.193168154321107       0.2010078833757149        4.365562596260415    
     371       1       1    3.778714377896579        2.219126381358023        6.019457981945608    
     371       1       2    4.042330834918408        2.557213711169155        5.674401199411037    
     372       1       1    6.049561850691036        1.082802819773111        8.730580850016743    
     372       1       2    6.204623588449779       0.5982575867836697        8.522852787909473    
     373       1       1    5.709555169513064        9.139403372444121        8.700524032349449    
     373       1       2    5.766409529174612        9.593960762739274        8.396139156406258    
     374       1       1    6.391968042812785        5.906588549456443        2.056411725394053    
     374       1       2    6.435307701974853        6.201364967857642        2.518470573716710    
     375       1       1    3.698520111252903        1.939898986196140        7.277375233852720    
     375       1       2    4.160509721568129        2.172329283616757        7.466227577401602    
     376       1       1    4.203019291989759       0.9756800786200569        4.169338398139885    
     376       1       2    4.038280899978240       0.9221442447971301        3.647311838078952    
     377       1       1    9.779347708789434        3.535914896861779        7.007674151914306    
     377       1       2    9.761347886280902        3.017268225220175        6.826951133178057    
     378       1       1    2.030892791775730        1.361102841017408        1.186405869246645    
     378       1       2    2.016996988170695        1.092036059616873        1.665630049010214    
     379       1       1    9.222291683099709       0.2382519836835533        5.049223897964256    
     379       1       2    9.470524504012880       0.6246387894092995        4.745564296033575    
     380       1       1    8.306495740952574        9.794274249261518        4.542947273512407    
     380       1       2    8.029379046859928        9.333094093059172        4.428617006154162    
     381       1       1    3.664591454498793       0.1650454747869994        6.167159212852025    
     381       1       2    3.217442141550918       0.4162129496774765        5.969797705450556    
     382       1       1    5.456484125103278        1.001946534997686        1.134240307091736    
     382       1       2    4.951837486809349        1.042595344459766       0.9205615344811976    
     383       1       1    2.612964729043711        4.134981413748894        1.359667171760572    
     383       1       2    2.964030814181322        4.294257241150196       0.9676803647290505    
     384       1       1   0.5929368089927200E-01    1.201536898088801        4.247149847775337    
     384       1       2   0.3774988366876366E-01    1.717317367683890        4.057352785891156    
     385       1       1   0.6301159252726288        2.449398321833558        7.393144488883768    
     385       1       2   0.9443723281838170        2.051395793783445        7.605527970138843    
     386       1       1    8.571931963408401       0.2869086395615541        1.475682581341797    
     386       1       2    8.024133260393659       0.3231069921832488        1.504873349128572    
     387       1       1   0.2627312455095053        4.132412833148992        2.359251557413411    
     387       1       2   0.4868929321727348        4.141838139546356        1.857088542229071    
     388       1       1    8.072848400305427        3.902306036450672       0.9275605566006153    
     388       1       2    8.393693532430218        3.729247285943731       0.5161782516577296    
     389       1       1    4.617369673252292        9.369068066473005        2.417634322437349    
     389       1       2    4.680630341288460        9.138290501840304        1.922400684387060    
     390       1       1    7.165110326549471        5.277330852866192        1.269092144819098    
     390       1       2    7.460466388068666        4.832265936374570        1.400191378301185    
     391       1       1    4.534937733657936       0.8719564012399342       0.6101853757175504E-01
     391       1       2    4.271709388511458        1.053192890345123        9.613980120380733    
     392       1       1    9.940475564903227        3.868281531694417        3.551006027179463    
     392       1       2    9.769304490814973        4.380625181823475        3.446215837004845    
     393       1       1   0.1062306072442583       0.4803458235658090        9.434068650165983    
     393       1       2   0.4619023466096948       0.9646370426572094E-01    9.602597503818473    
     394       1       1    9.236775250191480        1.438684665415809        7.383751935984197    
     394       1       2    9.730438898399447        1.209315793342537        7.466272077913245    
     395       1       1    8.491869026049141        2.832306106181492        6.146913170255254    
     395       1       2    8.923398529132630        2.501553019612439        6.062289177897961    
     396       1       1    2.843801116028523        9.490803063022337        9.318741469254388    
     396       1       2    3.034946920749821        9.496430759172023        8.803051055962742    
     397       1       1    9.252906427260948        9.734842387615215        9.088566852587759    
     397       1       2    9.746859155802628        9.686416816354729        8.850919253020022    
     398       1       1    8.078812523111486        2.238309337603206        9.089487954550151    
     398       1       2    7.574456614390194        2.455871923517818        9.051870280376676    
     399       1       1    7.246335309886760        3.692638339607718        6.061499454272283    
     399       1       2    7.667440176831618        3.344617060330362        6.125562617317614    
     400       1       1    6.869133443633447        3.102167632982472       0.8016048253238955    
     400       1       2    6.410050719323537        2.841364024214206       0.9556862408429307    
     401       1       1    4.667089664712661        1.272354656525375        2.141464507277668    
     401       1       2    4.516625023398332        1.366769152218770        2.661488995002532    
     402       1       1    1.797924772456465        9.408053463924951        9.517391522776784    
     402       1       2    1.778826713045012        8.868534299599922        9.413352214495129    
     403       1       1    6.850924862673625        1.681260115743869       0.2523331658729010E-01
     403       1       2    7.307163023934353        1.982773721613148       0.8185599667326514E-01
     404       1       1    7.408863776194776        3.286345364265122        9.872785233371868    
     404       1       2    7.324088692042597        3.313606395179389       0.4155328849447524    
