         313          12         294         342
         313   1000.0000000000006     
           0  1076886787          -1           1
  0.14050696    
  0.11681619E-01  0.50000000E-01
   10.000000       25.000000    
   10.000000    

       1       1       1    5.705752332029297       0.6032462466423946        8.998862019445953    
       1       1       2    5.985057934533586       0.1593265055243558        8.831553043402693    
       2       1       1    7.995698348161248        7.877266021491122       0.5246180205456040    
       2       1       2    7.617491571406395        8.276756314952500       0.5037424593296331    
       3       1       1    5.925522981544288        8.731801114859902        9.273765871768736    
       3       1       2    6.036848618114915        8.329567916082457        8.915656617348009    
       4       1       1    6.091289853680044        1.912657156139091        9.845211066264007    
       4       1       2    5.781476477303000        1.858642770395331        9.393930335708781    
       5       1       1    2.601220223649100        2.952258295504746       0.1225059610281198    
       5       1       2    2.873854948764261        3.238750562972387       0.5042560650394258    
       6       1       1    9.639605944912057        9.619665107529276        9.159368582269762    
       6       1       2    9.463455143685666        9.257428101086616        9.534085535580536    
       7       1       1    1.670350727955973        8.769549281124366        8.905383555523894    
       7       1       2    1.284657796827613        8.957576117903105        8.561449878003536    
       8       1       1   0.5340085068724149        8.849998223062189        8.922937593933590    
       8       1       2   0.5207856452492858        8.890371066726543        9.471312289536668    
       9       1       1    6.268533917885370        6.389711043965071        9.164726206022987    
       9       1       2    6.151674504954946        6.713043976993111        9.594065429889651    
      10       1       1    7.876432113577026        7.375905037643935        8.986028555696890    
      10       1       2    7.665214390343423        7.884064802419821        9.001247345879461    
      11       1       1    7.243578458187697        6.335236039557139        8.472362219228511    
      11       1       2    7.403805849386909        6.408012809179913        7.950852398524391    
      12       1       1   0.4552685714563657        3.241495007764462        9.787303466773954    
      12       1       2   0.9695716963747744        3.335212043878397        9.956478427781922    
      13       1       1    5.811507790324305        9.637920384535811       0.3444586115536469    
      13       1       2    5.580892399113177        9.445983297709237       0.8045467987811918    
      14       1       1    2.810312944273624        9.774056675016745        9.361562420278528    
      14       1       2    2.756477472758222        9.816943412727502        9.907602061768189    
      15       1       1    2.094070706190565        1.923163183772709       0.5259328392290901    
      15       1       2    1.893726490510173        1.418689988709304       0.6154103499483639    
      16       1       1    1.832242798483668        9.973661489530160        9.065543048900455    
      16       1       2    1.604390899747303       0.4247154437626392        9.282064704677476    
      17       1       1    8.576998962202651        8.169009269415019        9.177016128811719    
      17       1       2    8.585271832620723        8.540840201244968        8.771675845751071    
      18       1       1    3.296247088344155        3.693633546754868        9.850428310077227    
      18       1       2    3.038203040887340        3.868853896290836        9.397154099240522    
      19       1       1    8.789750700975953        7.298577055278917       0.9444780934694040E-01
      19       1       2    8.815303142374065        7.807557774295586        9.886893777588144    
      20       1       1    9.320575188019181        5.994067046940913        9.599059765434601    
      20       1       2    9.636673688458778        5.545743092936313        9.646936909074638    
      21       1       1    4.937692605576615        7.571119105645193        8.993980168250985    
      21       1       2    5.465496681522761        7.679277203766874        8.882399215993454    
      22       1       1    4.321680285340546        4.706586758405342        8.954791145594223    
      22       1       2    4.806343974723300        4.938238905125024        9.074913659970443    
      23       1       1    5.763514074452206        4.018950151611078        9.691126266068883    
      23       1       2    5.998068824034470        3.821113267449016       0.1475021556398257    
      24       1       1    7.797716619414400        8.915666680543648       0.1469510150363028    
      24       1       2    7.883223965947136        8.373705790139502       0.1847719769453161    
      25       1       1    8.108627259530703        1.624871447847627        9.484950242388209    
      25       1       2    7.929824042650179        1.943251278921577        9.896116478776843    
      26       1       1    5.526369585140219        6.590714487936771        8.418601034281906    
      26       1       2    5.223988597806187        6.988577137422928        8.188097565015811    
      27       1       1    5.109306684426046        6.470335768703213        9.518727949267697    
      27       1       2    4.723467269199942        6.532167842320503        9.905729052917977    
      28       1       1    5.516595529598006        5.224773028535199        8.977297899540224    
      28       1       2    5.572613884491785        5.650728313931428        9.321304983764156    
      29       1       1    3.625701813755022        2.662334179020058        9.805060248126237    
      29       1       2    3.767977642935338        2.176192333362183        9.590111623937837    
      30       1       1    3.092677791032627       0.4853084609080714        8.533837103363213    
      30       1       2    3.061887461688419       0.9960585949795482        8.331654995748959    
      31       1       1    6.906547486579885        8.012035121894067        9.634698042314302    
      31       1       2    6.852829014825380        8.269462098096815        9.152064298331700    
      32       1       1    6.746466603532225        1.350267293051062        8.799164989803057    
      32       1       2    7.005806652491736        1.579457736671356        8.371403319171810    
      33       1       1    8.786530889304792        9.724933732140057       0.3219450497795618    
      33       1       2    8.468812964850542        9.564540342295949        9.902454162541053    
      34       1       1    7.024903503204357        6.825750545462359       0.2842739503925352    
      34       1       2    6.847650369690136        6.835852085921664       0.8055095747922938    
      35       1       1    7.590106929954374        6.048514074041433        9.505607019965026    
      35       1       2    7.415496120992030        5.528644463162329        9.467502257600161    
      36       1       1    4.692016233085761        5.624481700035664        7.967675851155187    
      36       1       2    4.334750104918660        5.370557912718492        8.299863791170546    
      37       1       1    6.617288493550065        4.556952857736687        9.950229110520665    
      37       1       2    7.088913672782928        4.411742898858962        9.707383340612052    
      38       1       1    5.126100212169939        2.887460267152512        9.475379714111140    
      38       1       2    5.419124585086247        3.116512030627778        9.069482550273227    
      39       1       1    7.309541105093952        2.446424852444404        8.640636421504171    
      39       1       2    7.108750906622442        2.584159196738778        8.147676657202222    
      40       1       1    4.355424130405747       0.4701094420461344        9.593862804583626    
      40       1       2    4.085307037954661       0.1968579896417524        9.987521131900303    
      41       1       1    3.654917563594761        5.029376180083911        9.765023672852220    
      41       1       2    3.250482459393442        5.163875964679428       0.1127858516102183    
      42       1       1    4.399346072526285        3.750383302059457        9.982515977059039    
      42       1       2    4.905322698178042        3.557721643123092       0.8016066688252980E-01
      43       1       1    2.218814061970587        3.896532737931408        9.322594599943809    
      43       1       2    2.375660604648870        4.423833154855307        9.332661522188316    
      44       1       1    4.493427281810971        5.661754362841526        9.199282068597979    
      44       1       2    4.101367194876311        5.756471115354508        8.825099842737973    
      45       1       1    6.008841767548667        5.440939898390059       0.4336262703925514E-02
      45       1       2    6.190617644062712        5.930396408724734       0.1773604400798562    
      46       1       1    7.918224123927758        2.737230733187474        9.917405259782401    
      46       1       2    7.445319070956269        2.939716520443046        9.722974582118631    
      47       1       1    3.631379661071980        1.525943766145536        8.950833508228676    
      47       1       2    3.224984905995476        1.159594545859836        8.896662761305766    
      48       1       1    2.083480160768385        1.244709190082687        8.485798609527599    
      48       1       2    1.720503910061865       0.8446563058686105        8.383285931117300    
      49       1       1    2.497685247290697        3.943145229844208       0.9380349906003604    
      49       1       2    2.565902184284840        4.037196284311865       0.3996887436226550    
      50       1       1    5.091018231019193        5.812856432106294       0.7683421657957105    
      50       1       2    5.171179845956896        6.110010600720877       0.3126463590460319    
      51       1       1    1.186691321645392        3.959218191021067        9.354793026477171    
      51       1       2   0.8510916088062962        3.533103825392937        9.444811251657912    
      52       1       1    4.639010114728518        1.534450474242819        9.384872640590379    
      52       1       2    4.808753942787586        1.885862942149043        8.997000303764704    
      53       1       1    7.082912315084860        2.506308773212723       0.6743673873904208    
      53       1       2    6.724644956832796        2.409264949702029       0.2680117898489194    
      54       1       1    7.081307006098648        1.709267615066849        9.844330673803807    
      54       1       2    7.469230784273759        1.692579076644439        9.454453425449401    
      55       1       1    6.322252635618313        3.062543936728376        9.513309951898300    
      55       1       2    6.707099560837274        3.219593623818635        9.153143143707712    
      56       1       1   0.1238366255996942        8.930937094080289       0.7918542867733429E-01
      56       1       2   0.2580411034601041        8.676147204510448        9.610568913339334    
      57       1       1    6.627613763557513        9.153251148898208        9.929039363796479    
      57       1       2    6.613679170268522        9.472298401434438        9.481423250549343    
      58       1       1    9.392983876421759        3.678510270856094        9.058864726793761    
      58       1       2    8.955748610107923        3.349914940095523        9.002332102820256    
      59       1       1    1.488486982069834        3.150740350907477       0.2934269646218418    
      59       1       2    1.730401029682968        2.656482276518250       0.2765071083296418    
      60       1       1    2.052330066242158        9.092100401763464       0.2299650079298179    
      60       1       2    2.208362874061696        9.611912494131603       0.1445238349406885    
      61       1       1    1.041878319020350        9.197774099699807       0.5592389761405654    
      61       1       2    1.307719860259672        9.666381676826719       0.6694585545493120    
      62       1       1    8.523798663750814        9.315482682382910        9.397162290208422    
      62       1       2    9.031219228078086        9.519558099175697        9.461641170230941    
      63       1       1    8.612849453998475       0.7000853137215221        9.747048061298978    
      63       1       2    8.127081274194822       0.5483258759604213        9.538693818734721    
      64       1       1    1.392635980690362        1.851711331241614        1.641162321611126    
      64       1       2    1.676884757968424        1.634567634034388        1.223198907660014    
      65       1       1   0.1416225187206072        4.198725580456516        9.630422520032583    
      65       1       2   0.1963530608800769        4.589405719369460        9.246946494081508    
      66       1       1    1.401360975375595        4.585817342831453       0.2236487952329432    
      66       1       2    1.246257779137355        4.471767596595499        9.708710919315585    
      67       1       1    7.014797425860673        5.664878390390072       0.4089552116198289    
      67       1       2    6.835217451371401        5.155372090375647       0.3075213554921631    
      68       1       1    2.577445562334841        2.950898546968413        8.877759407857619    
      68       1       2    3.089315449905086        2.977953034767943        8.678010963780338    
      69       1       1    5.489741747124171        3.304143402056973       0.6314935114328534    
      69       1       2    5.054715043563403        3.283733052731396       0.9676145504233100    
      70       1       1    7.702038897742350       0.1267288577512916       0.2041668259482324    
      70       1       2    7.932106917986887        9.793467119855018        9.832372955276321    
      71       1       1    4.765252926080242        3.507718486036958        8.581049931165735    
      71       1       2    5.123854549620328        3.189849850084673        8.311161145136435    
      72       1       1    2.608379277305090        9.084661444547214        8.562821684139685    
      72       1       2    2.106248460346819        8.861605403430904        8.542876390171992    
      73       1       1    9.176494423999626        8.521502604205951       0.4202579880583578E-01
      73       1       2    9.351802535450096        8.010630955930409       0.1432580924025268    
      74       1       1    3.822118616961633        9.726259860500448        9.155049182620823    
      74       1       2    4.343582353890194        9.808565521739412        9.308403775974318    
      75       1       1    2.376138182875748        1.130362770694746        9.507654009589356    
      75       1       2    2.233030463324845       0.6509064877569614        9.278363779061877    
      76       1       1    1.664762259572255        5.763635090947579        9.508753447757201    
      76       1       2    1.649686345187976        5.384417557457260        9.110731025992452    
      77       1       1    3.821749215775904        3.523270590422606        1.125206861041328    
      77       1       2    3.280308369376876        3.426513034789775        1.138335232359935    
      78       1       1    4.631523277117354        8.560780763183184        9.861070322318970    
      78       1       2    4.569930806198033        8.842958679409794       0.3293917000340792    
      79       1       1    6.822085744842854        3.593016315042683       0.3043220018876731    
      79       1       2    6.967519605775506        3.930036660750319        9.894390400592391    
      80       1       1    3.068224852414645        3.608348134055630        8.288890783566385    
      80       1       2    3.288931663833607        3.666431916796979        8.788935124303347    
      81       1       1    1.296823830864590       0.9453706644579639        9.651299137784129    
      81       1       2    1.111127625630309        1.354149734225552        9.333521333232774    
      82       1       1    2.067458276857149       0.2201295211111149       0.2976199361211736    
      82       1       2    2.170976997759268        9.783389592711520       0.6149404897127982    
      83       1       1    4.547299948340767        2.835337990815732       0.6280832891824973    
      83       1       2    4.046178854336302        2.608737876058406       0.6482569600712135    
      84       1       1    2.877451347997183        1.005193268580908       0.8252501297409240    
      84       1       2    2.419137474657408        1.267194007914545       0.9802983449756218    
      85       1       1    1.239107986463814       0.5607489863115710       0.7822600787114105    
      85       1       2    1.312723736867400        1.079539560554648       0.9482285639456273    
      86       1       1    7.623812842669451        4.582375390331050        9.628073398855593    
      86       1       2    7.158153295860971        4.503561678487431        9.345849640960239    
      87       1       1    5.922581189966813        3.447175684733417        8.613904670493833    
      87       1       2    5.911975704934613        3.718015501328317        9.092467609582160    
      88       1       1    5.232572358900136        4.537114899918611        8.113285789221647    
      88       1       2    4.996816461078793        4.056947431463590        8.241650400269174    
      89       1       1    4.170252656210445        6.797467325551069        8.725005071105608    
      89       1       2    4.381925893653228        6.382003294637098        8.432667903731017    
      90       1       1    5.233310870276605       0.8839797573489682       0.1504882376610643    
      90       1       2    4.769351193947556       0.5955927921170576       0.9026901627669309E-01
      91       1       1    2.969286858832521        7.673530909645716       0.3511841473480685    
      91       1       2    2.473572289203953        7.906003314778173       0.3006428326500842    
      92       1       1    9.720226959530065       0.6666556586278207        9.563640830540379    
      92       1       2    9.323466144910045       0.7207755047698766        9.187026183810270    
      93       1       1    9.119497134537212        6.379396552927843       0.6003300287655846    
      93       1       2    9.514282980529739        5.997004040715859       0.6045743421645803    
      94       1       1    1.823865330733536        2.351937312975039        9.301827705359296    
      94       1       2    1.444512526922929        2.725700385756423        9.439734298966396    
      95       1       1    8.566873478279893        3.904229048908014       0.3237806846922499    
      95       1       2    9.106345486136673        4.007395290155892       0.3473368896312057    
      96       1       1    2.093473809889025        3.083179142597619        1.344959002595371    
      96       1       2    1.647202916496845        2.761885045502016        1.356052946059443    
      97       1       1    3.265380579604652        8.905209226325686       0.2249349590245822    
      97       1       2    3.136986405825033        8.541660386766084       0.6171821516129208    
      98       1       1    6.668574946640003       0.6948812181445909        9.771275772443047    
      98       1       2    6.493269984638103       0.7188108749328243        9.250501133541892    
      99       1       1    5.246705622294098        1.848101745123401       0.5552897555997383    
      99       1       2    5.364571146619168        1.420079722103032       0.8796853026088173    
     100       1       1    1.611032499555540        4.896330863382270        1.214370052786114    
     100       1       2    1.259103931497859        4.493922879235339        1.084470487092462    
     101       1       1    3.267633161426627        9.938310849217151       0.4196070470706050    
     101       1       2    3.059099775667065        9.885907733977499       0.9259937969215075    
     102       1       1   0.3000045617645855        4.613146572248383        1.555520586409147    
     102       1       2    9.954280495403356        4.858438251799964        1.906105702899423    
     103       1       1    1.252439225147115        3.937616056000866        1.629458470703546    
     103       1       2    1.335879145691415        3.773450452994616        2.147475133645708    
     104       1       1    6.773209356898917        8.655131145162937       0.8780422274817836    
     104       1       2    6.932848026291513        8.480915966969993       0.3812869247437296    
     105       1       1    2.956138711443306       0.2402351938521906        1.731614375739939    
     105       1       2    2.812255835424356       0.1005280126520725        1.219383094592201    
     106       1       1    6.861115422909214        9.719519151199336       0.8726264341175117    
     106       1       2    7.055251416025084       0.2226848199725109       0.7663472805235787    
     107       1       1    2.626465027727714        9.065156283860979        1.059037702259799    
     107       1       2    2.559966692234675        8.519518057153704        1.035492117155513    
     108       1       1    9.102170856672151        3.903647980981730        1.230500920812613    
     108       1       2    8.953591125580168        3.621973672723223        1.679039335665576    
     109       1       1    2.898366713242107        2.336129159821366        8.109688528114969    
     109       1       2    3.352852943896735        2.054902797286647        7.979785048212791    
     110       1       1    4.820664577799346        9.514211937882809       0.4876088600135738    
     110       1       2    4.368233750636869        9.648444644834630       0.7707594419413715    
     111       1       1   0.1412196293259916        3.379826839719289        1.776170969822169    
     111       1       2    9.739752103800431        3.502852510591313        2.131543695465939    
     112       1       1    3.647201652780303        1.333061124317682       0.1266809319004758    
     112       1       2    4.064565847513228        1.474086467848120       0.4559830672821287    
     113       1       1    8.053609412013580        6.631768064482381       0.2348188673154650    
     113       1       2    8.007400810387670        6.481931693625442       0.7620902310180820    
     114       1       1    7.380598223360000        3.370705817575648        9.295477836281494    
     114       1       2    7.578982218884923        3.876708129344133        9.382032881386342    
     115       1       1   0.8264257343442485        9.673701708121277        9.683080736056034    
     115       1       2    1.033356051965944        9.825756726373941       0.1699245313905926    
     116       1       1    5.052091008485935        4.952959814548059       0.1867576734296104    
     116       1       2    4.801254516344494        4.538600776971180        9.926164969927786    
     117       1       1    1.640853548652005        9.789302753807643        1.392383101575097    
     117       1       2    1.430089948232038        9.897547962303133       0.8960609324689390    
     118       1       1    9.311324124849273        3.129407222775304       0.8496779818042857E-02
     118       1       2    9.035878747675479        3.354044401553706       0.4281365150470333    
     119       1       1    5.794792187099427        7.498851778393506        9.762061136933115    
     119       1       2    5.959442889305875        7.057883366132637        9.478073243999884    
     120       1       1   0.8221658575589533E-01   0.2722854969775912       0.7412075718449007    
     120       1       2   0.1428782290582319       0.2633409858567920       0.1948997113538838    
     121       1       1    6.347128955251869        1.018299694125142       0.8871828291564581    
     121       1       2    6.853642041220930        1.225781358986388       0.8334130726187331    
     122       1       1    3.262067715837092        2.358331773158145       0.8430443645388228    
     122       1       2    2.954917302649945        2.164400882651846        1.256045996879737    
     123       1       1    7.890262520339965        3.456594255445905        1.062600529850752    
     123       1       2    7.946131158832871        3.770913189870489       0.6142824516825003    
     124       1       1   0.6597268150929823        9.727628125392446        1.680755373862038    
     124       1       2   0.8134238581531195       0.2557455611509141        1.661364924672089    
     125       1       1    2.867279467250352        2.046128193025510        9.485195012599458    
     125       1       2    2.838997723159966        1.890408758913758       0.1223502364544385E-01
     126       1       1    5.542516748377817        8.406199074479932       0.8641866808607489    
     126       1       2    5.198693889428607        8.342645044592912       0.4392557460003274    
     127       1       1    8.640986441315071        2.471900730518519        9.026091045086382    
     127       1       2    8.394874697969344        2.362872636019025        9.506050894291890    
     128       1       1    6.552623220059569        7.630662408744056        8.473207036059836    
     128       1       2    6.078909512097030        7.351551010879378        8.491578542353755    
     129       1       1    2.449594158304972        4.867492556815641       0.2399513883397494    
     129       1       2    2.910510345955577        4.665104362285097       0.1861147238101621E-01
     130       1       1    9.889143989602687        2.894966054007667       0.8801544972907007    
     130       1       2   0.6641089238466577E-01    2.393699363976991        1.019877232679779    
     131       1       1    2.528646242773806        2.068729965616838        1.993946201719308    
     131       1       2    2.595220336584580        1.943117734851388        2.525182918514083    
     132       1       1    9.481062024644007        1.882469316832275        9.853329883498695    
     132       1       2    9.385134195463948        1.816852762902266       0.3906441412473434    
     133       1       1   0.2741686646284465        1.350310747293115       0.7842061969912767    
     133       1       2   0.7918440009576104        1.272683261448085       0.6149975052199435    
     134       1       1    8.852707958763425       0.6967334903029445       0.8825041377014041    
     134       1       2    9.341245308849588       0.7894262773557428        1.117227512864703    
     135       1       1    4.414695730753059        8.425956531269911       0.8525101624086793    
     135       1       2    4.512868200135871        8.891734427388721        1.127311922802931    
     136       1       1    3.962324616087298        6.909891086460057        9.719478174781742    
     136       1       2    3.728782603056327        6.946703150128175       0.2160875547918394    
     137       1       1    4.111956900381253        6.151362593728043       0.3768418394233506    
     137       1       2    4.043105123922118        5.887601427088542        9.898815634803130    
     138       1       1    8.937114866458799        2.875260216650931        1.417809224527107    
     138       1       2    9.115141685364387        2.842815722416387        1.936545657500822    
     139       1       1    9.531460237872006        5.125965319886436       0.5413034552446241    
     139       1       2    9.186462155169810        4.898479457666880       0.1784680970206469    
     140       1       1    7.872013685317218        9.515894829020059        1.365406653767226    
     140       1       2    7.877828993771037        9.055718485485739        1.666997381290832    
     141       1       1    2.022061707342240        1.020666300184931        1.645266986499077    
     141       1       2    2.028746408565939        1.469865629090113        1.327618189488842    
     142       1       1   0.8911771430184411        2.674048263993558        1.120263120004640    
     142       1       2   0.4847526314710317        3.032342041828028        1.216245109986219    
     143       1       1    8.805916008084177        8.452605905318888        1.115679383195288    
     143       1       2    8.445940717524062        8.249580844021745       0.7528087868076013    
     144       1       1    3.454454147064029        6.790204520584201       0.8187759084598472    
     144       1       2    3.285173265330220        6.291064139571653       0.6621173017674150    
     145       1       1    3.121877634574215        7.906151428303755        1.328162297691821    
     145       1       2    2.905084886044149        8.411726121070215        1.316556093714893    
     146       1       1    2.056124697155604        8.062425035500208        1.293911720002106    
     146       1       2    2.447835240090256        8.434396661925618        1.190844016798054    
     147       1       1    7.440880517330157        1.134496782424005       0.6803573491111293    
     147       1       2    7.641734607172992       0.7998312671569400       0.2929042093814943    
     148       1       1   0.1706967732604848        2.065041519647841        1.653846092251606    
     148       1       2   0.4214542653297214        2.540927917605899        1.767818426466175    
     149       1       1   0.9851017825028826       0.8954104970165617        1.736440681763040    
     149       1       2    1.430308181112285       0.7195370637349828        1.464432974906226    
     150       1       1   0.7579195043791357        8.125265188478053       0.8993398832284687    
     150       1       2    1.099433258241455        8.258693575483198        1.309444731828987    
     151       1       1    5.846296263410161        9.185632115735268        1.428520405117393    
     151       1       2    5.567397829109507        9.554169297728738        1.130860362954091    
     152       1       1    9.562270427433560        2.709763134283205        8.404467183275973    
     152       1       2    9.695731910109780        3.051365815715747        8.814639322375841    
     153       1       1    4.093730486266216        4.882008868594340       0.7103365400917364    
     153       1       2    4.055609687322142        4.875003144511907       0.1611315519457309    
     154       1       1    8.393741122589235        1.970862762764648       0.4086911034793786    
     154       1       2    8.388432531831821        1.713473184859263       0.8947850339217014    
     155       1       1    9.801543922818462        7.778999143208361       0.5609913000315264    
     155       1       2    9.516245231590865        7.400388814630041       0.2827849769874525    
     156       1       1    1.718516725420073        2.239218597163384        8.016694287730266    
     156       1       2    1.564411745049506        2.522173529576366        7.571280263348619    
     157       1       1    5.890596709618399        4.222277598057611       0.6672687670657077    
     157       1       2    5.639789946009818        3.858658166095903       0.3393378431974024    
     158       1       1    9.742442286280440       0.9093463057065725        1.892576753721453    
     158       1       2    9.221061915573706       0.8338602723310596        2.049846476023227    
     159       1       1    4.037441951520692        2.748797802902427        8.881908114459268    
     159       1       2    3.622190644699699        2.905087239475646        9.206376674574347    
     160       1       1    2.810480935041826        4.932686733979819        1.555806427371541    
     160       1       2    2.371332575538931        4.636976552287368        1.406377783311650    
     161       1       1    2.956496482877573        5.696116362049224       0.7423353614071375    
     161       1       2    2.782119179227633        6.151492559033729       0.9961671306154150    
     162       1       1    4.424112454157353       0.7975499725444180        8.590065047219634    
     162       1       2    3.906813318906514       0.6282622427191054        8.514252711670798    
     163       1       1    1.902790206550842        5.848907114844274       0.6923134537867498    
     163       1       2    1.955820805274609        5.710458252830835       0.1624589834269399    
     164       1       1    5.311914791677662        1.421991984080593        8.424809602118435    
     164       1       2    5.743612670547035        1.502582454764227        8.093442838221147    
     165       1       1   0.8528642456863321        1.999281913791510       0.9158480259797422E-02
     165       1       2    1.348474867436614        1.846979356880116       0.1931037372457661    
     166       1       1   0.3042608664742846        1.445791957826648        9.148312555381130    
     166       1       2   0.8087348586517266        1.377491510989664        9.356631900787486    
     167       1       1    5.305969540702604        9.663266145505693        9.311688109898688    
     167       1       2    5.158436540672017       0.1815319681882386        9.422577089252954    
     168       1       1    1.379027410777634        6.902004656126162        1.504062867742829    
     168       1       2    1.272548702708459        7.040487750097498       0.9837454959197068    
     169       1       1    4.100005715109149        1.812104171724136        7.717559936666217    
     169       1       2    3.572200687302882        1.661865776153606        7.684537979597496    
     170       1       1    9.861827526132030        8.902396248734863        1.293533006054350    
     170       1       2    9.892841505940840        8.438598687845399        1.001684748258836    
     171       1       1    2.500112728222705        6.972361213440744        1.372153911777363    
     171       1       2    2.508240296380679        7.345097421360666       0.9681219396871020    
     172       1       1   0.7521997983371231        2.425451369149860        8.776945054025635    
     172       1       2    1.085633824020277        2.098904099444360        8.486416122261534    
     173       1       1    4.548457557776787        8.760026100576967        8.732001580631792    
     173       1       2    4.909016153949505        8.700096850139911        8.321034036170698    
     174       1       1    1.925446023062440        5.687405430838168        1.935868451889138    
     174       1       2    1.481710165698801        5.368913802823102        1.873578799446290    
     175       1       1    1.620924427301389        3.246846050069007        8.380257144722279    
     175       1       2    1.259823675843234        3.216938172845126        8.794020489049307    
     176       1       1    2.618164925857337        8.324128189271432        9.271308606574141    
     176       1       2    2.643104985161893        8.069812827994895        8.784180504237705    
     177       1       1    3.796052613403350        9.229615685441857        1.440850433135499    
     177       1       2    4.071802867989607        8.846629167648649        1.157689385143675    
     178       1       1    7.863633580341566        2.377630606106507        1.300616562994079    
     178       1       2    7.926259825893079        2.810886961262265        1.632557311188943    
     179       1       1    1.213812753496778        8.577946361474456        1.818362854488508    
     179       1       2   0.8586079883339974        8.772427247287260        1.446119970822159    
     180       1       1   0.5712646888650251        3.505091992062829        8.457539559594586    
     180       1       2   0.9635059271001311        3.869826327759723        8.583003263634918    
     181       1       1   0.1818459055230912        7.735784943106052        1.803719238207444    
     181       1       2   0.3813854739721880        7.684670950724242        2.313204823310675    
     182       1       1    2.298418239493776        9.196368473779721        2.167414313971657    
     182       1       2    2.291956735313402        9.463363207760766        2.648348328811638    
     183       1       1   0.9156766176299782        1.173980351320943        8.276646011721237    
     183       1       2   0.3998718852396796        1.327495224708975        8.387924503418734    
     184       1       1    3.291408743046258        8.476390772233096        2.205417088459686    
     184       1       2    3.128076049279179        8.924945873834279        1.932117106221825    
     185       1       1   0.5592756293854154       0.4239106330489767        8.880350005766992    
     185       1       2   0.6610553261083059       0.9614619174212825        8.932154938222526    
     186       1       1    6.574797640176655        7.658819519196847       0.6451762299129876    
     186       1       2    6.092797972387153        7.471646241370076       0.8313125384087613    
     187       1       1    5.466468649875137        8.026444645236966        8.047420966344641    
     187       1       2    5.332314054006143        8.528284770788666        7.865789271981170    
     188       1       1    5.871858410209176        5.171811922587348        1.022757652063023    
     188       1       2    5.567393206127575        5.020133801821238        1.454381247579362    
     189       1       1    5.391688407597920       0.5064942684262935        1.091250744965265    
     189       1       2    5.481732869802462       0.8779792857443551       0.6956714553661711    
     190       1       1    3.682759975654643        7.867064757749867        9.304871958697866    
     190       1       2    3.579972531179965        7.701660539516796        9.819015530172745    
     191       1       1    9.608124470319844        4.601561775896146        2.397474402442945    
     191       1       2    9.292289412006388        4.843836637795104        2.777136363741683    
     192       1       1    2.902326851985784        6.556684816307754        9.803358283820488    
     192       1       2    2.849778971456100        6.431140885616460       0.3360353604422215    
     193       1       1    3.067170933634366        4.358166240470629        9.005178451397615    
     193       1       2    3.226472519389044        4.702280367559561        9.404058793266517    
     194       1       1    3.637655302635066        5.788870403247417        8.360344270229865    
     194       1       2    3.536288802575773        6.245569914633042        8.650253641898747    
     195       1       1    4.603844744983344        8.493923009008235        1.874303376748681    
     195       1       2    5.105640080478657        8.623744438366375        1.691302774229530    
     196       1       1    5.565006191983478       0.1606034395150454        7.751191877194222    
     196       1       2    6.086163267643918       0.1168013471432514E-01    7.661554117275816    
     197       1       1    6.139479345661026       0.1604965485117592        1.661035289123594    
     197       1       2    6.631387701892322       0.2953714326475079        1.456945331197953    
     198       1       1    2.496986105336919        5.194048150654747        9.016940576904636    
     198       1       2    2.708400583053875        5.664601882585172        9.208568595245977    
     199       1       1    1.434333965891743        4.907269957397260        8.766494351452044    
     199       1       2    1.024139788109924        4.709211485347256        8.458000287203454    
     200       1       1    5.939739499686424        5.694098877598991        1.920872630458364    
     200       1       2    5.876269230817796        5.151779361361934        1.851506469466694    
     201       1       1    2.848550969150125        7.532366122934672        2.224533197821132    
     201       1       2    2.411821298396837        7.392157672018918        1.920920099796029    
     202       1       1    9.212809161956590        1.488358836522048        8.623246293260102    
     202       1       2    9.393093052387846        1.635552118899102        8.124761723802292    
     203       1       1    5.585276160584221        9.050624611218518        8.242932830195020    
     203       1       2    5.075629505639975        9.230787614301040        8.346082104840262    
     204       1       1    3.640544289727452        6.152454400480734        1.787997610385925    
     204       1       2    3.874638360793492        6.369999688739817        1.340263190139692    
     205       1       1    3.481934996054895        1.459969082144709        1.508402238835127    
     205       1       2    3.048041224442776        1.458410758801928        1.170948317014108    
     206       1       1    4.056718945309720        7.345501442460615        1.723324910839351    
     206       1       2    4.465217706057492        7.029202354503409        1.913435066909309    
     207       1       1    8.794457591188575        9.829706215306583        1.604490855953534    
     207       1       2    8.451883446382597       0.9192979206975484E-01    1.946095650308058    
     208       1       1    1.791195021691952        7.557896565436829       0.2868594827915171    
     208       1       2    1.695919995994922        8.038594609285393       0.5368736216558848    
     209       1       1    4.111317735000866       0.6067345693184616        1.067309140049456    
     209       1       2    4.626871202543653       0.7804380625660584       0.9888226948766500    
     210       1       1    5.877493865781300        6.525385542382026       0.6838860536566991    
     210       1       2    6.064603054708630        6.029065612313159       0.8269750282923796    
     211       1       1   0.8714758670096729        8.291572744077023        9.767315888538077    
     211       1       2   0.9630037638090577        8.730537523644305       0.8633118572981389E-01
     212       1       1    5.262223844389367        4.772132489984586        2.394823112847576    
     212       1       2    5.146379877470987        5.109127886823186        1.976108779180038    
     213       1       1    1.826811722651502        6.107159981104424        8.203868582390562    
     213       1       2    1.442051657557158        5.833603116367449        7.921088583983169    
     214       1       1    4.737649599325898        4.277442886469514        1.309379434539510    
     214       1       2    5.194328705223965        4.566910513997291        1.206954436199289    
     215       1       1    4.791921141231138        9.569251416624279        1.738073688666273    
     215       1       2    5.128542474131776        9.287363504023338        1.407141617417135    
     216       1       1    5.449913454835041        3.464201627387891        7.663478816973488    
     216       1       2    5.759675344353772        3.037912261428223        7.505996996593105    
     217       1       1    1.902608280411285        7.184176053260863        8.993654291019661    
     217       1       2    2.081389429210157        7.535387190323753        9.376980731902446    
     218       1       1    7.533512940819024        9.892050703475459        9.118592372563986    
     218       1       2    7.518053320123573       0.1391515093823403        8.627124789417826    
     219       1       1    6.460190625958381        9.448327761947393        8.681848467024366    
     219       1       2    6.970830373396756        9.450156073634188        8.885648512235376    
     220       1       1   0.5431756236415224        5.229820718295624        9.216113069284912    
     220       1       2   0.8240956890528043        5.300340856719491        8.748073088152346    
     221       1       1    4.067625525125774        2.901955447714896        7.426500771432114    
     221       1       2    4.125901811784914        2.625215238194938        6.954553066478608    
     222       1       1    5.814717302840934        5.353460060698448        7.831262772696244    
     222       1       2    5.891790847121708        5.469589441988431        7.299412804764716    
     223       1       1   0.3448983550277238        5.966522407298576        9.945670478778416    
     223       1       2   0.2198827224468525        6.495728466747144       0.2910042485452480E-01
     224       1       1    4.400644130115073        5.363837638211425        1.945359388524895    
     224       1       2    4.133349049699557        5.767546747099098        1.684155818678917    
     225       1       1    5.527181681578750        8.250002637166292        7.043323076079993    
     225       1       2    5.957899938575243        7.954537032688222        7.216037804199092    
     226       1       1    6.564543468247283        9.834425289182652        7.321204903607580    
     226       1       2    6.126309374754334        9.803502793187942        6.990681378295715    
     227       1       1   0.9009327979431886        4.274478835717296        2.616911191037785    
     227       1       2    1.426596337006421        4.176442611603259        2.487598577675902    
     228       1       1    4.050978481053850        8.011156430855566        8.212441902806260    
     228       1       2    3.829009230184832        7.524157663357315        8.084262893822094    
     229       1       1    4.734691670502083        6.470267813862227        1.658704187672710    
     229       1       2    4.363947739468678        6.876807005779303        1.670655307186785    
     230       1       1    6.976588492072239       0.4285229472503933        8.166696091508554    
     230       1       2    6.446787878932003       0.5328471622428689        8.061600469935406    
     231       1       1    6.180321056209965        4.135314071166105        7.506033142655824    
     231       1       2    5.832209993804915        3.837054006738459        7.201612863067127    
     232       1       1    1.123306579271004        2.892475833901835        2.173509141662449    
     232       1       2   0.6045519840370430        2.860529146114966        1.993171689334767    
     233       1       1    6.837023212089233        5.336759235928742        9.334957225715208    
     233       1       2    6.908467463718175        5.821561252529558        9.584183720798846    
     234       1       1    4.827919462588611        7.225636308440391       0.6876859932186551    
     234       1       2    4.391969537725269        7.155971565490087       0.3600495959059817    
     235       1       1    5.728136114473069        2.298334842275195        1.347146076572270    
     235       1       2    5.519812892453397        2.763631270072731        1.553829386584488    
     236       1       1   0.3461976772076300        3.880099945824891       0.7010153627962007    
     236       1       2   0.3060063493523533        3.416628124644856       0.9947381852265725    
     237       1       1    3.814176427718961        4.201357707923282        1.891251422915611    
     237       1       2    4.217541198609271        3.863544939582722        2.051864985051895    
     238       1       1    7.586616652408010        8.689876764477653        8.632286986606081    
     238       1       2    7.100038698838516        8.493632809519873        8.466916111195491    
     239       1       1    9.352760089112753        4.882558588104685        8.828578852779177    
     239       1       2    9.780107299327719        4.628379775402522        8.593159009502731    
     240       1       1    8.298984063114462        4.321728390326779        8.907792073698417    
     240       1       2    8.485757036470016        4.499013489039449        9.394129450047153    
     241       1       1    6.811948967145781        9.388180123052576        1.897726263038315    
     241       1       2    6.793754988307802        9.935876197146545        1.858019877491361    
     242       1       1    2.288734134176001        4.265092353568464        2.387088153608791    
     242       1       2    2.118794200706207        4.778145250153341        2.489780227144639    
     243       1       1    6.637404026104530        4.856840279754698        8.318025362209719    
     243       1       2    6.241264829275441        4.749152089750341        7.952818477260411    
     244       1       1   0.1117975858564417        6.447155636666365        1.341295576990835    
     244       1       2   0.9692720087906588E-01    6.982590752498389        1.467391543661423    
     245       1       1   0.1695756545748174E-01    8.595337402904569        2.422441177223939    
     245       1       2   0.3687924341026746E-02    9.142222414300383        2.362617316009103    
     246       1       1    6.537570979303409        8.345151049739705        7.303703561991848    
     246       1       2    6.328187980316049        8.245106350218371        7.802546609564849    
     247       1       1    6.329103608335628        3.628176818424841        1.521678916520840    
     247       1       2    6.359831005703544        3.495676614777883        2.054705036214726    
     248       1       1    4.497644585459296        2.483180058349499        1.623837366074578    
     248       1       2    4.154969241795242        2.214610768474547        1.287544840094996    
     249       1       1    5.707795270027981        7.220111666080711        7.388462226187061    
     249       1       2    5.808747310006484        6.786128388279123        7.066955960994678    
     250       1       1    5.231712185131216        3.459557974495481        1.623357847761574    
     250       1       2    4.923255496705312        3.424444342935903        1.170036646248634    
     251       1       1    6.073940446936510        8.861686133145989        2.377110589217364    
     251       1       2    6.547126697429063        8.999573457571314        2.619970500385943    
     252       1       1    8.294988674856535        5.754075870789861        8.531793259646481    
     252       1       2    8.242861875864271        5.211758292223214        8.605451681073628    
     253       1       1    9.589646151597021        7.046301480304582        9.458710404341492    
     253       1       2    9.856762477642492        7.128746902165815        8.984695832614522    
     254       1       1    3.315437998495381        3.289204344605945        1.978101855806550    
     254       1       2    2.850690402918990        3.583586332317065        1.984696247088935    
     255       1       1   0.5131980310780924        1.950840571621240        7.752709947025550    
     255       1       2   0.9369954354428232        1.601575151838062        7.735145638255090    
     256       1       1   0.3729332999749663        2.927687284326597        7.507740165471775    
     256       1       2   0.6019209600739076E-01    3.327233809055237        7.720181459400001    
     257       1       1    2.774523672332934        1.324229586408697        7.758900122273983    
     257       1       2    2.717792149881366        1.293896711196309        8.305260780347584    
     258       1       1    2.225208841202000        2.845266787481900        2.703524091216536    
     258       1       2    2.620922308677477        2.712229166963122        3.062026430973547    
     259       1       1    4.921123237810754        6.487253417865837        7.514245665914551    
     259       1       2    4.558585717961928        6.899754455531811        7.497273685374002    
     260       1       1    2.398086065532559       0.1591758549926304E-01    7.963042610230249    
     260       1       2    2.216279964835354        9.832854514433061        7.477369999610183    
     261       1       1    1.800273783372699        1.617652229108143        7.172716192502079    
     261       1       2    1.944771020958598        1.127095149430934        7.373596523559462    
     262       1       1    6.190714554772965        1.204858969657966        7.559682763490465    
     262       1       2    6.686429083515894        1.195851767107571        7.320940097170833    
     263       1       1    9.461495805651305        3.485143880906731        7.628647581530764    
     263       1       2    9.087894127220043        3.387480785887282        7.236607034940771    
     264       1       1    4.266112128555169        8.964489066766742        2.805083491976020    
     264       1       2    4.555063426757764        8.615519498095473        2.493361150213592    
     265       1       1    6.537630018651195        4.636110856852725        1.854580410325480    
     265       1       2    6.919850229883001        4.563048149767206        1.466703937132839    
     266       1       1    9.283911731810921        2.090452911619962        7.256818239553783    
     266       1       2    8.966646118083151        2.172824455702117        7.698557131343021    
     267       1       1    9.107536913473281        4.880074522983291        1.571281962895394    
     267       1       2    9.061549738506150        5.420580200355825        1.479870182155661    
     268       1       1    4.624757952220292        7.470087203875576        7.059859203567084    
     268       1       2    4.333972442526430        7.935642255836822        7.099108081014124    
     269       1       1   0.6628500395725435        5.517297808224860        2.173904578667555    
     269       1       2   0.6085391014477185        5.757548820890500        1.682065618884115    
     270       1       1    3.691271907525469        9.459050184160709        7.836425739547651    
     270       1       2    4.086445773445303        9.080541645570184        7.786953430068999    
     271       1       1    7.721218000204048        4.738353637069707        1.260257392412555    
     271       1       2    7.795419595981651        4.440247532788553       0.8038854044210562    
     272       1       1    7.867717917659454        1.323073055132342        8.312354366157312    
     272       1       2    7.833348689470746       0.8373222462581669        8.056308518483561    
     273       1       1    6.720590715053608        6.922947917409638        7.513377948509516    
     273       1       2    6.880014384897499        6.426788237671413        7.336681174001368    
     274       1       1   0.4330682715420623        4.435375772576768        8.093600249132528    
     274       1       2   0.1799006003868354        4.075808328854428        8.424401500827313    
     275       1       1    3.420999017023790        7.121458882488906        7.555713873903825    
     275       1       2    3.754570102136479        7.077823579701759        7.990917367657192    
     276       1       1   0.1667103719405992        2.798053736581798        2.956934460683393    
     276       1       2    9.797123042195265        2.425536217111244        3.120128847239746    
     277       1       1    6.027822930446143        2.252663258181332        6.144616953557402    
     277       1       2    6.534606724476141        2.165962615096203        6.340139264419630    
     278       1       1    1.808364905221616        5.054420181089313        7.696269410677449    
     278       1       2    1.719147244588496        5.583152535922459        7.573074953566258    
     279       1       1    8.617574708148403        9.110979719880762        2.340392545466827    
     279       1       2    8.139997214650078        9.247144802816715        2.105072949348703    
     280       1       1    2.770882234407545        3.302017454653298        7.080349354093442    
     280       1       2    2.292345183772929        3.077059488610273        6.931033303285455    
     281       1       1    2.316006536242475        9.354515284964680        3.216893131519730    
     281       1       2    1.976389866141543        9.620109537344170        2.875178735947233    
     282       1       1    3.226120034129431        2.022328884777199        6.778230755344020    
     282       1       2    3.240369717569120        1.976697610516037        6.230176696897124    
     283       1       1    9.001692008389888        8.654810076988282        8.290679827070107    
     283       1       2    8.827735839016666        8.584069268976727        7.774219282940005    
     284       1       1    8.563708405239193       0.2637484824564800E-01    8.680165776073920    
     284       1       2    9.071283839867947       0.3120150862633247E-01    8.468223163655555    
     285       1       1    1.692742431750579        9.131795787541764        7.836097733315989    
     285       1       2    1.408532090088454        9.445540555032165        8.186868063884873    
     286       1       1    8.317222449451677        5.068154036589604        6.732091963319252    
     286       1       2    8.536361886923544        4.698821665286829        6.389352142467386    
     287       1       1    5.711619219778777        7.896305343527853        2.852580084504534    
     287       1       2    6.152884274749372        8.016814340307436        2.548176058082144    
     288       1       1    1.817502116696080        1.457556616474676        2.688848227136568    
     288       1       2    1.596622617999272        1.025179566879375        2.431629618976322    
     289       1       1    4.347271647818614        3.011166398305818        3.751900783124640    
     289       1       2    4.573161775343342        2.567570611541818        3.518937962485477    
     290       1       1    5.398152090965080        2.257590974627532        7.327121532283905    
     290       1       2    5.658415656333536        2.634829002860561        7.631697353751353    
     291       1       1    5.957257033928811        9.210105979884124        6.758895718667846    
     291       1       2    5.585277456883542        9.113017926497003        6.366210592166961    
     292       1       1    7.132345603001388        5.526739971172767        7.418455818800214    
     292       1       2    6.975791988639559        5.560328300071993        6.892756955936409    
     293       1       1    3.654215759973268       0.6773950748940338E-01    2.459649315599977    
     293       1       2    4.027836454179126       0.1517748618506150        2.065514642546702    
     294       1       1    4.922900245041951        2.902913775631262        2.490871017114489    
     294       1       2    5.233085433149408        3.354017121814578        2.436654434873453    
     295       1       1    4.666778807490947        5.113023061621805        3.241385284109107    
     295       1       2    4.795463766257573        5.455818433306455        2.831284519928488    
     296       1       1    6.574879065714022        1.487154514429306        1.983713911415142    
     296       1       2    6.701122828772423       0.9527593481198826        2.019719507369004    
     297       1       1    1.338991343189868        2.675510222971358        6.612194375965116    
     297       1       2    1.655635042222893        3.123279241383679        6.650805206770240    
     298       1       1   0.7095277553215853        1.952347936005961        2.969591267949228    
     298       1       2    1.063565485167272        2.296390827140866        3.210819071592243    
     299       1       1    4.758383426124091       0.8212768225921195        2.398281538108585    
     299       1       2    4.306515781994661       0.8727584637330394        2.707702064677328    
     300       1       1    7.679877997613707        6.583985279776811        7.305503691464279    
     300       1       2    7.942412313718490        6.165790099994064        7.063004525145545    
     301       1       1    1.074074660628588        6.636177178849121        8.787511610726598    
     301       1       2    1.554156119454922        6.451823467235467        8.594031430215432    
     302       1       1    9.099359734244977        2.951746991542816        6.235149345465261    
     302       1       2    8.851201515219646        2.541909542144460        6.505603281801923    
     303       1       1    8.369702527301806       0.4048554391649890E-01    2.769972592971810    
     303       1       2    8.821327008880981        9.899180592657340        2.489407527368611    
     304       1       1    8.487649721194254        3.601396979403777        2.417762528569007    
     304       1       2    8.398324026254571        3.373733843107711        1.925242741485840    
     305       1       1   0.7831008344886138        7.666370770052168        8.703829690838665    
     305       1       2   0.9928039992938112        7.999025547581970        9.088038623452153    
     306       1       1    8.408735099412221       0.9732378485447682        2.104222293129457    
     306       1       2    8.941337702984381       0.8371819036645317        2.112846026289391    
     307       1       1    6.734974237886978        8.838669391413156        3.283295189295562    
     307       1       2    7.144713511597849        9.189780720042467        3.179691903477821    
     308       1       1    9.953815795747653        6.521924663159148        8.670484933219106    
     308       1       2    9.648107307878940        6.972293220375123        8.595587927528561    
     309       1       1    5.881703998008835        3.543121019666280        2.548677118626066    
     309       1       2    5.812559647444749        3.055819500373462        2.794544677200092    
     310       1       1    1.487415760485320        3.652821773634000        3.163771937154722    
     310       1       2    1.512377369945270        4.065978409797261        2.801744540234967    
     311       1       1    8.262632374951801        4.807655887968125        7.960319207280360    
     311       1       2    8.138290289525909        4.560749322032555        8.436121979357047    
     312       1       1    9.460839413907287       0.3687645079688971        2.859556464484418    
     312       1       2    9.718354983493583       0.3391259114000552        2.374123175092882    
     313       1       1   0.3131185306557431        6.164823783558763        7.338135961283216    
     313       1       2   0.3608562763868205        6.548474716318992        6.946542863986116    
