         152           6         147         195
         152   1000.0000000000006     
           0   135803125          -1           1
  0.13101250    
  0.15832778E-01  0.50000000E-01
   10.000000       25.000000    
   10.000000    

       1       1       1    9.863429689204334        9.131202503824799        6.986764109311450    
       1       1       2    9.344435622304973        9.309693667368451        6.952517202667852    
       2       1       1    3.303571507925708        8.414229116074480        5.295814638233496    
       2       1       2    2.792517917689816        8.300763187509036        5.463967177400474    
       3       1       1    3.983396678814809        9.410984406733213        7.186895206958090    
       3       1       2    3.716033254118831        9.182992326302347        6.764113017618845    
       4       1       1    3.569642318389203        7.151815337783400        6.670733139026869    
       4       1       2    3.372343946442602        7.494680261465980        7.053099522518741    
       5       1       1    4.365241886034263        7.810430588650667        6.921804076787293    
       5       1       2    4.257973471378124        7.300967611181902        7.099068496196709    
       6       1       1    2.410042178394025       0.2432216506519272        6.808242841908084    
       6       1       2    2.281762094176533       0.4988504096092778        7.278042202058760    
       7       1       1   0.9532259078500032        9.263662840474899        5.645442704325816    
       7       1       2    1.173633609488794        8.884485475461622        5.976905928321155    
       8       1       1    4.022830417642441        7.735204114865922        5.510156444554909    
       8       1       2    3.925723869517945        7.197325590803624        5.446361222669256    
       9       1       1    2.204491621729709        9.037311065381923        5.208366481349424    
       9       1       2    1.819873876958968        9.118852158271171        4.823767303782720    
      10       1       1    4.915875977743335        7.362503944415472        6.054287835424614    
      10       1       2    4.377224226870012        7.464798677433439        6.094422608071646    
      11       1       1    4.524812046830561        9.102860712201018        6.290182889866422    
      11       1       2    4.581627685677536        9.075808891209522        6.837032844787178    
      12       1       1   0.6993919790466262        8.268697344063158        7.008906100577194    
      12       1       2   0.5443293581102796        8.441374174292681        7.507526074050166    
      13       1       1    5.295382580806612        8.449093765933243        6.248675676002360    
      13       1       2    5.557319726869567        8.241906996476647        5.811757488117078    
      14       1       1    1.827903529152691        8.250186881015752        6.191952729133732    
      14       1       2    1.309488491282899        8.123266371218316        6.059210065460089    
      15       1       1    7.116838316633696        8.267052846505797        5.831735368495495    
      15       1       2    7.237758656182639        8.422142108735429        6.345117234873498    
      16       1       1    9.581135134606329        7.823852508001648        6.464646782378604    
      16       1       2    9.358699082292352        7.690087340377065        5.979762605881480    
      17       1       1    6.318630824591045        7.523758549133856        5.869981100407169    
      17       1       2    6.215524380502345        8.061073588986140        5.816771907827390    
      18       1       1    2.878745138469655        7.980405378321090        6.295090179739032    
      18       1       2    2.329599251308985        7.945064773456532        6.293076551845539    
      19       1       1    4.749852930702068        7.410151824277227        4.786962570502864    
      19       1       2    4.868631391942849        7.380486798298229        4.250522037930189    
      20       1       1    7.976741055537268        9.064626809236207        5.323002993912532    
      20       1       2    7.537350499263120        9.244333880567607        5.043969837222003    
      21       1       1    1.648918574490762        9.030777884094835        6.795040582061695    
      21       1       2    1.139416764701264        9.203474617665002        6.907071874376267    
      22       1       1    4.568709366009604        8.563057348050879        5.341108953861402    
      22       1       2    4.628821733227213        8.723005575156753        4.818030058292798    
      23       1       1    5.590113969929082        6.756424194106165        5.046627249930972    
      23       1       2    5.340207920337753        7.107926811410446        5.387938692829941    
      24       1       1    6.411457181015392        8.973564519469326        5.574430110185605    
      24       1       2    6.854012587364541        9.093311355763285        5.270127871019287    
      25       1       1    8.936272350444142        8.183307641664189        5.499056581191682    
      25       1       2    9.218561695070864        8.621094840133669        5.322972368833164    
      26       1       1    8.481941112497237        9.667998131515569        6.089542305043776    
      26       1       2    8.061702971059548       0.1474008886643301E-01    6.011173682407486    
      27       1       1    5.887221042922461        8.181416551689388        5.012336196469628    
      27       1       2    5.965927575458728        7.987025004456068        5.520709710922691    
      28       1       1    2.860154924560942        8.987071835234028        6.445489005038154    
      28       1       2    3.269041706602011        8.911680884396317        6.805636364367164    
      29       1       1    3.918124365407914        8.048300503606935        4.188250081233741    
      29       1       2    4.330724735715601        8.273409004270654        4.474257415869249    
      30       1       1    1.565009865193700        8.993051956016840        7.954580383703962    
      30       1       2    1.422804818789919        9.067954102359629        8.480807752030106    
      31       1       1    5.047501693635057        8.751963699116578        4.293150228720373    
      31       1       2    5.047978924350481        8.439980229660106        3.840687870520353    
      32       1       1    5.021990453166421        9.456609756886325        5.276014560610701    
      32       1       2    4.939682225907045        8.986156091328802        5.549229776537298    
      33       1       1    1.463421969456780       0.1389127984019655        5.833438910639021    
      33       1       2    1.771264908775961        9.984597227219858        5.404755383531906    
      34       1       1    4.406093218491222        8.750321251432302        3.034423918734848    
      34       1       2    4.211687039393654        8.807161836949687        2.523033737650931    
      35       1       1    7.053053928672651       0.3658048917374604E-01    4.749380839201853    
      35       1       2    7.109987051832610       0.5778989875899070        4.671852961113037    
      36       1       1    4.152363083870109        9.407408251129722        4.206898245685921    
      36       1       2    4.203767189437057        8.945449053521527        4.501324805383614    
      37       1       1    4.637920773644985       0.6970030445674161        4.671905499023148    
      37       1       2    5.029780867311581       0.3778776473318066        4.454103859743018    
      38       1       1    4.243864223306336        7.348659567503986        3.355136249961684    
      38       1       2    4.085565225573535        6.989783565754825        3.740856129533963    
      39       1       1    1.527000273930752        9.993118791527111        7.467075324638080    
      39       1       2    1.686236737782528        9.708858561930811        7.910228122657183    
      40       1       1    2.954578531776579       0.2761512286851163        7.787318080280926    
      40       1       2    3.166735065568650        9.848972966070393        8.061179639605060    
      41       1       1    3.707112623001733        9.488522384070507        8.183951020214920    
      41       1       2    3.313779102868131        9.865150282438677        8.261725349996075    
      42       1       1    6.352525880857976        6.703027230326911        4.170738876076790    
      42       1       2    6.289801628790119        6.298450286532937        4.538097165607219    
      43       1       1   0.8448831156086123        7.994162377090352        5.765516051222090    
      43       1       2   0.8108080489681879        7.524617705500904        5.481690816054440    
      44       1       1    3.281176368428973       0.2669986477248454        5.809517072903592    
      44       1       2    3.015988420660841       0.4187056342685191        6.267000105817701    
      45       1       1    3.727605085294782       0.5254004558526778        7.145285245888715    
      45       1       2    3.985662147373435       0.9706254597464705        7.338900034743450    
      46       1       1    3.281777058904293        1.180989079216082        6.374340127428642    
      46       1       2    3.170865351743790        1.258053653992564        5.841057812569814    
      47       1       1    8.589596401122570        8.649344406300997        6.528355023614563    
      47       1       2    8.159317714451443        8.368267774950452        6.331906912184174    
      48       1       1    4.045829450661873        8.524528823962127        7.698421881745841    
      48       1       2    4.263121833905354        8.885418935537080        7.344519435768262    
      49       1       1    4.485521534855135       0.4628593728220798        5.984758279025112    
      49       1       2    4.745520677601929       0.2207281215611275        5.564428358302894    
      50       1       1    1.371182029488650        8.316271007545488        4.869229376501730    
      50       1       2    1.164240569844071        8.374460420741562        5.375346489041466    
      51       1       1    6.175654931549652        9.265884094420420        4.113002708553054    
      51       1       2    5.890478602586068        8.872880542355505        4.371412323845695    
      52       1       1    4.990057553932482       0.2768395038425717        6.973719302724586    
      52       1       2    4.839537890404872       0.5734691180718621        6.535860866712203    
      53       1       1    6.379585728536221        9.109758964333690        6.809589742402280    
      53       1       2    6.152079012902275        8.620314463462762        6.914382413398635    
      54       1       1    1.753179716842565        7.223155081770708        5.786550369159988    
      54       1       2    1.798418285215724        7.769438270729145        5.822180500151990    
      55       1       1    5.323222038234848        9.196791342731101        7.406611751069854    
      55       1       2    4.843652632134352        8.932582188741458        7.354723531959561    
      56       1       1    5.683179521887991        9.834951352592363        6.238611778021899    
      56       1       2    5.443312770304118       0.3025979008482360        6.400856985043352    
      57       1       1    3.827855411513304        6.356107015173393        5.873690505962529    
      57       1       2    3.949821417662345        6.155610282893131        6.370525517337531    
      58       1       1    2.998749254162155        7.121673190568389        5.383401873953848    
      58       1       2    3.474514922445753        7.378015352727703        5.281907874546775    
      59       1       1    4.556862230158649        6.474942064614274        5.097094688621994    
      59       1       2    4.789094739609935        6.665835879112616        4.637168612425832    
      60       1       1    2.139607714748842       0.9711159852348955        7.651133313412304    
      60       1       2    1.621606791504633       0.8289320353191906        7.768709140171075    
      61       1       1    3.676106351731821        6.753414140672178        4.561115080706209    
      61       1       2    3.829328624453104        6.289278211466986        4.308953489810027    
      62       1       1    2.251817221962384        8.032919349859695        5.285546057263132    
      62       1       2    2.753679288798944        8.257499869256259        5.293506164774779    
      63       1       1    7.190248746421598        8.805731117248806        4.134323653483258    
      63       1       2    6.917586303380665        8.752694512278511        3.659565640911956    
      64       1       1    8.535998285225798        8.765240121145400        4.295358690585402    
      64       1       2    8.916123566473928        8.562216333635700        4.637413379808839    
      65       1       1    2.861326115640095        7.469404093427602        4.389503579523675    
      65       1       2    3.176025922492213        7.319845156852022        3.964340778642516    
      66       1       1    5.730732725720235        7.291053693910910        6.681981923397579    
      66       1       2    5.796110356362673        7.673938384940877        7.071635806767983    
      67       1       1    3.989076575014487        9.566772823951053        5.566262256416634    
      67       1       2    4.262525716573349        9.772315847202341        5.135341230320273    
      68       1       1    2.254284863554400       0.8843802153651591        5.824244908484966    
      68       1       2    2.685480691700457       0.6459185949001461        6.067911616408161    
      69       1       1    8.493082118681825       0.2003380476411269        5.039297606791978    
      69       1       2    8.676068583303170        9.835605899202884        4.670033801849510    
      70       1       1    2.887294043657120        8.629179856971707        4.306413439807130    
      70       1       2    2.555614134914703        8.984337853169723        4.048573142946540    
      71       1       1    5.098991341766800        8.066688953324414        7.610845270298488    
      71       1       2    5.064889374772087        8.566786576742070        7.837514926262201    
      72       1       1    7.503262884780272        8.724948158829255        7.059060485030218    
      72       1       2    7.645926011934096        8.668822544138679        6.530664594087201    
      73       1       1    8.065264368593303        9.716361494593617        4.263569848423979    
      73       1       2    8.202948350673292        9.254175967070902        4.528108161414035    
      74       1       1    9.958152583710598        9.055757543353408        5.911218189024839    
      74       1       2    9.804178805041534        9.578510910474280        5.986455830413725    
      75       1       1    4.660376594590883       0.1667828408198026E-01    7.987306656604878    
      75       1       2    4.637216614110882        9.624208204656480        7.602458960051972    
      76       1       1    5.801192166262741        9.940989610813077        4.796730890707954    
      76       1       2    6.321353800306710       0.2163855741312235E-01    4.956745013094679    
      77       1       1   0.1175700244490835        8.432845277646267        4.882430203244956    
      77       1       2    9.604921374476644        8.247357455857383        4.805636160584293    
      78       1       1    6.643051796883183        7.805170328168192        7.121966388931423    
      78       1       2    6.577689620123210        7.543361466508678        6.642567165067478    
      79       1       1    3.208934638116675        9.532737576707742        4.681396241219104    
      79       1       2    2.909362133231748        9.979429497776366        4.797077219596596    
      80       1       1    1.518739183854603        9.778220352294712        4.822964915249084    
      80       1       2    1.801195377572433        9.307853165909409        4.782803756923978    
      81       1       1    1.985583276796956        8.295869460204297        3.994153002426063    
      81       1       2    1.453298339442568        8.218400642864980        4.108051399389682    
      82       1       1    8.110296141970464        7.678361966097996        6.522028619507369    
      82       1       2    8.267610240312381        7.349327081525741        6.109603434231855    
      83       1       1    5.145222177595836        9.713482282424680        3.829584196682724    
      83       1       2    5.328971990701521       0.1664774254059189        3.578387491235452    
      84       1       1    7.207759861997569        9.663051215861289        6.029269958449245    
      84       1       2    6.783059599465826        9.641915476319692        5.679571257033802    
      85       1       1    5.528113441121170        8.500823616987955        3.055366473893582    
      85       1       2    5.285133121783378        8.920572516834889        3.314969012388953    
      86       1       1    2.904335633592467        7.814786003994105        3.251056989959670    
      86       1       2    2.885601982064398        7.389843798023003        3.599454366766947    
      87       1       1    7.172845186263591        7.303698476872785        6.361461555968037    
      87       1       2    6.657034366437821        7.191194363252465        6.205276672231156    
      88       1       1    2.459517803041162       0.4046100159431707        4.784535706658060    
      88       1       2    2.107499950282000       0.1881628539943988        4.421857371975173    
      89       1       1    4.515255740394099        6.584728601370551        7.107701131672971    
      89       1       2    4.580978186184518        6.087130243572909        7.331631506220422    
      90       1       1    2.425771624022980        7.778800685000762        7.175615238893822    
      90       1       2    2.610084122401484        7.261714016993627        7.211488523236486    
      91       1       1    3.169972035013696        6.593348977015098        3.683391644800274    
      91       1       2    3.087897527248308        6.236680532453427        4.094187304360149    
      92       1       1    4.104650143115331        5.586029134399139        5.297492015337338    
      92       1       2    4.486703510078155        5.220083937386342        5.146308403335429    
      93       1       1    1.534688717969920        7.130448771645092        7.125463411505993    
      93       1       2    1.030015132430348        7.339472050717954        7.188890738476280    
      94       1       1    6.198344820365484        6.526446472828529        5.939072824238226    
      94       1       2    6.684001596590623        6.677452612231097        6.148766060629181    
      95       1       1    2.559491832910434        9.054547965589339        7.831751658292585    
      95       1       2    2.500356885275799        9.485397361019198        8.168811005275110    
      96       1       1    9.229076259967167        9.378840974734558        4.770778423496701    
      96       1       2    9.318388881267436        9.919938104955918        4.730203353749164    
      97       1       1    5.246389487506872        5.849472676016809        4.580839121566214    
      97       1       2    5.310007734918371        5.344187574229958        4.788061710908547    
      98       1       1   0.6772488036250419        6.932161490970178        6.531896042587655    
      98       1       2   0.2177085132812515        6.929809027837367        6.228707319644172    
      99       1       1    6.954876320512359        6.953959532796628        5.140094389496262    
      99       1       2    7.452751726206088        6.768354983709452        5.282926996292349    
     100       1       1    2.897832257581781        6.149612808477486        4.932398044804572    
     100       1       2    3.277849103449491        6.185594396899364        5.328117692000151    
     101       1       1    9.594114556654036       0.3343446612826495        5.286477416562120    
     101       1       2    9.111571116032117       0.4964967643394442        5.078468502499876    
     102       1       1    4.575905589978735        1.738030262004747        4.794671061269897    
     102       1       2    4.502096749036451        2.008115038812740        4.320626586906927    
     103       1       1    5.531955045799292        7.344489981521320        3.921391345684088    
     103       1       2    5.572725501502911        7.073984510430990        4.398325384181150    
     104       1       1    4.907849806889216        2.705099528620960        4.363166545633416    
     104       1       2    4.476553613913414        2.966739503791980        4.581332756412334    
     105       1       1    7.971447804929870       0.8957054560988474        4.452821111132703    
     105       1       2    7.650008030922555        1.338067509506332        4.395376827930679    
     106       1       1    4.379833523151734        7.355715038090649        7.894122343904023    
     106       1       2    4.440118653854840        7.468674225476509        7.359419209420566    
     107       1       1    8.388964814746343       0.9925739746973521        8.285112715220041    
     107       1       2    7.857023262507067       0.8566565129556901        8.259953088761833    
     108       1       1    4.548629804809366        6.513379371556111        2.596026663976848    
     108       1       2    4.339720939827902        6.851648553894115        2.216105315070432    
     109       1       1    8.037432049879010        2.005067274233193        5.780612627258715    
     109       1       2    7.668630673922610        1.762942784754371        6.108530321970298    
     110       1       1   0.6987453858666177        5.933685240200451        7.305055792987805    
     110       1       2   0.4685092699503912        5.919327366943871        7.804273889803934    
     111       1       1    3.291487871160402        1.763791594303006        7.543809917543286    
     111       1       2    3.416412516646683        1.438116688691405        7.117850548420208    
     112       1       1    9.382900198239557        6.842508634431311        4.825863165035734    
     112       1       2    9.694789116936020        7.162835223391968        5.146328577248043    
     113       1       1    6.709512289223999       0.8770301196904523        5.424530409759543    
     113       1       2    6.648035038958692       0.5071966943285829        5.022519809149811    
     114       1       1    8.188241023083062        7.533390581680787        4.853831015057538    
     114       1       2    7.960948999525337        7.699041593914433        4.380788299735371    
     115       1       1    2.028013254541446        2.387342227516835        3.052117232982262    
     115       1       2    2.260876199421208        2.798745480442029        3.333064554248776    
     116       1       1    3.666334618409751        2.427749269529018        6.521981182122239    
     116       1       2    3.125146714541547        2.483542146213247        6.439926752511449    
     117       1       1   0.5522442094959646        2.628957537962362        5.356044057966412    
     117       1       2   0.1435421340760732E-01    2.720415965872033        5.422965249602793    
     118       1       1    6.419893458859747       0.1002269984071849        7.340147012430204    
     118       1       2    6.968560366391917       0.8470371532947064E-01    7.372165277323428    
     119       1       1    6.348701456286006       0.5304975524019864        3.740356943258729    
     119       1       2    6.659398005474594       0.9838877942578261        3.758754462047063    
     120       1       1    4.505534706148321        5.082287796113414        6.177922061168485    
     120       1       2    4.639323352027859        5.599511961770351        6.048894393969745    
     121       1       1    2.180032399606038        1.679345551507715        5.003343727143698    
     121       1       2    2.677263901080235        1.763487275295870        5.223369012191548    
     122       1       1    8.895470938920978        6.958436150798325        6.523883804029980    
     122       1       2    9.089243908463422        6.667467154893258        6.099787756058245    
     123       1       1    3.296581394583843        3.549943215067862        4.037289245702484    
     123       1       2    3.000184082689035        3.433894991942342        4.485340382984250    
     124       1       1    1.390328222415263        3.321761923259813        6.480877877323159    
     124       1       2    1.700138242568446        3.028112274370381        6.828237874251653    
     125       1       1    9.932948409876168        6.762729340589762        8.116493051830208    
     125       1       2    9.401421988642280        6.800983720928865        8.250972210526671    
     126       1       1   0.7591267255999612        1.258279774603563        9.534281450057005    
     126       1       2   0.2175570933600682        1.321197127604188        9.607258444734548    
     127       1       1    5.126906504451654        7.556903835289840        2.751099496475425    
     127       1       2    4.840903237527284        8.010342078546392        2.626732204925903    
     128       1       1    4.286039378594626        9.878850866319606        2.726502078828074    
     128       1       2    4.786410569652089       0.4589787551745748E-01    2.881928890103172    
     129       1       1    5.308252212943593        9.203211889613913        2.242992131683509    
     129       1       2    5.856118231180748        9.244555507802973        2.225606243334654    
     130       1       1    5.111963820170932        8.004028014461879       0.9755638790392900    
     130       1       2    5.136625719324430        7.736413152304827       0.4956097375757230    
     131       1       1    9.752003138992219        8.854207097599168        8.021105220023223    
     131       1       2   0.2985231243373360        8.911444615563699        8.010705683294988    
     132       1       1    1.144340992376088        9.283398650666001        3.896894674485890    
     132       1       2   0.6265198074557965        9.468919678487165        3.873339122642373    
     133       1       1    7.862970908086186        7.781837779784813        7.498518977740328    
     133       1       2    7.712174567427772        8.244256330068005        7.241928383718728    
     134       1       1    8.931758531797133        6.308617702752374        5.566185132014649    
     134       1       2    9.438147659657174        6.523100599903631        5.565370392724904    
     135       1       1   0.3238659694163644        5.064364727686420        8.622873846835676    
     135       1       2    9.775259566940548        5.024232993515335        8.624410303855655    
     136       1       1    9.663887626893857        6.641114874228002       0.6205480347120126    
     136       1       2    9.780746543403039        6.479998268091103       0.1079130595088347    
     137       1       1    7.748131492225466        4.869659968586591       0.6772552719743309    
     137       1       2    7.964453861798052        5.283675477455206       0.9674362082556414    
     138       1       1    1.445790422783261        1.546554506608504        6.127320672105413    
     138       1       2    1.697547694585141        1.762787377280928        6.565418834557826    
     139       1       1   0.6442403572790570        6.720117345916329        5.193435189760100    
     139       1       2   0.4545044343708351        7.232108355007481        5.260123927888906    
     140       1       1    5.730758517897653        4.599236402368836        5.813255013066376    
     140       1       2    5.616304621416364        4.761432767046372        6.325987069691316    
     141       1       1    5.834246890117905        1.853146310155178        4.816844765753570    
     141       1       2    6.218803548061413        1.796331094482824        4.426973115799188    
     142       1       1    6.898324859504051        1.414322372570903        4.078774590174390    
     142       1       2    6.822889098863294        1.088789051709651        4.515548019781727    
     143       1       1    3.704632681540763        8.121238508035391        2.678775539057284    
     143       1       2    4.136983929705925        8.366974798955143        2.444281209573119    
     144       1       1   0.2038223158521517        3.041665203580886        3.398350482438665    
     144       1       2   0.3828309846462426        2.863720634289676        2.910129216039016    
     145       1       1   0.2626899965689612        2.479208536911835        1.409975672061231    
     145       1       2   0.3970238026001743        2.182309936372988        1.853299223607905    
     146       1       1    9.941310966523517        1.931314525160937        8.767293392001633    
     146       1       2    9.486068501619147        1.910374464753819        9.075817531031797    
     147       1       1    7.109366699183557        2.976680938936286        9.118030455619797    
     147       1       2    6.592241921696972        3.003040015044313        8.931954367477100    
     148       1       1    8.745959249205518        8.588581588328916        1.229809960226324    
     148       1       2    9.056686460730491        8.832917055290761       0.8470751609661061    
     149       1       1    8.164661026573887        2.284088234365087        4.355409596855451    
     149       1       2    7.623688362529234        2.342312372920965        4.275459285841568    
     150       1       1    7.967484817826927        6.446384124359910        7.110723765595784    
     150       1       2    8.120252567104126        6.957031601807414        6.974201549383233    
     151       1       1    9.244054950980647        7.636897517077727        7.818420825887664    
     151       1       2    8.969521093978376        7.896340443263319        8.218298846084998    
     152       1       1    9.537952881538347       0.7732445759288696E-01    7.150296654712232    
     152       1       2    9.457228037571697        9.570586169977314        7.347447726859102    
