         497          20         489         536
         497   1000.0000000000006     
           0    19276935          -1           1
  0.13131604    
  0.10971605E-01  0.50000000E-01
   10.000000       25.000000    
   10.000000    

       1       1       1    2.279390567061690        9.985958071650817        2.754437939566797    
       1       1       2    1.806113612454390        9.740185128669200        2.618087753469645    
       2       1       1   0.9739348697523542       0.6749433324541019       0.7234868667306715    
       2       1       2    1.064461808556005        1.184909687856320       0.5388725942269648    
       3       1       1    2.246344739193253        6.220792340116774        9.807728124950785    
       3       1       2    2.415203220566901        5.858665155741170        9.430727213696208    
       4       1       1    1.070315952780587        8.009559662258802        9.347043186110925    
       4       1       2    1.132836172340499        8.554928197544358        9.309990424998640    
       5       1       1    1.975291983405433        1.097348226066944       0.3066657955633554    
       5       1       2    1.684657909080658        1.404507417046192       0.6582118046669205    
       6       1       1   0.8529549663399967       0.5360859455149654        9.097504944898329    
       6       1       2   0.7649491539580204       0.1579091645345395E-01    8.943526155569089    
       7       1       1    3.150005219468471        3.096373205109520        8.731627425990407    
       7       1       2    2.927581606443118        3.579535317084106        8.593300590550481    
       8       1       1   0.3527869439553485        4.910230455959677       0.3640617499034443    
       8       1       2   0.3852923956117778        5.006204960864372       0.9046530337301774    
       9       1       1    3.185067177697383        8.387002141824407        1.712506933567730    
       9       1       2    2.755431374910923        8.304704769174169        1.379120254777566    
      10       1       1    3.392077184663375        2.389943669970928        1.682934750560181    
      10       1       2    3.724360409278198        2.683171510269378        1.357577510105717    
      11       1       1    3.820067955699926       0.2940376922077106        9.264556955471186    
      11       1       2    3.439821831917538       0.5713356376997629        8.980374654915064    
      12       1       1    3.384367093613120        6.565306961645899       0.6580604665539679    
      12       1       2    3.348962184971951        6.521760026197346        1.204856969039835    
      13       1       1   0.2277590336677962        4.738447173675912        1.751615252910091    
      13       1       2   0.2771280584590141        5.126712200108541        2.138319221303900    
      14       1       1    1.210203828878474        4.967094491955840        9.225229862883584    
      14       1       2    1.195465543933738        4.552608991165289        8.864581599219639    
      15       1       1    2.477706850616265        7.623191976359491        2.895676626100659    
      15       1       2    2.386622604790987        7.601274401544965        3.437251255515750    
      16       1       1    1.687643210274739        9.022950199577712        2.562759722986175    
      16       1       2    1.910395984672929        9.019394921874119        2.059476866848014    
      17       1       1    1.194388040504425        3.499264045558029        9.232504449465647    
      17       1       2   0.9401140414185154        3.552233132651431        8.748156971829042    
      18       1       1    1.373959670085662        4.800088030600139       0.9948992678283194    
      18       1       2    1.632894690998083        4.509759722705252       0.6061798848772290    
      19       1       1    2.086592819734994        4.604610946898595        2.014124977860088    
      19       1       2    2.142828128523327        5.146296895236617        2.088474067851704    
      20       1       1   0.7425244496573987        6.669917943214030        9.493454003458593    
      20       1       2   0.6228930509204222        6.350512131620295        9.925165859001716    
      21       1       1    5.213099508004762       0.8085046201308782        1.029933645810138    
      21       1       2    5.178439349857872       0.3618017887339867        1.348358097020772    
      22       1       1    2.374640779675503        4.791819788176684       0.3799702534778242E-01
      22       1       2    2.877483438870276        4.577130502268874       0.9748737923516383E-01
      23       1       1   0.1848700159126360        1.991514227859325        1.434113575418171    
      23       1       2    9.646839232908434        1.991615807561399        1.318940354285156    
      24       1       1    4.487661282024987        6.992207891946757        9.954841759818930    
      24       1       2    4.272593922291265        6.566353846780824        9.680362421302579    
      25       1       1    4.020528123000045       0.7520332471332758       0.4148158392685506    
      25       1       2    4.266506304402956       0.9722551287817623        9.975085404151317    
      26       1       1    8.105171760222998        9.351434936047928       0.1316503203271972    
      26       1       2    7.569441136324687        9.376530225966830       0.1042682894941722E-01
      27       1       1    4.960619418491393        9.989540201582178       0.4392733610286053    
      27       1       2    5.351031005624625        9.610809295563518       0.3568430122271137    
      28       1       1    2.548660561585580        5.536765405256853        1.140629460439510    
      28       1       2    2.140372859620355        5.822896826165523        1.372584644817010    
      29       1       1    8.951357721147090       0.7227327541727664E-01   0.8111023282221642    
      29       1       2    8.919284613076268       0.4090987725450014        1.245006830396726    
      30       1       1    1.148522740964561        3.965338162019106       0.1207598233134522    
      30       1       2   0.6704904828469092        3.722454086636440        9.997744777609693    
      31       1       1    5.687985310682655        3.526036515505233       0.1520527347732728    
      31       1       2    5.721632364264607        4.073321445308918       0.1976440720771134    
      32       1       1   0.4672735200037228        1.581383914767907        2.895468592133286    
      32       1       2   0.3709956459662018        1.349845476044061        2.405746094626276    
      33       1       1   0.2929973830488525        8.510372862989477       0.6302653373248934    
      33       1       2   0.1936208336347890        8.984771229925389       0.3698019741234357    
      34       1       1   0.1665477679358835E-01    7.865211281294211        9.743011926995898    
      34       1       2   0.1522853758454247        7.331722017511469        9.746497259508134    
      35       1       1   0.1184516257909368        2.996313217946084        1.341970930570047    
      35       1       2   0.2942573167318044        3.323467231275498       0.9361814348688862    
      36       1       1    1.155496843242309        9.654080327603380        3.284416366605371    
      36       1       2    1.286431409192586        9.334040389500181        3.712692347758455    
      37       1       1    3.016616733520550        6.668616053476629        2.665867595393183    
      37       1       2    2.860152501940472        6.160088195296709        2.526354632979512    
      38       1       1    9.134981050683431        1.082978947113321       0.1031480891728150    
      38       1       2    9.576401570979666       0.7782214008708970       0.2256697870264529    
      39       1       1    1.898798060710699        6.676389760766786        2.048211282176283    
      39       1       2    1.844659920390146        6.483850759558520        2.561029021165383    
      40       1       1    1.847177564750388       0.8654950246085318        9.334478344193680    
      40       1       2    1.382501364530209       0.5972982261141472        9.455036307927458    
      41       1       1    4.987923331978680        5.672423508057141       0.7475884396311568    
      41       1       2    4.640896628685073        5.988587872742487       0.4605327656935762    
      42       1       1    4.460224951406111        6.658492883979092        1.056371556038423    
      42       1       2    4.430713208611253        6.109521827408179        1.037868631814458    
      43       1       1    1.729767345072063        2.023604420413762        9.154264829782891    
      43       1       2    1.365839246770373        2.015298875541037        8.741869534815663    
      44       1       1    5.221252659967502        9.507785648225241        1.372017060994779    
      44       1       2    4.972828531005801        9.680069805802026        1.831227369084282    
      45       1       1    3.913729521555000        7.644936980430502        1.446405967008668    
      45       1       2    4.301088922259148        8.020632624226316        1.337869861167825    
      46       1       1    2.332977299086204        2.066480347124635        2.203105526685657    
      46       1       2    2.745650977715865        2.408950554432433        2.325073843123300    
      47       1       1    6.192784941495464        9.354163535455676       0.4276132860663779    
      47       1       2    5.916705845762165        9.412143486064517       0.8998924766125530    
      48       1       1    1.022595760201406        1.219216372318585        9.854639465833376    
      48       1       2    1.219556506866803        1.496918812513684        9.422500508899054    
      49       1       1    8.811665113544842        1.126385434107705        1.545851442783465    
      49       1       2    8.698122519367015       0.6355195907522914        1.326229219840674    
      50       1       1    9.475908224290535        7.906363496729099        1.249518555393698    
      50       1       2    9.745485860568325        7.951261010955756        1.726422445909742    
      51       1       1    1.838105574306370        8.602733073116724        3.757934378376115    
      51       1       2    1.294283512811391        8.593273870922564        3.676294677439381    
      52       1       1    2.602827070832499        9.739848271463003        1.772663595794983    
      52       1       2    2.157239267263341        9.500327250893660        1.989391202138813    
      53       1       1    2.625636337028147        7.934812199816181        9.273580317984761    
      53       1       2    2.522377338950593        8.072443507639115        8.751396962091412    
      54       1       1    1.646584140625660        7.230245021360950        9.072832612780806    
      54       1       2    1.489466251199719        7.072626830635468        9.575234363573154    
      55       1       1    4.235319382042116        8.044967587515210       0.5391356305782653    
      55       1       2    4.679861344706415        7.744539892115303       0.6614851509657846    
      56       1       1    9.341163633567545        4.665864448192711       0.2019921849075410    
      56       1       2    9.667818922721676        4.736390540877993       0.6388123013813509    
      57       1       1    7.159103282038067        3.369586657006471       0.5468405308704168    
      57       1       2    7.506082120566133        3.666136130481922       0.8529276089057770    
      58       1       1    3.786256878279633        9.086491741772610        1.266525630929394    
      58       1       2    3.959959199182222        9.365101306234164       0.8256634646926910    
      59       1       1   0.2989994140783766       0.4526943376243520        2.876096336178083    
      59       1       2    9.952608671316598       0.1286258828419193        3.153989412028067    
      60       1       1    7.673386071531723        2.496071677952673       0.2972135668762073    
      60       1       2    7.707661259317710        2.352080890903608        9.767240150408803    
      61       1       1    1.540156136789933       0.8051210652563145        2.856149900583295    
      61       1       2    1.810920191210054       0.3260728358630760        2.858678176344430    
      62       1       1    2.289097876522108       0.9939977821310101        6.909635476505592    
      62       1       2    1.950896934530942        1.427542212833481        6.921351891001454    
      63       1       1    3.249511133393465        2.310582931036169        9.520473286692152    
      63       1       2    3.715720487964019        2.087133828957811        9.332730936943483    
      64       1       1   0.2210345934945817        6.119768059968614       0.2627534990064295    
      64       1       2   0.6001763916717554        6.518449534156945       0.2656465433878960    
      65       1       1    6.055586023792274        5.753322484872165       0.4208428424831690    
      65       1       2    5.986613344676176        6.044369491518724        9.958854667670492    
      66       1       1    3.896437901218274        2.250403754582784        8.261684047846551    
      66       1       2    3.904414119818403        2.310191560528390        7.714819392550760    
      67       1       1    5.900601555821829        1.713408165064176        9.220607591918442    
      67       1       2    5.776986122945281        1.754548492648020        8.686335329567610    
      68       1       1    1.307699844906858        1.954020017985548       0.5085132249374360    
      68       1       2    1.036176423876360        1.750799654735859       0.9417882192081111    
      69       1       1    1.137686591879208        2.233683918130950        2.002337012983809    
      69       1       2    1.564365652349288        2.310242080546446        1.663985863075336    
      70       1       1   0.5175311699378202        2.600377328016180        3.186138858806965    
      70       1       2   0.9671824850211115        2.322304722849384        3.336619039676326    
      71       1       1    4.250829278492047        2.911078133549942        1.489246839137044    
      71       1       2    4.069660157327362        2.397568539127698        1.414745559030074    
      72       1       1    1.200861126738668        1.324951994759261        7.061245238140440    
      72       1       2   0.7352732283925558        1.461546490491842        6.801716033752225    
      73       1       1    8.019234456057788        2.247420354216490        1.460902241647489    
      73       1       2    7.912085616611980        2.785976049894570        1.488659248362266    
      74       1       1    2.582459243087292        6.668259307039426        8.936887579449527    
      74       1       2    2.600129181139988        6.213905878488167        8.627757194026602    
      75       1       1    9.073668857855164        8.251423398245061        9.944527977236557    
      75       1       2    9.355160265497954        8.413474759777937        9.500662172654906    
      76       1       1    9.514918440948426        6.990967625212788       0.1408082833674655    
      76       1       2    9.922207834870065        6.687987780404310        9.929822886414179    
      77       1       1   0.4833637851024195        5.815663992979929        8.604264347126756    
      77       1       2   0.8435625654915706        6.030652730865369        8.959663661526514    
      78       1       1    2.363746338230449        2.033939109802908        9.993624912235834    
      78       1       2    2.266944898166285        1.957278976176458       0.5293862275413923    
      79       1       1   0.5006638765811843        7.353878978345525        8.543209007368212    
      79       1       2   0.5686705857110301        7.891336299324397        8.636946444535898    
      80       1       1    9.080333147772325        7.387479463999474        8.395409458341598    
      80       1       2    9.431916894391888        7.092605686724237        8.697619591631145    
      81       1       1    3.362301921057726        8.592629537879178        9.624736653704096    
      81       1       2    3.001419660810036        8.999639186047979        9.708579720203593    
      82       1       1    1.875096549459215        1.055129392681794        8.345344590399852    
      82       1       2    1.909917175366509        1.588465824949230        8.215250083653778    
      83       1       1    1.554719997890605        5.742610730530721        1.286171025146414    
      83       1       2    1.116659664505622        5.880558495917933       0.9833699374381764    
      84       1       1    1.497336464779708        8.141740373026485        8.330393528559181    
      84       1       2    1.805088794393479        8.505963346846659        8.604339856764309    
      85       1       1   0.3667500944007188       0.8635293535133977        1.960395654948696    
      85       1       2   0.1068716862624463        1.106665707449762        1.540961970065495    
      86       1       1    4.439288261207611       0.7502600089526434        2.446021944821029    
      86       1       2    4.938275742918507       0.5280393701815598        2.386014777611772    
      87       1       1    1.405401458101682        6.260604349520109        8.598400551440246    
      87       1       2    1.323387186186829        6.570613039249030        9.045362676309701    
      88       1       1    8.489411831283846        7.670796018341512        1.623236625364088    
      88       1       2    8.429455437138014        7.841310438898998        2.142749051064996    
      89       1       1    2.702556156352324        3.341110462326538        9.820495987277143    
      89       1       2    2.510361167662246        3.705011223974576        9.455977903582490    
      90       1       1    6.964364830189304        4.314586514261642        1.443549096913947    
      90       1       2    7.085419720110952        4.839365024639822        1.333062725467575    
      91       1       1    1.053478992319391        9.432518993003733        1.191651392908999    
      91       1       2   0.8425639749137226        9.732142859379779        1.601500762161494    
      92       1       1    1.231227209059672        4.392649101207453        6.121060813420399    
      92       1       2   0.9304904273966098        4.838528141662555        6.006255935063055    
      93       1       1    9.725775965558119        1.069684215588722        1.049581861998760    
      93       1       2    9.331458036591741       0.8914279219444612        1.389257005212155    
      94       1       1    1.821731783285740        5.830245273569894        7.231571717595360    
      94       1       2    1.804714474736968        6.199991288165805        6.825137775543789    
      95       1       1    3.686493253543630        1.265155636017024        7.291494726860495    
      95       1       2    3.983804233385040        1.149093140450982        6.843413465665761    
      96       1       1    4.966423993034072        9.043095539409590        9.822861160012776    
      96       1       2    5.408009573076865        9.342113538335752        9.687800494230149    
      97       1       1    1.617280557045150        4.292775345049393        7.536691582106111    
      97       1       2    1.323098073755512        3.842908680769238        7.655804589992993    
      98       1       1    2.654723249823987        9.537346878553080        7.860887271975098    
      98       1       2    3.145387259972475        9.295657937353619        7.807973645185164    
      99       1       1    2.291188411758764        6.979319641848471        7.951497498959381    
      99       1       2    2.619920249959113        6.782908584109954        7.556667367190311    
     100       1       1    2.908028953089038        5.410217522391581        2.280426309142945    
     100       1       2    2.548773684387870        5.025095316116011        2.438836515940645    
     101       1       1    2.627688662587124       0.7330039077313717        5.862798986087858    
     101       1       2    2.131362662987744       0.8994580453337059        5.694057814746138    
     102       1       1    1.425763106669877        9.900891651901665        5.817183244706793    
     102       1       2    1.142187346685579       0.3210484981491945E-01    6.269214717168477    
     103       1       1    3.751498926352443        3.618798541860804        8.074188140535169    
     103       1       2    4.165624425584997        3.258027891338529        8.105205493353338    
     104       1       1    3.227819833387060        4.138669768287257        9.196768203810347    
     104       1       2    3.347786223848208        3.626869922130455        9.357668397176017    
     105       1       1    2.010647629813978       0.6599666344937507        5.014655031134311    
     105       1       2    2.012489679060390       0.1434518813936890        5.203196735316666    
     106       1       1    4.601573905235198        3.913242358781031        9.208550060269022    
     106       1       2    5.099683927800347        4.111667660041388        9.086793782976724    
     107       1       1   0.7291012501780099        8.706145538463346        7.807460127877269    
     107       1       2   0.4384692241991325        8.246235185338334        7.727922222548827    
     108       1       1    3.012212688933468        4.228446258058884        7.788159838217056    
     108       1       2    3.285096338506523        3.751294856428526        7.766724026205811    
     109       1       1    3.182847791793789       0.3942740638115733        6.861181905846937    
     109       1       2    2.703410973622268       0.1485743155091620        6.972320546015188    
     110       1       1    3.892594531297339        3.080302766410027        9.651839067333427    
     110       1       2    4.262153989609476        3.385394788100842        9.382023277718329    
     111       1       1    2.805508767389994        7.349112434054380        1.722681959353276    
     111       1       2    2.626743588712643        7.620551901380558        2.166098474253229    
     112       1       1    9.188944216700827       0.4877369736917582        9.126783015112949    
     112       1       2    9.114165542392779       0.1213496016671764E-01    9.392205078005039    
     113       1       1    4.586368890386865        4.868091696022021        2.327113887735734    
     113       1       2    4.928684994164166        4.997164615759783        1.916750800512556    
     114       1       1   0.4334463744381976        3.517846740545227        2.149794011346196    
     114       1       2   0.2787469995618317        3.952383290529915        1.850470853752297    
     115       1       1    4.706024934613460        5.972502272202858        2.006213141708444    
     115       1       2    4.429541825615911        6.060955771702670        2.473433053319148    
     116       1       1    6.753126693280585        9.935132935067076        9.586970587791326    
     116       1       2    6.487136746351961       0.9605477859070974E-01    9.132751702831701    
     117       1       1    3.245368173718648        7.202206419721418        9.875973351724712    
     117       1       2    2.793742336042948        7.210686883201163       0.1904943709380443    
     118       1       1    9.571682350348482        6.425603120680019        8.827590747063846    
     118       1       2    9.243233946272371        6.021273023371840        9.004681630382027    
     119       1       1    9.425016121187902        4.307208047856673        1.296553885288714    
     119       1       2    9.072724780843624        4.288405814821096        1.718169798005590    
     120       1       1    5.157441415741248        7.373368224846457       0.7016654066821273    
     120       1       2    4.857383083318448        7.373618915034713       0.2410222582375275    
     121       1       1   0.5877564010666453        9.265797198875759        9.240669571222767    
     121       1       2   0.4199593768872614        9.025335658767640        9.705688405054836    
     122       1       1    8.174099481739054        4.268257394420307        1.052531857737423    
     122       1       2    7.818170272257206        4.055758738430698       0.6914517718099628    
     123       1       1    3.735406913162532        9.642589835451783       0.1443467736577933    
     123       1       2    3.745628788941400       0.9610178087706416E-01    9.833310994001025    
     124       1       1    7.315803028507977        7.469634367083284        9.719013933020875    
     124       1       2    7.343939301612869        7.250227614603628        9.215656420051054    
     125       1       1    5.938993182666031        6.858066697923179        9.681694182872738    
     125       1       2    6.436810811194845        7.080234293184778        9.609506571443925    
     126       1       1    8.204964576032779        6.551741686852426        9.413799459836323    
     126       1       2    7.959526740860305        6.973722987900372        9.159458630806654    
     127       1       1    2.212309082594842        2.256270481317889        1.211235472516866    
     127       1       2    2.250594973113849        1.737854618967763        1.390303455673537    
     128       1       1    4.792433226784627       0.4152233823344306E-01    9.450913281536625    
     128       1       2    4.520449897116511        9.630130080153464        9.206414486694678    
     129       1       1    9.556509142507153        6.755959341044624        1.123956674112855    
     129       1       2    9.540281436168943        6.235701758897918        1.301746269388976    
     130       1       1    1.687820387291379        2.830512479209200        9.951370971148345    
     130       1       2    1.755936800265334        2.678175489599180        9.426927570561809    
     131       1       1   0.3871200964665156        6.032368675275002        1.381629463618294    
     131       1       2   0.2839803697196032        6.530252844869744        1.171009343562813    
     132       1       1   0.9504776489745652        5.367559606889262        6.942170991322848    
     132       1       2   0.8681904119131795        5.892225338096874        6.799030990021668    
     133       1       1    8.341501803937682        7.124154744483203       0.4789282949925458    
     133       1       2    8.703027597784653        6.820499927606507       0.7606711048595556    
     134       1       1    8.034589418518458        8.641770259420632        9.354874415804296    
     134       1       2    7.614374955222801        8.746706388214339        9.693607833643638    
     135       1       1   0.9787019043441328        3.974627359062847        8.264393054301991    
     135       1       2   0.9805985859925070        4.356057755773563        7.868331918920826    
     136       1       1    1.949597946276900        3.628491185056782       0.7727293641089348    
     136       1       2    2.122015989162978        4.010395594914962        1.127869638803412    
     137       1       1    1.073909347210521        2.836698184889298        1.026556654930763    
     137       1       2   0.5837041650472352        3.074396676442884       0.9521898535769939    
     138       1       1    4.088729975400346        4.986897798779830        8.322102220117436    
     138       1       2    4.368531255232649        4.735513021701106        7.920962896627788    
     139       1       1    6.963733151871361        8.502331598895438        9.767864834447630    
     139       1       2    7.050556715852126        9.000644037302063        9.983806638343671    
     140       1       1   0.1956148952577757        4.186361852656445        9.507109750546197    
     140       1       2   0.1621189848740634        4.153640876519285        8.958927925090114    
     141       1       1    4.188999370572716        3.637877793587979        2.244019913652163    
     141       1       2    4.070213010371678        3.560273935294593        1.712839339443701    
     142       1       1    7.687675726650636        3.558927633607474        1.741217512540863    
     142       1       2    8.135843796384924        3.864697890280806        1.830029937480208    
     143       1       1    9.136991262903109        6.001909837486407        9.962876104775789    
     143       1       2    8.850993651123479        5.593504733172070       0.1960949479473797    
     144       1       1    4.007080752495289        2.708788605698318        2.869889680747795    
     144       1       2    4.535434777818223        2.671076218277090        3.018042996874787    
     145       1       1    3.081549780039767        7.881002046957665        8.100788660272183    
     145       1       2    2.779622490655476        8.332821790041084        8.186551069457680    
     146       1       1   0.1303224595166809        5.289630421978072        9.455025535895109    
     146       1       2   0.5661534102212700        5.524373453585270        9.215376685026269    
     147       1       1   0.9334209510989484E-01    9.996643395563993        8.036799773037956    
     147       1       2    9.841557630940670        9.646637226567123        8.378564426308150    
     148       1       1    5.963737108023207       0.5310402975801688        9.975056012231770    
     148       1       2    5.537971155280323       0.5920168993454116       0.3176894596850969    
     149       1       1    6.307573029261551        3.426846925907010        1.276915443806195    
     149       1       2    6.373829096387175        3.086326401595186        1.703905716841878    
     150       1       1    1.194786635471180        5.114585847868364        8.147428367064082    
     150       1       2    1.028185777843245        5.227985068202727        8.658853200269688    
     151       1       1    3.946570649967994        6.767195755619778        1.976258843772593    
     151       1       2    4.113514595789505        6.337770490441964        1.675620514120053    
     152       1       1    3.409822516908720        4.503825160765463        2.291809306274400    
     152       1       2    3.743091869448466        4.901318149105274        2.474595499016675    
     153       1       1    4.072959660946983        1.627648242510886        9.331542506437353    
     153       1       2    4.485685600339690        1.373608150204577        9.591386139746223    
     154       1       1    2.413916500637869        2.727681927295854        4.817872019685185    
     154       1       2    1.984232961181377        2.986842836518486        4.592657263387323    
     155       1       1    3.364512438150814        3.511039431991088       0.9456746528852552    
     155       1       2    3.083692524642058        3.745075041621651       0.5345676907906400    
     156       1       1    7.304833303372551        6.613125076534983       0.5939238700039876    
     156       1       2    7.847298114588936        6.546772430848897       0.5309105405941889    
     157       1       1    5.082917395650351        7.868984672111236        9.425587670194789    
     157       1       2    4.540269820777052        7.908664876275266        9.508407523780694    
     158       1       1    6.138022221665145        8.976884783972915        9.400673350930449    
     158       1       2    6.464811531268225        8.556663584985699        9.263773674095004    
     159       1       1    2.851608033754732        4.476590541095003        1.351141068703981    
     159       1       2    2.340986505987764        4.329844062373677        1.207556772011172    
     160       1       1    7.208905620287805        7.794398967866514        1.067164848488414    
     160       1       2    7.022134580324473        7.930632981606082        1.566210566874393    
     161       1       1    1.285673002355268       0.2692075923809364        1.967780380329810    
     161       1       2   0.9397875429246052       0.6793436136248856        1.845154865343875    
     162       1       1    1.165122698143462        5.102974460714821        2.030863045516802    
     162       1       2    1.052626215767070        5.165423604516765        1.496419287258582    
     163       1       1    2.944104910945234        2.658372109118146        7.802126270954719    
     163       1       2    3.441219501872171        2.862531204927031        7.686037874946382    
     164       1       1    1.287017758782627        3.793071469696335        1.671136979041145    
     164       1       2   0.9998407482338668        3.332272843124381        1.757071674857240    
     165       1       1   0.1337476578763269        9.886586248607442       0.9479292998639108    
     165       1       2    9.655777125405573        9.860900108802081       0.6766688098018627    
     166       1       1    6.243770033252230       0.5374521155683534        1.217121438110228    
     166       1       2    6.667302017197103       0.7762267211700148        1.474444372101969    
     167       1       1   0.7895305473988713        6.253442130114844        7.591891199128997    
     167       1       2   0.9909320589766366        6.061635201911799        7.117370638592802    
     168       1       1    2.297517251169312        3.167033489253411        1.760663114348290    
     168       1       2    1.825621068330045        3.363785693515112        1.963187268695239    
     169       1       1    2.473969927833107        3.899314303738883        5.525464106845682    
     169       1       2    2.381468174665978        3.744819137611306        6.045172581135166    
     170       1       1    4.148875069408962        2.105480401223932       0.5454143845683718    
     170       1       2    4.067715672947037        2.164030207787824        1.086332416946908    
     171       1       1    2.416649802900722        9.736672421736953        6.738364492182980    
     171       1       2    2.504442697485708        9.206505158499787        6.621158222742814    
     172       1       1   0.3790089688969518E-01    4.464830637809871        2.729726310347735    
     172       1       2   0.2260655734309790        4.929841787129390        2.955966985907454    
     173       1       1    7.577583605458845       0.2555938096976211       0.7431570754257339    
     173       1       2    7.783842516518807       0.5384982611314741       0.3189864388914884    
     174       1       1    7.045366213184594        1.239126532788768        9.800408710778791    
     174       1       2    7.381361026426443        1.380920705422614        9.388299971414440    
     175       1       1    1.838248858076821        1.637257764800333        5.681565563831366    
     175       1       2    2.212891032879246        1.566708471474018        5.285662877617945    
     176       1       1    9.142853051459138        5.325369967338022       0.9965000009692064    
     176       1       2    9.283198706008557        5.140879963187104       0.4969435908511468    
     177       1       1    6.449852041378242        7.657052591104957        9.122066577567228    
     177       1       2    5.906582755080295        7.661557757164888        9.037694233899893    
     178       1       1    4.565721729233487        1.995536916081514        2.032309765771220    
     178       1       2    4.944151145539033        1.842151316507993        2.400974217729676    
     179       1       1    5.524164917834926        1.425464699502914        2.069171718547740    
     179       1       2    5.139324701016016        1.815830109371878        2.020916563792941    
     180       1       1    2.033085156583486        7.396478404564546        5.933561038509382    
     180       1       2    2.270121840719989        7.185444545205091        6.382526473370766    
     181       1       1    1.259354702883930        8.896912554699286        6.710109499353260    
     181       1       2    1.313038043388512        9.232421276362523        6.277392474300561    
     182       1       1    6.094746047170528        1.446322587144116       0.5297284556008629    
     182       1       2    6.357996705874828       0.9755065668117612       0.4247562669476221    
     183       1       1    5.137704734000565        2.263223034510349       0.8970422373310427    
     183       1       2    4.869046063128444        1.801264598990664        1.026802437322064    
     184       1       1    6.578431667410916        2.949466600198186        9.405349423721685    
     184       1       2    6.224191741373952        3.359942651531373        9.497074997111664    
     185       1       1    6.192851886728207        2.532705497258979       0.4754191516970644    
     185       1       2    6.054806174405034        2.022871797134804       0.3224385180947643    
     186       1       1    1.594540563412884        7.914455021138398        7.095136875300593    
     186       1       2    1.881683705856409        7.731307103752164        7.527006778364845    
     187       1       1    2.061221562450388        8.676476714464382        6.043935319429792    
     187       1       2    2.321456598442140        8.662690002577520        6.527856479799551    
     188       1       1   0.2578114512251826        8.265983167480853        6.721053248358444    
     188       1       2    9.779534549625346        8.444876129276141        6.925847146574306    
     189       1       1   0.5808474109657914        7.461514412128856        7.395462880169632    
     189       1       2   0.5396174302194938        7.238936870185062        7.896313519927446    
     190       1       1    5.490860826544642        4.295002966385689        1.307812084212873    
     190       1       2    5.934388750877185        4.486214128461159        1.045337091154190    
     191       1       1   0.7809416490654807        8.857081568361499        5.462057228980065    
     191       1       2   0.3676228301764417        8.595742337501676        5.714171067346896    
     192       1       1    5.331313496851111        3.015045636280550        1.543143364625492    
     192       1       2    5.798182324552696        2.976679123411083        1.255509294048090    
     193       1       1    9.799554060494113        6.826998625751568        7.725794499849939    
     193       1       2    9.344364571696540        6.518618865670023        7.735475115637670    
     194       1       1    2.550885692165265        8.712264289948076        5.083682885681242    
     194       1       2    2.873106194153006        8.319531314309751        4.873150181792242    
     195       1       1    5.287761886240347       0.8884473825879768        9.256185260893810    
     195       1       2    5.401899760209186        1.301114584267722        8.911385549495087    
     196       1       1    8.096572814009898        1.500269319310588       0.6484120315939790    
     196       1       2    7.938335819709208        1.958000834132586       0.9094230859221480    
     197       1       1    7.993700317755690       0.4036777520513080        9.778140805020847    
     197       1       2    8.460104623029803       0.6844913220958705        9.858518873008089    
     198       1       1    4.846009712300636        1.419874778250277       0.2813859621858650    
     198       1       2    4.722004995665039        1.267641008425643       0.7954752918289111    
     199       1       1    4.586371241606686        3.620620176537492       0.5787103896684089    
     199       1       2    4.182065477653414        3.932831609500371       0.7823902021492682    
     200       1       1    3.622496454767821        8.872314345502664        7.772159568205816    
     200       1       2    3.951158203379149        9.132177841235507        8.129076556954459    
     201       1       1   0.6709245748348013        9.986683815056736        7.056696801439789    
     201       1       2   0.7665608572829475        9.447164195774331        7.103567661680110    
     202       1       1    2.286182229274817        3.904784385640302        6.698843129857320    
     202       1       2    2.383884875781080        4.410079924331612        6.504179348295548    
     203       1       1    2.724523184497593        8.791063144980345        7.188946809405748    
     203       1       2    2.441417570137693        8.858992237301173        6.722022748936524    
     204       1       1   0.6229821784392293        2.312489017617136        9.370300758134908    
     204       1       2    1.009053272991447        1.963507830354746        9.548975371037196    
     205       1       1    8.248015506612575        6.309234099052275        1.083537109096358    
     205       1       2    8.639889040471761        6.000524117446945       0.8528059783448840    
     206       1       1    9.993701167304497        3.504437925504209        8.286741339542484    
     206       1       2   0.3759306109830922        3.773570215746100        8.578118916859671    
     207       1       1    4.463674901303581        2.860221798580206        8.834255562936992    
     207       1       2    4.941506301631734        3.127408356722138        8.882084938935490    
     208       1       1   0.4278039311320886        2.968713504526644       0.2206688969717726    
     208       1       2   0.8941323633607551        3.152991937744771        9.995772464039822    
     209       1       1    9.007243196463298        1.707482176353466        8.960318857101134    
     209       1       2    9.055983317673764        1.946417248320032        8.466890290598478    
     210       1       1   0.1776306230279871        1.900959569402659       0.2592736441088422    
     210       1       2   0.1329197513060520        1.860466475411477       0.8057949615343394    
     211       1       1    1.029596549228009        1.978333045131001        6.303590125777938    
     211       1       2   0.5082225625265315        2.008371546644915        6.475610931291166    
     212       1       1    4.035056698372649        7.769335193172588        9.116995693389509    
     212       1       2    4.485588923756342        7.516319768044903        9.304893530541673    
     213       1       1    1.662093836892583        2.071943236302455        7.602771750131035    
     213       1       2    1.326505690364848        2.443953057990272        7.376296636385486    
     214       1       1   0.5547224087822101        3.082249977490872        7.129970387578790    
     214       1       2   0.2948910888496955        2.598264855692190        7.164053323922806    
     215       1       1   0.6095894168560908       0.9124987915116336        7.898208858736489    
     215       1       2   0.2404859553453702        1.199665977841679        7.607976262241481    
     216       1       1    9.940902725178658        1.284444350900935        9.286248360898458    
     216       1       2    9.924889344803168        1.390672128858860        9.825915350392695    
     217       1       1   0.7985254824121503        2.798471097260905        8.419620205396257    
     217       1       2   0.6996348878160542        3.270070065796781        8.155617802020240    
     218       1       1    1.129807171045923        4.560851566763656        4.514179392648463    
     218       1       2   0.8154206745653771        4.823015658527988        4.147389679324917    
     219       1       1   0.7626650331780634        6.849297356970223        5.574193009570990    
     219       1       2   0.4811962365333065        6.380144154197020        5.631111320991040    
     220       1       1    5.132340707061185        1.759596783942924        8.346852572252629    
     220       1       2    4.950857633704421        1.488925804806121        8.789989368817775    
     221       1       1    2.390455203799982        9.568389280119460        5.702405928286813    
     221       1       2    2.491553199200367        9.281306316774410        6.160990583236360    
     222       1       1   0.9777980293249324        7.980002993071840        6.053985822977999    
     222       1       2    1.185195916371234        7.540269017597469        5.795998486981865    
     223       1       1    5.362149867612925        4.612412382627822        9.927154853634335    
     223       1       2    4.952867692628399        4.426305270518269        9.610666899540394    
     224       1       1   0.8716272332943275        1.535140492957970        8.714880578432053    
     224       1       2   0.3945894266602394        1.801739436143010        8.779108746114639    
     225       1       1    5.631304043721085       0.3476895714449014        2.187254109651693    
     225       1       2    6.057094298774661       0.5665187916471786        2.457677503816221    
     226       1       1    9.474438026992807        9.017742819391810        1.723175600443553    
     226       1       2    9.608150464307618        8.833625374795551        2.223579772525523    
     227       1       1    5.078334451089920        2.646756184730176        9.705760153666054    
     227       1       2    5.490100390999050        2.285465824039655        9.660935949954656    
     228       1       1    4.486204522789280       0.9747177971893822        8.370464814028054    
     228       1       2    4.618694790998095       0.4698515929110493        8.545089448257285    
     229       1       1    7.074901887339618        4.997720838722925       0.4447067060556901    
     229       1       2    7.094902688454829        5.547145844179280       0.4653819206561526    
     230       1       1    2.127550576118622        3.053278490408904        8.924593784152826    
     230       1       2    2.403461404365813        3.458507890938215        9.175393636366524    
     231       1       1    2.259734400193459        5.083764625242242        6.562291042526579    
     231       1       2    2.267091852120212        5.561004863611345        6.836928696263925    
     232       1       1    9.232479184486358        3.611441336310139       0.5818747812991989    
     232       1       2    9.586686447372051        3.544945392022910       0.9975072207997089    
     233       1       1    8.984785723002311        2.564908701117987       0.2503163889724258    
     233       1       2    9.167517046858672        3.061825046025403       0.9991450162487760E-01
     234       1       1    2.337253695215443        4.809204968366843        4.398530278125754    
     234       1       2    1.879772088479007        4.540789639956103        4.253213618912044    
     235       1       1    1.462122780187351        5.577460621314749        3.941969066246920    
     235       1       2    2.003907948544469        5.566834927514416        4.039487373154370    
     236       1       1    5.704936721799896        3.154668241970662        8.801845173496607    
     236       1       2    5.999809526506272        3.606377552995255        8.906949903222152    
     237       1       1    8.702754562792050        3.221371207041923        1.371375309308359    
     237       1       2    8.346607031581042        3.560014837293318        1.618014703269846    
     238       1       1    2.621953659973668        7.748945667664240        7.129864600683642    
     238       1       2    2.324237786693899        7.572497651798738        6.702633011558647    
     239       1       1    1.508106345478230        6.856118101241752        6.779231380780359    
     239       1       2    1.450821430330212        6.693834926164712        7.301696255935466    
     240       1       1    3.577515862743248        6.561157992511071        8.363160367924053    
     240       1       2    4.054974244848537        6.476307383133228        8.622657575377536    
     241       1       1    4.761261911222971        6.751964251151104        8.874052810370763    
     241       1       2    4.343040779604773        7.063843772383785        9.048454291548122    
     242       1       1    3.292971030965819       0.6023203231404551        2.156194089892659    
     242       1       2    2.892963402129383       0.9052045956746329        1.930894406016628    
     243       1       1    4.656219077273460        2.329351331772502        7.355399673411258    
     243       1       2    4.882949645680011        2.352792334988042        7.855552060277055    
     244       1       1    1.713066557129602        5.294087367843446        5.431010841127679    
     244       1       2    1.789553313071594        5.682736862185656        5.049193152823142    
     245       1       1    1.352281151702214        6.395902993727920        4.903499672034165    
     245       1       2    1.774739036679336        6.587586807501043        4.608003466770247    
     246       1       1    1.618405337155488        6.138622536160752        6.056742712144767    
     246       1       2    1.314191119363536        5.849344356364440        5.701351096100871    
     247       1       1    3.047454008648636        8.379818039560602        5.891636460601024    
     247       1       2    3.059236612453154        7.891862751698643        5.637543415446785    
     248       1       1    1.861447875396402        1.913564416002862        4.392980270039160    
     248       1       2    1.971486981027344        2.018860874679250        3.864892002424637    
     249       1       1    7.289613111228189        4.151028963025841        9.840967161092795    
     249       1       2    7.298360302939788        3.712484254414278        9.509604236725714    
     250       1       1    3.623214062363765        9.161752530599138        6.782178704324413    
     250       1       2    3.106990032920828        9.096158444423788        6.604514993902134    
     251       1       1    3.494107767720391        4.043685859916418        4.869770179622568    
     251       1       2    3.412247837718475        4.556742810389817        5.050612988979293    
     252       1       1   0.1326095025393834       0.4143738938047335       0.8375883904099034E-01
     252       1       2    9.845416324060793       0.7309074376646288       0.4298588404485136    
     253       1       1    1.495121625127851        9.529477373089343        4.522509806524927    
     253       1       2    1.066513036997007        9.558640976868000        4.866417150480833    
     254       1       1    3.454695720492295       0.7043869373342058E-01    5.905941330615685    
     254       1       2    3.353751474928909       0.1015635203610539        5.366006355650956    
     255       1       1    5.208567088265436        4.986307968583453        8.492580674714997    
     255       1       2    4.992863609178419        5.224782662897465        8.046579974209170    
     256       1       1    9.144912846946118        2.030048947890441        1.080436100377997    
     256       1       2    8.656597374158602        1.887698173312886       0.8710351290970767    
     257       1       1    1.559574467559998        3.030312842063541        2.506964530703034    
     257       1       2    1.336595097797804        3.531632253199489        2.542667945946577    
     258       1       1   0.9034925906407774        3.990290683261342        3.173800929191553    
     258       1       2    1.133548980923895        4.409949919497762        3.445183418432279    
     259       1       1    7.036946342903806        6.014059618949284        9.662523685333378    
     259       1       2    7.417508367570806        5.978210198854836        9.266986050140876    
     260       1       1    3.190303385855898        3.513797690245223        2.113297139909418    
     260       1       2    2.792584232684248        3.143185358566562        2.193872657739337    
     261       1       1   0.4359178027795944        3.990202058315738       0.9081989605736011    
     261       1       2    9.978087867552278        3.724375380026467       0.7594985540081697    
     262       1       1    8.284026101659999        3.621050050462964       0.2404864932061471    
     262       1       2    7.991642391100151        3.481783877362778        9.796478454883983    
     263       1       1    9.748925375813368        8.842873199423810        8.788965335850936    
     263       1       2    9.361134123297814        8.787845603871915        8.402120331312810    
     264       1       1    3.092180021192259        7.406872183960147        4.922655741739027    
     264       1       2    3.125225141188088        6.858051810035645        4.935839148011294    
     265       1       1    2.335558458449774       0.1667093959521561       0.5393753852515654    
     265       1       2    1.795715701936518       0.1730366442797382       0.6452906197738165    
     266       1       1    7.683047873030216        3.299194248643352        9.256332010197010    
     266       1       2    7.402006028735800        3.540987279767234        9.662578643192747    
     267       1       1    6.960701683814892        1.921143547114804        1.407976105365472    
     267       1       2    7.246180761750052        1.826118967284343       0.9475325673391896    
     268       1       1    3.197946639792433        1.671758506957360       0.7745767979910941    
     268       1       2    3.408742838511006        1.192463755901329       0.6062728491936943    
     269       1       1    3.556102592311267        1.553887051564729        2.913436184261532    
     269       1       2    3.275777407662419        1.947895594728013        3.176168588921431    
     270       1       1    4.053559795777433        1.363086247505776        1.288104526227702    
     270       1       2    3.997365064915557       0.9060222857647050       0.9881273045020883    
     271       1       1    2.357363364815352        5.025855631240294        7.695060710758920    
     271       1       2    2.366772314758387        5.029961289438532        8.244906034175848    
     272       1       1    2.555753410246671        4.082653030368059        2.740145203747521    
     272       1       2    2.858789324194699        4.407977839175815        2.416465936441724    
     273       1       1    8.245203152674467        4.495402543267992        9.696807380877924    
     273       1       2    8.014943009123982        4.016619469264449        9.552250105226037    
     274       1       1    8.910334890293948        3.895737008010102        8.992467338015448    
     274       1       2    8.970901542976174        3.663050269046168        9.486267276560499    
     275       1       1    2.838105192327223        8.822480196917626        2.848408574301683    
     275       1       2    2.386909214611463        8.808683135486179        3.163161677785731    
     276       1       1    2.628438723056905        1.715371362747629        7.516117001114234    
     276       1       2    2.101679708845477        1.569520891803965        7.454089475779305    
     277       1       1    1.084060987517024        1.018138342279209        3.893836034716731    
     277       1       2   0.7571475167888301       0.6837832188067873        3.602853060206047    
     278       1       1    2.396874793909058        1.355341942896929        3.083293385940344    
     278       1       2    2.359266645450439        1.698097594549331        2.655292641709159    
     279       1       1    4.713093758813673        4.152989313789089        8.129478172916087    
     279       1       2    4.754846780857978        3.926038188803627        8.628763760970491    
     280       1       1    1.436089145111176        9.939732774033418        9.871730108728418    
     280       1       2    1.792593459088164        9.626875783740427        9.592690930288411    
     281       1       1    2.668832246363625        1.749971827707549        8.885933417051019    
     281       1       2    2.945254475693425        2.224338455069128        8.915070915162335    
     282       1       1    1.506923054662040        3.956554760971197        5.232741415720168    
     282       1       2    1.970240796263969        3.700528512252315        5.083794203483099    
     283       1       1    6.480951596890490        5.043408041105703        9.275156326792079    
     283       1       2    6.446691479118818        5.572337821216605        9.420506262143883    
     284       1       1    1.111485429415756        2.332592469002160        5.218633727684803    
     284       1       2   0.6120321059217956        2.487455780749162        5.048452136215693    
     285       1       1   0.2777221142560021        4.455531413492179        5.500822456123248    
     285       1       2   0.2599987865596853        3.932787791376001        5.670108434266235    
     286       1       1    8.736462715090857        7.451627966631630        9.406433204369508    
     286       1       2    8.622273937555992        7.853946514269687        9.049495676209032    
     287       1       1    1.424907360510557        1.921231462916199        3.371019719267324    
     287       1       2    1.448874445073961        1.637475023428641        2.900551988831758    
     288       1       1    5.874932208305734        4.220117907117603        9.048566783711108    
     288       1       2    5.379539141954841        4.422568526626227        9.176717621985754    
     289       1       1    3.051979078798099        4.487409021758463        6.348429453051817    
     289       1       2    3.064716295973682        5.036297596037186        6.316217127876325    
     290       1       1    1.129254518850710        1.244913708867700        5.066558524784365    
     290       1       2    1.153001222794701       0.7099631242501556        5.192027658986625    
     291       1       1    8.201369070797577        5.543754077539589       0.2836161990073527    
     291       1       2    7.811465741466443        5.225985309248511       0.6095447924561410E-01
     292       1       1   0.7387145381541731        3.324961324670419        5.984645664415996    
     292       1       2   0.7021263888860698        2.852996325791454        5.705233522235556    
     293       1       1   0.4762154370281133        2.114774584625346        4.233267562314887    
     293       1       2   0.5184856378301156        2.157977152455723        3.686230495359492    
     294       1       1    1.745669369479977        4.570175720286276        3.365171148332981    
     294       1       2    1.838255384673493        4.910247019492580        3.787085943582359    
     295       1       1    2.835091375358282        2.653734172364882        2.901158935516155    
     295       1       2    2.540576926393033        2.728852320538164        3.359632861642494    
     296       1       1    9.008777369968902        5.121485246950655        9.289014751214275    
     296       1       2    8.538857949281532        5.042303296790821        9.014818873405309    
     297       1       1    9.731789005824394        1.473570928131052        6.244473552366713    
     297       1       2    9.912305281644038        1.183534995874548        6.675117059453324    
     298       1       1    7.915516497179847        4.240595734137367        8.545612437086605    
     298       1       2    8.283175679227902        4.246136923789209        8.954728385009664    
     299       1       1   0.1468176203425555        5.424070551549693        7.591442630312162    
     299       1       2   0.2193186177204581        4.944531013913874        7.850182335913728    
     300       1       1    9.665921881276992        2.519171282973110        6.496305287056343    
     300       1       2    9.300318604888732        2.929823644714020        6.484863890065316    
     301       1       1    3.771391963119618        5.445879196733132        1.434022458868985    
     301       1       2    4.088892368089440        5.135970756133642        1.759265039911191    
     302       1       1    2.764293829289517        5.259728755018819        5.622269607319255    
     302       1       2    3.287902805775299        5.233477642910456        5.788342019526485    
     303       1       1    1.868437787119416        9.037931069621512        8.743129578632457    
     303       1       2    1.688217282387386        9.259233957396395        8.272611936749326    
     304       1       1    8.159477746620359        5.231030805362545        1.496878020588697    
     304       1       2    8.561944550550075        5.602069604471690        1.549662568801078    
     305       1       1    2.004021535446587       0.3306674778383423        3.961104865548243    
     305       1       2    1.997711799638874       0.7619785858838833        3.619979606222135    
     306       1       1    9.450958956905518        9.410785766061005       0.5232618118211080E-01
     306       1       2    9.200736552605681        9.111244374086549       0.4397480782849044    
     307       1       1   0.4811384843382540        8.556303696718036        1.963683869089887    
     307       1       2   0.8298453434537396        8.467262892512911        2.379535591353322    
     308       1       1    3.371809905976766        3.865231261229455        3.359925195372843    
     308       1       2    3.848566557475431        4.139490138989597        3.377484924869224    
     309       1       1    4.700240835918850        5.681205545013654        9.299507899267246    
     309       1       2    4.905947049808206        5.940510587481498        8.860300383581093    
     310       1       1    5.401174377314502        2.946208006086911        2.559723248941046    
     310       1       2    5.293004917254336        3.432278550600044        2.792475047222985    
     311       1       1    3.239608942429472       0.6969961261516350        8.303293999798459    
     311       1       2    2.965295699983946       0.4382888704335056        7.902342060599868    
     312       1       1    3.164527428651381        3.271977121261046        5.914448359353127    
     312       1       2    3.360598884490658        3.037815061156717        6.371215113708754    
     313       1       1    8.164377850418420        8.144264856211606       0.5802806373705077    
     313       1       2    8.060737314536398        7.632783674061704       0.7524885901742863    
     314       1       1    3.185085279808845        1.089767664505458        5.015374647215868    
     314       1       2    3.682989828874443        1.031519381458701        5.242327384991155    
     315       1       1    6.053040042004960        2.308754447363665        1.943431722890333    
     315       1       2    5.958402581138229        2.840521809608780        1.837569169828053    
     316       1       1    1.233856694962398        5.558202602279533       0.1683130671930093    
     316       1       2   0.7220246387312278        5.688157885380540       0.3207090536665190    
     317       1       1    8.779532859702639        9.559185668161566        9.133691849854952    
     317       1       2    9.073601533430013        9.460991863096716        8.679939129577317    
     318       1       1    9.741062433586746        5.429058156448144        2.336537866344087    
     318       1       2    9.996697292261583        5.894501242228393        2.482898928538710    
     319       1       1    4.193208095655311        4.524027325096142        1.099689915099839    
     319       1       2    4.548569762806806        4.732142340690531       0.7345622559180010    
     320       1       1    1.964139837763673        6.715422525447278       0.8247291793900977    
     320       1       2    1.434684743262324        6.579569128718125       0.7626349165382260    
     321       1       1    3.760636130923066        5.694408702590875        2.731215146804287    
     321       1       2    3.638747936787888        5.346914348722846        2.323356822222371    
     322       1       1    4.820505185703930        3.139225869709235        7.940118866106536    
     322       1       2    4.451128437919799        3.080479831647351        7.536324193290417    
     323       1       1    6.749271834577616        3.778155833882527        8.631032756275191    
     323       1       2    7.241427915004063        3.811967741295954        8.387500715419440    
     324       1       1    2.129513055122494       0.9848621334567397        1.717759707476024    
     324       1       2    1.922259273643622       0.4983680414669625        1.567733128303430    
     325       1       1    6.014319836882981        3.730631916373822        7.770300243927299    
     325       1       2    6.336103198390391        4.096240729696444        7.513929261825107    
     326       1       1    1.959238209464961        4.486865205280442        8.759770315766074    
     326       1       2    1.789616034704210        4.341192769451139        9.262972225977405    
     327       1       1    3.701779674639313        4.147942985290663       0.2113350119922938    
     327       1       2    4.230391765547821        4.128833516379303       0.3629020128131469    
     328       1       1    3.875683335713286        6.002744224561640        9.866532640381536    
     328       1       2    3.967582576922563        5.811245667062575        9.359354248759136    
     329       1       1    5.729155186009182        5.778461281034311        9.219184941521831    
     329       1       2    5.596359077694885        6.176680934294154        8.863820895245592    
     330       1       1    4.373187825698047        4.803779587025297        9.693617132908175    
     330       1       2    4.683417055894798        4.595544384685770        9.289141882232077    
     331       1       1    3.203522335871835        5.305690567204068       0.3841076888746791    
     331       1       2    3.280446650285557        4.927712418497896       0.7761695117601282    
     332       1       1    3.194256156543846        2.112696590898417        3.919194567564596    
     332       1       2    3.222250817362768        1.737845091274141        3.517145977489602    
     333       1       1    3.616977876657206        7.742445917910692        2.409233314149267    
     333       1       2    3.343751751297754        7.866284143759807        2.870237494867696    
     334       1       1    3.130784445917953        8.175005983790019       0.6222626554066366    
     334       1       2    2.780374454803768        8.478551761902430       0.3255937230817667    
     335       1       1   0.7990495049411126       0.9526103239051739        6.009501249254403    
     335       1       2   0.5255994487054740       0.5609098060636529        6.282098108127858    
     336       1       1    3.083443349013566        1.591641765021198        6.124081728717306    
     336       1       2    3.535367105338071        1.643329389522133        6.433080231833816    
     337       1       1    3.010299377992005        6.250836062527942        1.708897867547119    
     337       1       2    2.815998318848840        6.356712788144551        2.212310207854538    
     338       1       1    9.737900273139777        2.051162601002805        8.287360190457814    
     338       1       2    9.747748578643055        1.506839475263311        8.368327852213154    
     339       1       1    3.305586108887116       0.3452120188220211        1.026507298750709    
     339       1       2    3.820650486557824       0.3987639019345611       0.8415001376594982    
     340       1       1    3.603477582145603        9.549650359653635        2.530837181124783    
     340       1       2    3.515037802287570        9.786992626120178        3.018685021782938    
     341       1       1   0.6293048763956086        7.449359997808783       0.5906695807370138    
     341       1       2   0.6449091688721998        7.454444719637082        1.140477931176759    
     342       1       1    3.181722585669031        1.034420372853421        9.682327482267707    
     342       1       2    3.112509048764878        1.075962886885787       0.2263898126512158    
     343       1       1    4.287413706059219       0.2383131815028363        1.395562212397778    
     343       1       2    4.296508197029997       0.2487348164772189        1.944900274363547    
     344       1       1    3.839023264810364       0.2069766463400694        3.405187983493354    
     344       1       2    4.068612179361883       0.6471207934482514        3.168092528335089    
     345       1       1    3.145327040330772        5.340993279309064        9.049644907146243    
     345       1       2    2.823705678540608        5.664730688549592        9.357524632146040    
     346       1       1   0.4185228508950230        6.323760141820490        6.650593758498017    
     346       1       2   0.6095838177877992        6.609148258279122        7.080809361982671    
     347       1       1    2.786305399119512        9.609854546569945        3.616639610671297    
     347       1       2    2.673925138761163        9.786872227223125        4.124886109768791    
     348       1       1   0.7053846057897236        5.205052903363241        3.187980375371572    
     348       1       2   0.4276548889441734        4.749172412856835        3.319658030690775    
     349       1       1    4.318704852742264        8.694149389204020        2.515795030315106    
     349       1       2    4.439412262026716        8.976108458779628        2.972501718686467    
     350       1       1   0.3188105858752875        9.454160368222981        2.413174062994387    
     350       1       2   0.1009831902506506        9.621656523086880        1.936763652024533    
     351       1       1    3.533269674821809        7.100684775750814        6.228832110594724    
     351       1       2    3.007850942342522        6.939777188959256        6.192768705232751    
     352       1       1   0.5004590489749891E-01    1.063061218145518        3.894619732131791    
     352       1       2    9.899447350669142       0.9113461546993756        3.387891766802145    
     353       1       1    8.885758121080094        2.844290938783328        8.609363229382133    
     353       1       2    9.397429811096611        2.659095460398121        8.529580196846517    
     354       1       1   0.9174016890987783        6.208134859613133        2.375335267942674    
     354       1       2    1.093879247807364        6.662916845881341        2.630226289409559    
     355       1       1    8.450183459109484        4.296526459404679        2.233393608704095    
     355       1       2    8.351853029123225        4.675185963291997        2.620005966578650    
     356       1       1    9.121703816482560        9.980047499090624        1.828992881599429    
     356       1       2    8.730371457887347        9.678381089160341        2.070502670418332    
     357       1       1   0.3165983969677156        9.939974291201487        4.037865163471259    
     357       1       2   0.2248894839237786        9.968568626078191        4.578918142339256    
     358       1       1    9.214768021483623        2.685480435333124        7.378036884720625    
     358       1       2    9.474111359789461        2.205207825494798        7.445862113966539    
     359       1       1    9.961639591583934        9.240938824174858        7.253588164676190    
     359       1       2   0.6343342917442604E-01    9.506395905202751        7.724950279420379    
     360       1       1    1.063542275263526        9.819106027915124        8.382174326218445    
     360       1       2   0.6142581922605026       0.1359893346273637        8.380489853768552    
     361       1       1   0.2190202815857794        5.929483335268596        4.634067649645354    
     361       1       2   0.6898554646690926        5.768785487324014        4.400219656127676    
     362       1       1    9.987603776453549        1.345842025413346        5.074262727736208    
     362       1       2    9.944781177837251        1.285327031698410        5.619712863897885    
     363       1       1    1.422716084595612        2.990812215607921        4.035779518262673    
     363       1       2   0.8859676757135617        2.944446471955059        4.148432230484185    
     364       1       1   0.2807932065070156        4.419571711035343        7.659805192091440    
     364       1       2   0.9823176555360867E-01    3.901036079000954        7.688156718383248    
     365       1       1   0.1446815964610230        4.676053984527684        4.064083694823108    
     365       1       2   0.1428876438258098        5.138396996954874        3.765340642938964    
     366       1       1   0.7026245112203048        6.473689405770172        3.704167040027411    
     366       1       2   0.6466409181263089        6.208788495730607        3.226405194477407    
     367       1       1   0.2364935925275315        3.521448843013181        4.650504366874625    
     367       1       2    9.988631551348440        3.592812841375714        5.136121132798968    
     368       1       1    8.008388965774000        3.290070891356012        7.786526293591857    
     368       1       2    8.376291728791111        3.246015975564909        7.380252031023341    
     369       1       1   0.6999063402527361        7.305093096714550        4.402156609980643    
     369       1       2   0.4093935257172010        7.485537278751283        3.971386125422414    
     370       1       1   0.8681778716612286        8.186157833813501        3.929590890767138    
     370       1       2    1.354209923945417        8.152921886537479        4.185629730788263    
     371       1       1   0.6053667793963504        7.131017729643029        2.017046845566119    
     371       1       2   0.7157114074617659        6.764431058741351        1.621666082993369    
     372       1       1    9.736824867178299        6.751091227768933        5.315177795663105    
     372       1       2   0.2222208626595681        6.700060428838690        5.568753540227000    
     373       1       1   0.3849483750650077        5.674187128798432        5.659943743423339    
     373       1       2   0.6787082297060003        5.572629209834444        6.114123012583969    
     374       1       1    4.992288278819697        7.774745490676650        1.631491757231262    
     374       1       2    5.348965552448724        7.370245646542250        1.736871261230293    
     375       1       1    9.837123222330534        6.286254196922997        2.875366824429173    
     375       1       2    9.746978139336939        6.620681550137737        3.301506760756092    
     376       1       1    7.765976929295196        5.344362296265761        9.170059767173363    
     376       1       2    8.279997416169895        5.214632544601089        9.314616925063911    
     377       1       1   0.2621141029111391        4.115763308783940        6.489339233801983    
     377       1       2   0.4754240640676275        4.008446409641941        5.994116098004361    
     378       1       1    1.292957202938061        8.113586279226716        5.029987496621692    
     378       1       2   0.8633895135181242        7.809732045969918        5.188378930826990    
     379       1       1    9.457525325470581        6.764072617444385        3.831782932186126    
     379       1       2    9.674235828554508        6.386611020731495        4.167638438495081    
     380       1       1    3.949145148482532       0.2831607913404419E-02    7.668884878080351    
     380       1       2    3.865065927846140       0.3995487617655937        8.040458818371368    
     381       1       1    1.990256112195882        3.390485847943063        7.911357566291620    
     381       1       2    1.748072331300060        2.949913043240548        7.690437544730850    
     382       1       1   0.5134094397547606        8.636368997786516        2.974185140145702    
     382       1       2    1.020835204312324        8.831222274294328        2.891778135860153    
     383       1       1    9.397590438183423        5.483221102617818        3.468712728049809    
     383       1       2    9.643505507352652        4.996418914430349        3.398193480548439    
     384       1       1    8.722627176447052        5.946478511690791        2.011226799344914    
     384       1       2    8.661988957597565        5.838012634623690        1.475520055068161    
     385       1       1   0.1827351647080551        9.220202610661316        6.245388294730939    
     385       1       2    9.763803997854788        9.291672388135765        5.896730409406150    
     386       1       1   0.6698226499220246E-01    2.349948054365213        5.435416488800530    
     386       1       2    9.851178685476409        1.975539682858933        5.095582990345534    
     387       1       1    9.723237672680400        7.797206451764947        4.103821412662937    
     387       1       2    9.489016641120784        7.883254963023073        3.613462319205405    
     388       1       1    3.575641057856700        3.089013462971183        3.983143112306114    
     388       1       2    3.040375730094944        2.975306267328791        4.041318743627828    
     389       1       1    2.021738299766017        5.845456964583457        2.626506758851271    
     389       1       2    1.749907505385247        6.104302141351867        2.225195364817508    
     390       1       1    9.910847670072284        4.827051391556946        8.502787849911931    
     390       1       2    9.633191544687813        5.301219628948049        8.519193939956143    
     391       1       1   0.9121893183113165E-01    9.022108787908683        4.592432021312194    
     391       1       2    9.833406836693946        9.312916621679427        4.203751897463520    
     392       1       1   0.4491677885431773        2.110663005430826        7.485331604768983    
     392       1       2   0.5255056567522950        2.110167312615774        8.029959450824103    
     393       1       1    1.513639111282478        3.212248359567332        6.691343755688824    
     393       1       2    1.613754478434225        3.563231275105395        6.279437681954413    
     394       1       1    9.764816849875064        7.195192144865969        6.254156965715872    
     394       1       2    9.530466229258650        6.767175271011245        6.508636924909436    
     395       1       1    8.353497544625142        6.100453501483295        8.429584819279485    
     395       1       2    8.830960230869527        6.281539476719968        8.226248240982894    
     396       1       1   0.5901596341539326       0.2254506023459538        5.274510008355072    
     396       1       2   0.6594149015031797        9.681478293479952        5.235073837370720    
     397       1       1    2.302567938491952        6.203434924244225        4.417310989907194    
     397       1       2    2.098614095598487        5.902030801339726        4.829113154020378    
     398       1       1   0.1645307360976710        7.947529552317754        5.109223767223408    
     398       1       2    9.875750810566300        8.184606099306709        4.705718137039359    
     399       1       1    2.763639324458238       0.9922533953239243        4.085541651127757    
     399       1       2    3.175196796256770       0.8045446312270875        4.398020840416557    
     400       1       1    2.693176777894570        5.053861526283848        3.423685986124321    
     400       1       2    2.963600314135817        4.722286460688508        3.769419457639536    
     401       1       1    5.567171738759426        9.749406377617207        8.764063390516379    
     401       1       2    5.222360001650718       0.1639899254474382        8.871133979854816    
     402       1       1    9.525343493671286        8.390136727302457        7.692537388032160    
     402       1       2    9.907641630655293        8.780060522291757        7.760993767417332    
     403       1       1    7.196625925658608        8.465965258689357        8.631576560143657    
     403       1       2    6.721711868300214        8.300871781167661        8.408666803331235    
     404       1       1    3.756487058024455        4.818369115842333        7.315323573900960    
     404       1       2    3.588677145994754        5.329425841262222        7.200969802909241    
     405       1       1    2.969509066569719        5.818109853753806        7.937505183519225    
     405       1       2    3.326253457430967        6.027139435110326        8.300686552233165    
     406       1       1    8.153138101397603        9.153260285785446        1.224512023390665    
     406       1       2    8.655867590296154        8.956854410444169        1.120133462146977    
     407       1       1    9.400959251218650        2.620419740436203        2.414563421472998    
     407       1       2    8.907529212976353        2.450150676892229        2.241291319739764    
     408       1       1    6.755763784431256        6.808802705471563        8.641067209874558    
     408       1       2    6.616775541138746        6.948621486517426        8.127626897304244    
     409       1       1    2.238472333200289        6.516472570668779        3.469402996495726    
     409       1       2    1.772643639277007        6.602668807429119        3.748798441277981    
     410       1       1    3.472887448799273        5.863432144724975        3.790193080926245    
     410       1       2    3.844315958872456        6.241131409565849        3.643253575797254    
     411       1       1    3.952887143389161        4.654080136421269        3.636673026964417    
     411       1       2    3.894751083699929        4.519329706307075        3.106625389457335    
     412       1       1    8.792744318481429        3.896829567961897        7.944625940742784    
     412       1       2    9.109626331699461        3.568894446203643        8.251754177203683    
     413       1       1    4.348392455172902        6.475974027787784        3.046815596055519    
     413       1       2    4.119524990002892        6.160240720342754        3.434392130396509    
     414       1       1    3.377635156006754        3.255525728588178        6.928115637923578    
     414       1       2    3.474106794608999        2.735490016969981        7.080157456056392    
     415       1       1    9.582511115512915        3.551181208651572        3.315731325733675    
     415       1       2    9.152634503698790        3.855092085992120        3.474668682872468    
     416       1       1    2.905398781267904        5.873203340314110        6.594009097004172    
     416       1       2    3.293046695029342        5.959244095882417        6.213358224339853    
     417       1       1    1.857739604840313        7.853000462775348       0.2809295882277766E-01
     417       1       2    2.100413712321902        7.548831310027723        9.639725648978720    
     418       1       1    2.079285150010755        7.505871949564696        4.224103591716404    
     418       1       2    1.973069055020098        7.698040060046439        4.728160102927308    
     419       1       1    3.165215703667348        6.646854182375879        7.259972518535301    
     419       1       2    3.634923070329565        6.923379523366902        7.186510260388453    
     420       1       1    5.526640346246968        7.332299687728567        8.574283076346328    
     420       1       2    5.019728773818516        7.232473224050549        8.762203009393678    
     421       1       1    9.667246076407979       0.5632781276131560        7.282559215147054    
     421       1       2    9.397884563001782       0.7197258214719037        6.829511864203359    
     422       1       1    7.941084598736354        1.417683908050928        9.197255507729510    
     422       1       2    8.396671286300270        1.708572655646616        9.097535260987000    
     423       1       1    9.372840504081550        6.203652950266523        6.621098723300897    
     423       1       2    8.833311323433644        6.291056621424056        6.560299087098509    
     424       1       1    6.030009059773570        7.792753156486030       0.2058470019390337    
     424       1       2    5.508060806484788        7.860994604138750       0.3648456212010353    
     425       1       1    3.678809939584478        7.672923856069461        7.277693414231696    
     425       1       2    3.296868099952765        7.947686727822783        7.562011753290360    
     426       1       1    5.494863839331628        8.340699078645240        8.630736448764248    
     426       1       2    5.504619189785980        8.791824747895452        8.945185874841078    
     427       1       1    9.164601321014308        9.831182145370496        6.665051233911611    
     427       1       2    9.173229908872589        9.562494348410423        6.185319724571062    
     428       1       1    9.562800272907968        2.977137636375023        9.441646875625464    
     428       1       2    9.108138173266401        2.874664829710549        9.733522885022731    
     429       1       1    9.385400787643245        6.829167391217310        2.137818061696308    
     429       1       2    8.876167596619645        6.892211655552513        2.336260592337480    
     430       1       1    6.306513117617284        4.369222805227887       0.2684518007669993    
     430       1       2    6.202475764472597        3.846349000022093       0.4031612963359295    
     431       1       1    8.215644858789238        8.324710480070975        8.409046828521863    
     431       1       2    7.730978797140025        8.066844356193831        8.373321054703238    
     432       1       1    9.722832536065393       0.3284372277722039        5.824168401930609    
     432       1       2   0.2004989882171678       0.1110279694835783        5.659121635915534    
     433       1       1    4.871077325038425        1.825928056696365        3.043726329760939    
     433       1       2    4.391445084280675        1.623772734522270        2.866204856110148    
     434       1       1    9.081035948079204        5.995828845495249        4.531203975774033    
     434       1       2    8.969963270944186        6.088265136169751        4.000594772286986    
     435       1       1    4.785782820912784        7.375384382389290        3.040621683006600    
     435       1       2    4.996939718599337        7.877821752693263        2.967567670812925    
     436       1       1    7.726567409251726        7.403516449117761        8.690694217140683    
     436       1       2    7.782196254389913        7.448118693436915        9.235970273105119    
     437       1       1    7.765719130545070        9.713015020126411        9.029126606390857    
     437       1       2    8.191729387212341        9.374267431160202        8.953986477396294    
     438       1       1    6.804886207820738        1.052158884680083        2.121026097609386    
     438       1       2    6.506222987556560        1.273502775541403        1.715353473604429    
     439       1       1    7.076250814416824       0.7993970432332620        8.281803806970986    
     439       1       2    7.282268585192444       0.3269155637401850        8.090334077785640    
     440       1       1    2.328260637710342        2.464786989498134        6.655772656458793    
     440       1       2    2.574937390792253        2.938769449364848        6.785776937332593    
     441       1       1    5.923568127457193       0.8286769433463258        8.153813451563847    
     441       1       2    6.404391663940329        1.030579120616518        8.328324607067598    
     442       1       1    8.839529669180871        7.396145686135377        3.024327128795006    
     442       1       2    9.282494937304891        7.082580256847950        3.114498925186822    
     443       1       1    4.265850491583230       0.8870405014842492        5.555976205435286    
     443       1       2    4.158391930965366       0.7129514779676992        5.044901255304019    
     444       1       1    2.842076169017661       0.2689015966656265E-01    4.767838214611498    
     444       1       2    2.794090541457301        9.737089849866360        4.303020091555859    
     445       1       1    8.328014670258121        6.025580840037074        3.297519784951521    
     445       1       2    8.771583797984558        5.898158584440488        2.998357662373022    
     446       1       1    3.547743710602142        5.303183801428284        4.758841611200520    
     446       1       2    3.917632617721982        5.664675258540985        4.573374767600735    
     447       1       1    3.804044139897566        8.946063540086108        5.235008905055924    
     447       1       2    3.682222202214836        8.981219668931205        4.699947322319853    
     448       1       1    3.964064670277749        1.236118471985927        4.194318196067251    
     448       1       2    4.352998578419483        1.598830906594435        4.053454556504419    
     449       1       1    3.247568561478406        7.675998970199948        3.584265152156286    
     449       1       2    3.362634962807840        8.112497184286838        3.898226550926390    
     450       1       1    2.940909011665771        8.716396679371153        4.124170043059468    
     450       1       2    3.185250883882643        8.679274926055728        3.632996366507142    
     451       1       1    9.175707881272478       0.1981534717357051        4.681585272284283    
     451       1       2    9.432764670995482       0.5398215722668858        4.335381320819774    
     452       1       1    4.173128847691866        8.072009186828419        8.089587988602513    
     452       1       2    3.922753164323122        7.592830732566940        8.189924728460802    
     453       1       1    4.568392159570219        5.516052664287428        3.592800646881653    
     453       1       2    4.274436715789704        5.101573049531381        3.381923179862532    
     454       1       1    9.433124617740294        2.887544877851230        4.732104439404621    
     454       1       2    9.368539356694177        2.900484026298169        5.278240368561126    
     455       1       1    8.761751781845513        4.434825873463987        3.291403078094277    
     455       1       2    9.140000606891739        4.635063398770451        2.945316172890066    
     456       1       1    3.655196141818520        9.334227273924387        8.812422075613918    
     456       1       2    3.849069588517742        8.978709921918671        9.184259775777074    
     457       1       1    4.585239741783183        5.243091126128927        5.157135296132533    
     457       1       2    4.223181080226591        5.620945359269284        4.988294722495930    
     458       1       1    6.449403928682496        7.775149009270644        7.987427047379153    
     458       1       2    6.382165745518137        7.662591629051158        8.521745645555363    
     459       1       1    6.068067687886417        4.763665564014004        7.955242241373598    
     459       1       2    5.859033418405046        4.268760822944108        8.074150110254868    
     460       1       1    7.804991076126270        1.037264592926956        2.034224895174965    
     460       1       2    7.689754892273975       0.5018101441028261        1.983905463851215    
     461       1       1    4.923601066597808        7.336109343280212        7.724383500368254    
     461       1       2    5.204752106210898        6.935363187803454        7.472788591956709    
     462       1       1    3.887710681383071       0.1771216341474939        4.575018179223046    
     462       1       2    4.063257495778051       0.3250499822405720        4.074931163149830    
     463       1       1    2.752433831494513        9.866659361224720        9.454192123639432    
     463       1       2    3.249536583472580        9.988984344067612        9.252473105246832    
     464       1       1    8.977573454371710        5.277823828291996        7.690082850754847    
     464       1       2    8.777506934850376        4.765659796731629        7.695451999535385    
     465       1       1    8.396489072373772        2.063451749585491        7.647997951591599    
     465       1       2    8.878119068596689        1.855825773657657        7.813668983644471    
     466       1       1    9.369315509351491        5.475125094794620        5.759450096605226    
     466       1       2    9.420648765587458        5.891973823290131        5.404563126022310    
     467       1       1    4.596554547224845        3.625835699703142        6.995448191987387    
     467       1       2    4.346053856898948        4.109868407506575        6.922616403211069    
     468       1       1    6.221648070892640        6.809700394584390       0.9580993159744069    
     468       1       2    6.716348634718356        6.572074608006997       0.9243666414646116    
     469       1       1    4.814521719604035        3.687010742556019        3.545826762931509    
     469       1       2    5.220336580477726        3.823006818565477        3.891286248265513    
     470       1       1    6.550517110911325        9.264890646852823        1.828528774270069    
     470       1       2    6.444354461158761        8.905755295617489        1.425493052820105    
     471       1       1    9.028502012793012        1.434727594065037        7.113649292258434    
     471       1       2    9.554769365709449        1.547159348632445        7.227688340140232    
     472       1       1    7.168529065170627        4.522522061444959        7.726405321618510    
     472       1       2    6.634987166911490        4.585116542632229        7.609112093934367    
     473       1       1    5.928035760140732        6.443500055378039        8.026216312035103    
     473       1       2    5.849977052523593        6.960300679556870        8.198748451525253    
     474       1       1    9.613949087775202        3.597877799454562        5.928142912600167    
     474       1       2    9.561612140392356        3.263863780553664        5.494520917376327    
     475       1       1    4.982621859787817        4.080004077191385        4.728084352077288    
     475       1       2    5.459580915985667        3.968779699499898        4.979246814761376    
     476       1       1    8.304881457105278        2.464518283321441        6.373777035442133    
     476       1       2    8.097983506491893        1.962796370630119        6.462099829685352    
     477       1       1    8.844888657974368        1.929694952021658        5.668948706610468    
     477       1       2    8.837214118539173        1.386921338550761        5.756587930122748    
     478       1       1    6.986514580180791        2.268849721588460        8.453092958021246    
     478       1       2    6.709079849137084        1.832634795712703        8.640894444855222    
     479       1       1    4.252649441881962        3.697000546247017        5.592423903284696    
     479       1       2    4.763292394915717        3.890784507513440        5.529699689079368    
     480       1       1    8.328456835004948       0.5761435029226741        7.579120117540844    
     480       1       2    8.553774174648673       0.7511085082252460E-01    7.607431044899901    
     481       1       1    1.459796571383428        7.995188838482468        2.672989399320755    
     481       1       2    1.327970749935067        8.147722314500379        2.160838173961589    
     482       1       1    4.267844455074504        9.299463854233490        3.756604998834139    
     482       1       2    4.613045545013486        9.246069842128520        3.331549957162617    
     483       1       1    9.054722866801589        9.513639669925048        7.731327814402182    
     483       1       2    9.031413907042511        9.901802440259825        7.342587654724062    
     484       1       1    9.383513658125961        1.738123702577159        3.551488127981811    
     484       1       2    9.897044051341267        1.787307708828521        3.361461169504818    
     485       1       1    8.996156201496605        9.524489335692406        5.442562075652971    
     485       1       2    9.493221081809491        9.499041291880051        5.208832848346536    
     486       1       1    6.823798150260450        2.958262448921440        2.339161062498341    
     486       1       2    6.793836755094501        2.651566916524031        2.794554181397619    
     487       1       1    4.191209108080122        5.536734992272501        6.114598739191345    
     487       1       2    4.556209286013553        5.204174757824632        6.356489450460160    
     488       1       1    7.340550288634584        7.949880956048079        7.543278240908423    
     488       1       2    7.304319959436341        8.497935916019893        7.567066899367763    
     489       1       1    5.769758459966683        6.745557478099038        2.284896010154834    
     489       1       2    5.254321410953397        6.826246898966659        2.109966396528933    
     490       1       1    5.610676081622398        4.119184415249671        2.573473694431538    
     490       1       2    5.198494273768632        4.464029266591840        2.689797284678832    
     491       1       1    8.534875702882173        3.648724794899769        6.559874814211703    
     491       1       2    8.004979992395176        3.554618525870514        6.672511849694994    
     492       1       1    6.208170303240132        7.914802267385220        1.635197241692534    
     492       1       2    6.211814622157890        7.770827928052995        1.104138658872869    
     493       1       1    6.190962559629874        2.476680014442397        7.759509246831496    
     493       1       2    6.563014305151390        2.081729637049782        7.850924824742371    
     494       1       1    6.029683017676834        1.067394517883583        2.890577585350505    
     494       1       2    6.345359286663279       0.6358606050055715        2.762633256012295    
     495       1       1    7.338049517634300        5.164445656226302        2.166629572838399    
     495       1       2    7.628628697634556        4.698264943715100        2.183469101234671    
     496       1       1    7.056335003558568        3.547212087328164        7.234394130154461    
     496       1       2    6.668765978739397        3.640902441676974        7.613396469675169    
     497       1       1    9.335926093759033        8.339738495208035        5.972854409996295    
     497       1       2    9.484136465201775        7.842022994716831        5.792973191823646    
