      1000     370       1      14       0    14759.11       -3.504661    
      2000     369       1      14       0    14719.22       -3.476033    
      3000     344       1      14       1    13721.99       -3.434997    
      4000     358       1      14       1    14280.44       -3.459147    
      5000     383       1      14       1    15277.68       -3.501749    
      6000     346       1      14       2    13801.76       -3.396532    
      7000     385       1      14       2    15357.45       -3.573594    
      8000     370       1      14       2    14759.11       -3.560609    
      9000     383       1      14       3    15277.68       -3.504470    
     10000     368       1      14       3    14679.33       -3.402590    
     11000     358       1      14       3    14280.44       -3.517586    
     12000     364       1      14       4    14519.78       -3.360589    
     13000     371       1      14       4    14799.00       -3.582688    
     14000     358       1      14       4    14280.44       -3.462998    
     15000     382       1      14       5    15237.79       -3.382064    
     16000     378       1      14       5    15078.23       -3.377317    
     17000     373       1      14       5    14878.78       -3.487223    
     18000     368       1      15       6    14679.33       -3.426689    
     19000     381       1      15       6    15197.90       -3.491286    
     20000     389       1      15       6    15517.01       -3.595670    
     21000     400       1      15       7    15955.80       -3.542566    
     22000     384       1      15       7    15317.56       -3.483023    
     23000     378       1      15       7    15078.23       -3.452798    
     24000     388       1      15       8    15477.12       -3.429580    
     25000     383       1      15       8    15277.68       -3.596950    
     26000     414       1      15       8    16514.25       -3.429097    
     27000     373       1      15       9    14878.78       -3.653269    
     28000     406       1      15       9    16195.13       -3.468943    
     29000     395       1      15       9    15756.35       -3.416803    
     30000     398       1      15      10    15876.02       -3.605090    
     31000     405       1      15      10    16155.24       -3.431363    
     32000     391       1      15      10    15596.79       -3.518109    
     33000     401       1      15      11    15995.69       -3.363895    
     34000     369       1      15      11    14719.22       -3.526819    
     35000     367       1      15      12    14639.44       -3.514656    
     36000     370       1      15      12    14759.11       -3.367949    
     37000     369       1      15      12    14719.22       -3.443688    
     38000     388       1      15      13    15477.12       -3.538105    
     39000     403       1      15      13    16075.47       -3.577518    
     40000     415       1      15      13    16554.14       -3.569127    
     41000     411       1      15      14    16394.58       -3.607675    
     42000     394       1      15      14    15716.46       -3.433338    
     43000     375       1      15      14    14958.56       -3.455315    
     44000     377       1      15      15    15038.34       -3.456598    
     45000     409       1      15      15    16314.80       -3.681300    
     46000     393       1      15      15    15676.57       -3.591878    
     47000     401       1      15      16    15995.69       -3.482883    
     48000     389       1      15      16    15517.01       -3.704692    
     49000     398       1      15      17    15876.02       -3.531641    
     50000     413       1      15      17    16474.36       -3.527917    
     51000     371       1      15      17    14799.00       -3.456397    
     52000     375       1      15      18    14958.56       -3.464139    
     53000     392       1      15      18    15636.68       -3.604015    
     54000     369       1      15      18    14719.22       -3.521315    
     55000     406       1      15      19    16195.13       -3.497363    
     56000     396       1      15      19    15796.24       -3.433073    
     57000     407       1      15      19    16235.02       -3.555742    
     58000     389       1      14      20    15517.01       -3.458108    
     59000     391       1      14      20    15596.79       -3.499698    
     60000     375       1      14      20    14958.56       -3.554406    
     61000     377       1      14      21    15038.34       -3.358839    
     62000     359       1      14      21    14320.33       -3.409245    
     63000     372       1      14      22    14838.89       -3.386279    
     64000     346       1      14      22    13801.76       -3.406353    
     65000     358       1      14      22    14280.44       -3.438315    
     66000     374       1      14      23    14918.67       -3.534684    
     67000     367       1      14      23    14639.44       -3.576394    
     68000     362       1      14      23    14440.00       -3.328740    
     69000     373       1      14      24    14878.78       -3.367964    
     70000     364       1      14      24    14519.78       -3.469122    
     71000     380       1      14      24    15158.01       -3.434640    
     72000     387       1      14      25    15437.23       -3.505453    
     73000     347       1      14      25    13841.65       -3.466752    
     74000     372       1      14      25    14838.89       -3.402242    
     75000     350       1      14      26    13961.32       -3.406332    
     76000     385       1      14      26    15357.45       -3.523310    
     77000     359       1      14      27    14320.33       -3.318334    
     78000     349       1      14      27    13921.43       -3.344710    
     79000     377       1      14      27    15038.34       -3.535073    
     80000     392       1      15      28    15636.68       -3.434960    
     81000     412       1      15      28    16434.47       -3.603158    
     82000     371       1      15      29    14799.00       -3.434171    
     83000     398       1      15      29    15876.02       -3.374914    
     84000     396       1      15      29    15796.24       -3.441389    
     85000     390       1      15      30    15556.90       -3.559655    
     86000     379       1      15      30    15118.12       -3.478874    
     87000     414       1      15      30    16514.25       -3.585523    
     88000     407       1      15      31    16235.02       -3.663089    
     89000     406       1      15      31    16195.13       -3.489182    
     90000     394       1      15      32    15716.46       -3.429566    
     91000     377       1      15      32    15038.34       -3.462698    
     92000     383       1      15      32    15277.68       -3.456242    
     93000     415       1      15      33    16554.14       -3.678420    
     94000     367       1      15      33    14639.44       -3.512702    
     95000     367       1      15      33    14639.44       -3.563786    
     96000     372       1      15      34    14838.89       -3.527441    
     97000     392       1      15      34    15636.68       -3.349256    
     98000     377       1      15      35    15038.34       -3.424292    
     99000     414       1      15      35    16514.25       -3.486945    
    100000     378       1      15      35    15078.23       -3.406335    
    101000     398       1      15      36    15876.02       -3.529707    
    102000     400       1      15      36    15955.80       -3.390037    
    103000     379       1      15      37    15118.12       -3.372058    
    104000     381       1      15      37    15197.90       -3.459782    
    105000     382       1      15      37    15237.79       -3.466517    
    106000     405       1      15      38    16155.24       -3.439394    
    107000     375       1      15      38    14958.56       -3.438739    
    108000     377       1      15      39    15038.34       -3.431298    
    109000     386       1      15      39    15397.34       -3.464223    
    110000     375       1      15      39    14958.56       -3.346391    
    111000     397       1      15      40    15836.13       -3.433034    
    112000     414       1      15      40    16514.25       -3.560637    
    113000     407       1      15      41    16235.02       -3.643878    
    114000     382       1      15      41    15237.79       -3.472894    
    115000     407       1      15      41    16235.02       -3.509420    
    116000     415       1      15      42    16554.14       -3.644253    
    117000     388       1      15      42    15477.12       -3.556604    
    118000     409       1      15      43    16314.80       -3.629276    
    119000     404       1      15      43    16115.35       -3.694322    
    120000     397       1      15      43    15836.13       -3.552012    
    121000     387       1      15      44    15437.23       -3.360947    
    122000     415       1      15      44    16554.14       -3.509106    
    123000     375       1      15      44    14958.56       -3.461149    
    124000     406       1      15      45    16195.13       -3.421295    
    125000     405       1      15      45    16155.24       -3.525115    
    126000     415       1      15      46    16554.14       -3.521555    
    127000     406       1      15      46    16195.13       -3.389954    
    128000     368       1      15      46    14679.33       -3.509905    
    129000     393       1      15      47    15676.57       -3.467463    
    130000     409       1      15      47    16314.80       -3.491121    
    131000     374       1      15      47    14918.67       -3.635122    
    132000     389       1      15      48    15517.01       -3.650848    
    133000     414       1      15      48    16514.25       -3.478737    
    134000     402       1      15      49    16035.58       -3.483019    
    135000     388       1      15      49    15477.12       -3.537642    
    136000     382       1      15      49    15237.79       -3.424971    
    137000     392       1      15      50    15636.68       -3.381111    
    138000     393       1      15      50    15676.57       -3.413583    
    139000     407       1      15      51    16235.02       -3.665881    
    140000     395       1      15      51    15756.35       -3.581705    
    141000     389       1      15      51    15517.01       -3.476357    
    142000     404       1      15      52    16115.35       -3.468579    
    143000     391       1      15      52    15596.79       -3.457281    
    144000     406       1      15      53    16195.13       -3.591831    
    145000     386       1      15      53    15397.34       -3.436837    
    146000     378       1      15      53    15078.23       -3.487316    
    147000     403       1      15      54    16075.47       -3.488381    
    148000     369       1      15      54    14719.22       -3.503883    
    149000     412       1      15      54    16434.47       -3.504067    
    150000     375       1      15      55    14958.56       -3.527264    
    151000     377       1      15      55    15038.34       -3.439077    
    152000     381       1      15      55    15197.90       -3.379131    
    153000     415       1      16      56    16554.14       -3.490495    
    154000     403       1      16      56    16075.47       -3.543698    
    155000     403       1      16      57    16075.47       -3.417442    
    156000     392       1      16      57    15636.68       -3.513604    
    157000     394       1      16      57    15716.46       -3.474031    
    158000     392       1      16      58    15636.68       -3.549003    
    159000     437       1      16      58    17431.71       -3.805693    
    160000     396       1      16      58    15796.24       -3.633256    
    161000     402       1      16      59    16035.58       -3.567967    
    162000     420       1      16      59    16753.59       -3.672046    
    163000     424       1      16      60    16913.14       -3.556791    
    164000     434       1      16      60    17312.04       -3.546919    
    165000     437       1      16      61    17431.71       -3.709178    
    166000     421       1      16      61    16793.48       -3.482182    
    167000     392       1      16      61    15636.68       -3.517908    
    168000     425       1      16      62    16953.03       -3.438193    
    169000     422       1      16      62    16833.37       -3.597288    
    170000     430       1      16      63    17152.48       -3.708672    
    171000     404       1      16      63    16115.35       -3.628751    
    172000     399       1      16      63    15915.91       -3.489197    
    173000     394       1      16      64    15716.46       -3.597675    
    174000     439       1      16      64    17511.49       -3.510244    
    175000     408       1      16      64    16274.91       -3.642113    
    176000     437       1      16      65    17431.71       -3.733462    
    177000     415       1      16      65    16554.14       -3.469213    
    178000     418       1      16      66    16673.81       -3.629743    
    179000     423       1      16      66    16873.26       -3.569627    
    180000     416       1      16      66    16594.03       -3.606070    
    181000     408       1      16      67    16274.91       -3.542794    
    182000     426       1      16      67    16992.92       -3.603829    
    183000     402       1      16      68    16035.58       -3.578692    
    184000     403       1      16      68    16075.47       -3.458808    
    185000     438       1      16      69    17471.60       -3.614466    
    186000     422       1      16      69    16833.37       -3.601547    
    187000     406       1      16      69    16195.13       -3.351093    
    188000     437       1      16      70    17431.71       -3.475112    
    189000     427       1      16      70    17032.81       -3.628931    
    190000     432       1      16      71    17232.26       -3.435886    
    191000     398       1      16      71    15876.02       -3.593140    
    192000     425       1      16      71    16953.03       -3.534099    
    193000     431       1      16      72    17192.37       -3.297367    
    194000     402       1      16      72    16035.58       -3.490214    
    195000     398       1      16      73    15876.02       -3.549101    
    196000     433       1      16      73    17272.15       -3.636155    
    197000     438       1      16      73    17471.60       -3.525505    
    198000     404       1      16      74    16115.35       -3.517204    
    199000     417       1      16      74    16633.92       -3.666668    
    200000     429       1      16      75    17112.59       -3.568623    
    201000     440       1      16      75    17551.38       -3.613041    
    202000     417       1      16      75    16633.92       -3.468434    
    203000     401       1      16      76    15995.69       -3.462207    
    204000     431       1      16      76    17192.37       -3.380404    
    205000     415       1      16      76    16554.14       -3.480837    
    206000     419       1      16      77    16713.70       -3.390098    
    207000     394       1      16      77    15716.46       -3.607821    
    208000     428       1      16      78    17072.70       -3.401967    
    209000     431       1      16      78    17192.37       -3.505573    
    210000     420       1      16      78    16753.59       -3.523989    
    211000     412       1      16      79    16434.47       -3.495160    
    212000     398       1      16      79    15876.02       -3.566210    
    213000     434       1      16      80    17312.04       -3.572703    
    214000     423       1      16      80    16873.26       -3.444160    
    215000     396       1      16      80    15796.24       -3.560739    
    216000     414       1      16      81    16514.25       -3.351433    
    217000     400       1      16      81    15955.80       -3.613806    
    218000     402       1      16      81    16035.58       -3.524539    
    219000     439       1      16      82    17511.49       -3.543821    
    220000     408       1      16      82    16274.91       -3.609756    
    221000     428       1      16      83    17072.70       -3.577461    
    222000     438       1      16      83    17471.60       -3.621704    
    223000     393       1      16      83    15676.57       -3.496865    
    224000     418       1      17      84    16673.81       -3.562455    
    225000     422       1      17      84    16833.37       -3.668203    
    226000     423       1      17      85    16873.26       -3.501819    
    227000     435       1      17      85    17351.93       -3.708806    
    228000     422       1      17      85    16833.37       -3.595312    
    229000     463       1      17      86    18468.83       -3.531950    
    230000     428       1      17      86    17072.70       -3.523270    
    231000     425       1      17      87    16953.03       -3.560012    
    232000     445       1      17      87    17750.82       -3.590240    
    233000     417       1      16      88    16633.92       -3.563654    
    234000     394       1      16      88    15716.46       -3.496948    
    235000     416       1      16      88    16594.03       -3.473214    
    236000     397       1      16      89    15836.13       -3.378468    
    237000     409       1      16      89    16314.80       -3.505862    
    238000     425       1      16      90    16953.03       -3.630377    
    239000     415       1      16      90    16554.14       -3.590923    
    240000     435       1      16      90    17351.93       -3.657377    
    241000     432       1      16      91    17232.26       -3.469418    
    242000     398       1      16      91    15876.02       -3.534775    
    243000     410       1      16      92    16354.69       -3.571316    
    244000     404       1      16      92    16115.35       -3.482426    
    245000     432       1      16      92    17232.26       -3.649959    
    246000     432       1      16      93    17232.26       -3.446964    
    247000     405       1      16      93    16155.24       -3.560046    
    248000     427       1      17      94    17032.81       -3.465028    
    249000     440       1      17      94    17551.38       -3.466590    
    250000     456       1      17      95    18189.61       -3.541597    
    251000     426       1      17      95    16992.92       -3.566718    
    252000     431       1      17      95    17192.37       -3.510873    
    253000     418       1      17      96    16673.81       -3.394460    
    254000     463       1      17      96    18468.83       -3.715098    
    255000     458       1      17      97    18269.39       -3.624599    
    256000     443       1      17      97    17671.04       -3.591211    
    257000     424       1      16      98    16913.14       -3.719028    
    258000     417       1      16      98    16633.92       -3.433742    
    259000     423       1      16      98    16873.26       -3.647390    
    260000     417       1      16      99    16633.92       -3.426811    
    261000     401       1      16      99    15995.69       -3.537189    
    262000     435       1      17     100    17351.93       -3.610024    
    263000     416       1      17     100    16594.03       -3.569368    
    264000     419       1      17     100    16713.70       -3.480858    
    265000     440       1      17     101    17551.38       -3.596737    
    266000     445       1      17     101    17750.82       -3.703743    
    267000     408       1      16     102    16274.91       -3.418550    
    268000     405       1      16     102    16155.24       -3.479644    
    269000     425       1      16     102    16953.03       -3.470874    
    270000     426       1      16     103    16992.92       -3.406365    
    271000     394       1      16     103    15716.46       -3.404434    
    272000     431       1      16     104    17192.37       -3.646104    
    273000     417       1      16     104    16633.92       -3.560901    
    274000     430       1      16     104    17152.48       -3.583610    
    275000     408       1      16     105    16274.91       -3.599473    
    276000     434       1      16     105    17312.04       -3.633840    
    277000     400       1      16     105    15955.80       -3.446851    
    278000     412       1      16     106    16434.47       -3.550880    
    279000     430       1      16     106    17152.48       -3.620320    
    280000     403       1      16     107    16075.47       -3.537226    
    281000     397       1      16     107    15836.13       -3.517247    
    282000     404       1      16     107    16115.35       -3.528079    
    283000     417       1      16     108    16633.92       -3.664270    
    284000     397       1      16     108    15836.13       -3.333791    
    285000     425       1      16     109    16953.03       -3.488498    
    286000     424       1      16     109    16913.14       -3.463329    
    287000     406       1      16     109    16195.13       -3.437515    
    288000     419       1      16     110    16713.70       -3.447020    
    289000     437       1      16     110    17431.71       -3.612753    
    290000     426       1      16     111    16992.92       -3.444709    
    291000     409       1      16     111    16314.80       -3.567493    
    292000     437       1      17     112    17431.71       -3.528446    
    293000     417       1      17     112    16633.92       -3.580507    
    294000     423       1      17     112    16873.26       -3.532290    
    295000     436       1      17     113    17391.82       -3.506172    
    296000     453       1      17     113    18069.94       -3.385286    
    297000     419       1      17     114    16713.70       -3.550079    
    298000     418       1      17     114    16673.81       -3.640959    
    299000     434       1      17     115    17312.04       -3.510919    
    300000     418       1      17     115    16673.81       -3.447146    
    301000     427       1      17     115    17032.81       -3.463460    
    302000     407       1      16     116    16235.02       -3.479927    
    303000     440       1      16     116    17551.38       -3.529643    
    304000     420       1      16     117    16753.59       -3.558361    
    305000     407       1      16     117    16235.02       -3.450189    
    306000     423       1      16     117    16873.26       -3.544108    
    307000     392       1      16     118    15636.68       -3.538776    
    308000     425       1      16     118    16953.03       -3.486405    
    309000     408       1      16     119    16274.91       -3.473384    
    310000     431       1      16     119    17192.37       -3.491672    
    311000     386       1      15     120    15397.34       -3.607372    
    312000     385       1      15     120    15357.45       -3.476517    
    313000     406       1      15     120    16195.13       -3.496276    
    314000     388       1      15     121    15477.12       -3.456676    
    315000     379       1      15     121    15118.12       -3.601322    
    316000     412       1      15     122    16434.47       -3.442252    
    317000     391       1      15     122    15596.79       -3.520423    
    318000     386       1      15     122    15397.34       -3.450143    
    319000     376       1      15     123    14998.45       -3.497970    
    320000     403       1      15     123    16075.47       -3.498745    
    321000     396       1      15     123    15796.24       -3.702418    
    322000     377       1      15     124    15038.34       -3.581125    
    323000     414       1      15     124    16514.25       -3.528081    
    324000     369       1      15     125    14719.22       -3.412221    
    325000     392       1      15     125    15636.68       -3.448376    
    326000     375       1      15     125    14958.56       -3.400429    
    327000     380       1      15     126    15158.01       -3.398602    
    328000     381       1      15     126    15197.90       -3.429865    
    329000     401       1      15     127    15995.69       -3.447355    
    330000     377       1      15     127    15038.34       -3.469686    
    331000     383       1      15     127    15277.68       -3.363533    
    332000     412       1      15     128    16434.47       -3.517150    
    333000     406       1      15     128    16195.13       -3.655217    
    334000     393       1      15     129    15676.57       -3.551139    
    335000     401       1      15     129    15995.69       -3.530515    
    336000     388       1      15     129    15477.12       -3.484503    
    337000     379       1      15     130    15118.12       -3.571792    
    338000     384       1      15     130    15317.56       -3.629947    
    339000     408       1      15     131    16274.91       -3.458159    
    340000     376       1      15     131    14998.45       -3.493631    
    341000     376       1      15     131    14998.45       -3.482824    
    342000     387       1      15     132    15437.23       -3.331529    
    343000     391       1      15     132    15596.79       -3.542830    
    344000     368       1      15     133    14679.33       -3.471334    
    345000     375       1      15     133    14958.56       -3.485332    
    346000     376       1      15     133    14998.45       -3.440223    
    347000     404       1      15     134    16115.35       -3.529596    
    348000     389       1      15     134    15517.01       -3.339224    
    349000     409       1      15     134    16314.80       -3.496886    
    350000     369       1      15     135    14719.22       -3.454084    
    351000     388       1      15     135    15477.12       -3.603066    
    352000     413       1      15     136    16474.36       -3.446950    
    353000     380       1      15     136    15158.01       -3.457998    
    354000     395       1      15     136    15756.35       -3.502700    
    355000     400       1      15     137    15955.80       -3.548389    
    356000     367       1      15     137    14639.44       -3.555592    
    357000     385       1      15     137    15357.45       -3.497571    
    358000     371       1      15     138    14799.00       -3.405978    
    359000     370       1      15     138    14759.11       -3.467838    
    360000     414       1      15     139    16514.25       -3.475425    
    361000     405       1      15     139    16155.24       -3.536472    
    362000     374       1      15     139    14918.67       -3.551632    
    363000     381       1      15     140    15197.90       -3.643335    
    364000     406       1      15     140    16195.13       -3.610903    
    365000     415       1      15     141    16554.14       -3.530750    
    366000     378       1      15     141    15078.23       -3.439208    
    367000     373       1      15     141    14878.78       -3.606195    
    368000     354       1      14     142    14120.88       -3.547183    
    369000     344       1      14     142    13721.99       -3.329773    
    370000     386       1      14     142    15397.34       -3.280125    
    371000     363       1      14     143    14479.89       -3.393951    
    372000     367       1      14     143    14639.44       -3.299341    
    373000     386       1      14     143    15397.34       -3.248567    
    374000     390       1      14     144    15556.90       -3.486880    
    375000     355       1      14     144    14160.77       -3.357351    
    376000     390       1      14     144    15556.90       -3.460660    
    377000     350       1      14     145    13961.32       -3.353790    
    378000     387       1      14     145    15437.23       -3.556527    
    379000     354       1      14     145    14120.88       -3.346814    
    380000     376       1      14     146    14998.45       -3.388015    
    381000     368       1      14     146    14679.33       -3.346488    
    382000     345       1      14     146    13761.87       -3.409843    
    383000     373       1      14     147    14878.78       -3.548148    
    384000     381       1      14     147    15197.90       -3.597260    
    385000     377       1      14     147    15038.34       -3.434552    
    386000     363       1      14     148    14479.89       -3.397354    
    387000     356       1      14     148    14200.66       -3.234029    
    388000     373       1      14     148    14878.78       -3.356468    
    389000     387       1      14     149    15437.23       -3.594037    
    390000     359       1      14     149    14320.33       -3.365402    
    391000     380       1      14     149    15158.01       -3.463123    
    392000     343       1      14     150    13682.10       -3.363478    
    393000     362       1      14     150    14440.00       -3.462337    
    394000     383       1      14     150    15277.68       -3.345519    
    395000     365       1      14     151    14559.66       -3.502548    
    396000     376       1      14     151    14998.45       -3.585577    
    397000     386       1      14     151    15397.34       -3.497394    
    398000     375       1      14     152    14958.56       -3.592419    
    399000     385       1      14     152    15357.45       -3.444398    
    400000     350       1      14     152    13961.32       -3.390164    
    401000     356       1      14     153    14200.66       -3.401129    
    402000     386       1      14     153    15397.34       -3.459380    
    403000     373       1      14     153    14878.78       -3.384591    
    404000     362       1      14     154    14440.00       -3.481948    
    405000     356       1      14     154    14200.66       -3.435816    
    406000     354       1      14     154    14120.88       -3.471332    
    407000     357       1      14     155    14240.55       -3.391187    
    408000     373       1      14     155    14878.78       -3.563690    
    409000     386       1      14     155    15397.34       -3.557413    
    410000     354       1      14     156    14120.88       -3.257832    
    411000     366       1      14     156    14599.55       -3.437224    
    412000     385       1      14     156    15357.45       -3.574983    
    413000     369       1      14     157    14719.22       -3.576502    
    414000     348       1      14     157    13881.54       -3.348525    
    415000     367       1      14     157    14639.44       -3.568093    
    416000     388       1      15     158    15477.12       -3.474395    
    417000     396       1      15     158    15796.24       -3.485965    
    418000     401       1      15     159    15995.69       -3.496554    
    419000     374       1      15     159    14918.67       -3.435605    
    420000     372       1      15     159    14838.89       -3.315984    
    421000     410       1      15     160    16354.69       -3.591741    
    422000     381       1      15     160    15197.90       -3.492825    
    423000     397       1      15     161    15836.13       -3.567471    
    424000     374       1      15     161    14918.67       -3.373803    
    425000     374       1      15     161    14918.67       -3.471072    
    426000     395       1      15     162    15756.35       -3.525541    
    427000     414       1      15     162    16514.25       -3.646898    
    428000     410       1      15     162    16354.69       -3.549409    
    429000     415       1      15     163    16554.14       -3.491574    
    430000     385       1      15     163    15357.45       -3.475720    
    431000     375       1      15     163    14958.56       -3.602680    
    432000     389       1      14     164    15517.01       -3.547199    
    433000     355       1      14     164    14160.77       -3.303883    
    434000     361       1      14     164    14400.11       -3.540606    
    435000     358       1      14     165    14280.44       -3.366118    
    436000     348       1      14     165    13881.54       -3.361359    
    437000     382       1      14     165    15237.79       -3.353209    
    438000     347       1      14     166    13841.65       -3.432335    
    439000     376       1      14     166    14998.45       -3.542444    
    440000     360       1      14     166    14360.22       -3.601976    
    441000     388       1      14     167    15477.12       -3.448152    
    442000     348       1      14     167    13881.54       -3.220973    
    443000     390       1      14     167    15556.90       -3.516639    
    444000     365       1      14     168    14559.66       -3.469847    
    445000     352       1      14     168    14041.10       -3.562781    
    446000     361       1      14     169    14400.11       -3.659870    
    447000     348       1      14     169    13881.54       -3.469703    
    448000     367       1      14     169    14639.44       -3.512252    
    449000     375       1      15     170    14958.56       -3.494758    
    450000     396       1      15     170    15796.24       -3.569040    
    451000     406       1      15     170    16195.13       -3.481739    
    452000     376       1      15     171    14998.45       -3.550730    
    453000     408       1      15     171    16274.91       -3.588679    
    454000     376       1      15     171    14998.45       -3.272738    
    455000     368       1      15     172    14679.33       -3.434358    
    456000     402       1      15     172    16035.58       -3.545180    
    457000     375       1      15     173    14958.56       -3.517949    
    458000     409       1      15     173    16314.80       -3.521382    
    459000     383       1      15     173    15277.68       -3.580908    
    460000     430       1      16     174    17152.48       -3.549884    
    461000     424       1      16     174    16913.14       -3.580613    
    462000     438       1      16     175    17471.60       -3.670909    
    463000     435       1      16     175    17351.93       -3.591734    
    464000     411       1      16     175    16394.58       -3.470601    
    465000     402       1      15     176    16035.58       -3.477183    
    466000     404       1      15     176    16115.35       -3.379737    
    467000     399       1      15     177    15915.91       -3.613041    
    468000     405       1      15     177    16155.24       -3.486535    
    469000     374       1      15     177    14918.67       -3.579106    
    470000     398       1      15     178    15876.02       -3.490867    
    471000     389       1      15     178    15517.01       -3.540495    
    472000     394       1      15     179    15716.46       -3.466710    
    473000     403       1      15     179    16075.47       -3.535963    
    474000     414       1      15     179    16514.25       -3.514330    
    475000     389       1      15     180    15517.01       -3.399720    
    476000     375       1      15     180    14958.56       -3.538216    
    477000     393       1      15     180    15676.57       -3.593231    
    478000     401       1      15     181    15995.69       -3.381713    
    479000     408       1      15     181    16274.91       -3.492085    
    480000     399       1      15     182    15915.91       -3.460613    
    481000     388       1      15     182    15477.12       -3.480281    
    482000     383       1      15     182    15277.68       -3.417578    
    483000     397       1      15     183    15836.13       -3.401614    
    484000     371       1      15     183    14799.00       -3.634421    
    485000     388       1      15     183    15477.12       -3.459977    
    486000     345       1      14     184    13761.87       -3.435245    
    487000     387       1      14     184    15437.23       -3.520142    
    488000     388       1      14     184    15477.12       -3.502250    
    489000     360       1      14     185    14360.22       -3.361915    
    490000     362       1      14     185    14440.00       -3.623009    
    491000     350       1      14     185    13961.32       -3.569833    
    492000     352       1      14     186    14041.10       -3.394005    
    493000     376       1      14     186    14998.45       -3.641584    
    494000     369       1      14     186    14719.22       -3.351639    
    495000     359       1      14     187    14320.33       -3.542044    
    496000     344       1      14     187    13721.99       -3.386912    
    497000     364       1      14     187    14519.78       -3.529414    
    498000     395       1      15     188    15756.35       -3.404496    
    499000     389       1      15     188    15517.01       -3.685407    
    500000     408       1      15     188    16274.91       -3.523850    
    501000     371       1      15     189    14799.00       -3.467811    
    502000     391       1      15     189    15596.79       -3.524590    
    503000     382       1      15     189    15237.79       -3.566991    
    504000     389       1      15     190    15517.01       -3.507221    
    505000     400       1      15     190    15955.80       -3.617489    
    506000     373       1      15     191    14878.78       -3.469112    
    507000     409       1      15     191    16314.80       -3.523471    
    508000     385       1      15     191    15357.45       -3.505517    
    509000     391       1      14     192    15596.79       -3.487499    
    510000     350       1      14     192    13961.32       -3.457836    
    511000     386       1      14     192    15397.34       -3.440423    
    512000     386       1      14     193    15397.34       -3.475436    
    513000     360       1      14     193    14360.22       -3.536011    
    514000     346       1      14     193    13801.76       -3.361146    
    515000     374       1      14     194    14918.67       -3.529422    
    516000     349       1      14     194    13921.43       -3.301698    
    517000     369       1      14     194    14719.22       -3.501372    
    518000     384       1      14     195    15317.56       -3.303530    
    519000     381       1      14     195    15197.90       -3.520756    
    520000     365       1      14     195    14559.66       -3.376478    
    521000     384       1      14     196    15317.56       -3.483026    
    522000     383       1      14     196    15277.68       -3.338419    
    523000     373       1      14     196    14878.78       -3.443717    
    524000     349       1      14     197    13921.43       -3.392015    
    525000     357       1      14     197    14240.55       -3.290759    
    526000     391       1      14     197    15596.79       -3.476881    
    527000     385       1      15     198    15357.45       -3.555898    
    528000     370       1      15     198    14759.11       -3.446867    
    529000     375       1      15     198    14958.56       -3.450912    
    530000     399       1      15     199    15915.91       -3.504511    
    531000     390       1      15     199    15556.90       -3.364892    
    532000     373       1      15     199    14878.78       -3.539186    
    533000     437       1      16     200    17431.71       -3.572327    
    534000     418       1      16     200    16673.81       -3.485704    
    535000     404       1      16     200    16115.35       -3.609503    
    536000     418       1      16     201    16673.81       -3.431045    
    537000     433       1      16     201    17272.15       -3.362265    
    538000     440       1      16     202    17551.38       -3.441072    
    539000     405       1      16     202    16155.24       -3.478128    
    540000     412       1      16     202    16434.47       -3.532218    
    541000     418       1      16     203    16673.81       -3.420831    
    542000     416       1      16     203    16594.03       -3.446039    
    543000     398       1      16     203    15876.02       -3.601763    
    544000     443       1      17     204    17671.04       -3.488484    
    545000     441       1      17     204    17591.27       -3.527316    
    546000     448       1      17     205    17870.49       -3.517520    
    547000     445       1      17     205    17750.82       -3.601931    
    548000     433       1      17     205    17272.15       -3.512539    
    549000     421       1      17     206    16793.48       -3.526686    
    550000     421       1      17     206    16793.48       -3.407193    
    551000     459       1      17     207    18309.28       -3.571476    
    552000     417       1      17     207    16633.92       -3.534712    
    553000     457       1      17     208    18229.50       -3.536604    
    554000     423       1      17     208    16873.26       -3.515160    
    555000     436       1      17     209    17391.82       -3.439760    
    556000     426       1      17     209    16992.92       -3.562977    
    557000     437       1      17     209    17431.71       -3.572217    
    558000     458       1      17     210    18269.39       -3.564059    
    559000     456       1      17     210    18189.61       -3.628362    
    560000     436       1      17     211    17391.82       -3.446196    
    561000     427       1      17     211    17032.81       -3.593957    
    562000     420       1      17     211    16753.59       -3.555043    
    563000     418       1      16     212    16673.81       -3.571440    
    564000     393       1      16     212    15676.57       -3.274360    
    565000     396       1      16     213    15796.24       -3.480408    
    566000     410       1      16     213    16354.69       -3.492402    
    567000     401       1      16     213    15995.69       -3.666529    
    568000     440       1      16     214    17551.38       -3.521358    
    569000     416       1      16     214    16594.03       -3.550260    
    570000     427       1      16     214    17032.81       -3.618781    
    571000     424       1      16     215    16913.14       -3.561897    
    572000     413       1      16     215    16474.36       -3.448179    
    573000     410       1      15     216    16354.69       -3.578652    
    574000     408       1      15     216    16274.91       -3.598574    
    575000     398       1      15     216    15876.02       -3.482283    
    576000     404       1      15     217    16115.35       -3.560662    
    577000     413       1      15     217    16474.36       -3.592543    
    578000     405       1      15     218    16155.24       -3.559695    
    579000     369       1      15     218    14719.22       -3.553520    
    580000     398       1      15     218    15876.02       -3.558117    
    581000     411       1      15     219    16394.58       -3.572430    
    582000     372       1      15     219    14838.89       -3.447601    
    583000     379       1      14     220    15118.12       -3.411875    
    584000     372       1      14     220    14838.89       -3.417098    
    585000     387       1      14     220    15437.23       -3.463953    
    586000     377       1      14     221    15038.34       -3.424337    
    587000     345       1      14     221    13761.87       -3.368100    
    588000     371       1      14     221    14799.00       -3.539414    
    589000     379       1      14     222    15118.12       -3.587781    
    590000     373       1      14     222    14878.78       -3.496543    
    591000     356       1      14     223    14200.66       -3.508199    
    592000     384       1      14     223    15317.56       -3.577092    
    593000     381       1      14     223    15197.90       -3.531520    
    594000     377       1      14     224    15038.34       -3.311557    
    595000     369       1      14     224    14719.22       -3.351462    
    596000     355       1      14     225    14160.77       -3.584123    
    597000     374       1      14     225    14918.67       -3.446623    
    598000     352       1      14     225    14041.10       -3.457892    
    599000     367       1      14     226    14639.44       -3.458696    
    600000     359       1      14     226    14320.33       -3.442989    
    601000     371       1      14     226    14799.00       -3.466454    
    602000     366       1      14     227    14599.55       -3.461898    
    603000     369       1      14     227    14719.22       -3.458369    
    604000     352       1      14     228    14041.10       -3.373304    
    605000     359       1      14     228    14320.33       -3.299277    
    606000     353       1      14     228    14080.99       -3.504398    
    607000     356       1      14     229    14200.66       -3.246589    
    608000     370       1      14     229    14759.11       -3.508127    
    609000     357       1      14     229    14240.55       -3.430812    
    610000     389       1      14     230    15517.01       -3.601200    
    611000     355       1      14     230    14160.77       -3.398805    
    612000     373       1      14     231    14878.78       -3.410854    
    613000     346       1      14     231    13801.76       -3.461083    
    614000     346       1      14     231    13801.76       -3.494918    
    615000     346       1      14     232    13801.76       -3.462214    
    616000     343       1      14     232    13682.10       -3.413946    
    617000     384       1      14     232    15317.56       -3.509408    
    618000     386       1      14     233    15397.34       -3.616944    
    619000     347       1      14     233    13841.65       -3.296008    
    620000     373       1      14     234    14878.78       -3.431582    
    621000     358       1      14     234    14280.44       -3.391828    
    622000     345       1      14     234    13761.87       -3.508951    
    623000     383       1      14     235    15277.68       -3.450803    
    624000     391       1      14     235    15596.79       -3.403554    
    625000     378       1      14     235    15078.23       -3.467979    
    626000     359       1      14     236    14320.33       -3.411606    
    627000     373       1      14     236    14878.78       -3.380916    
    628000     382       1      14     237    15237.79       -3.427259    
    629000     355       1      14     237    14160.77       -3.480538    
    630000     370       1      14     237    14759.11       -3.592507    
    631000     409       1      15     238    16314.80       -3.537130    
    632000     400       1      15     238    15955.80       -3.603248    
    633000     376       1      15     239    14998.45       -3.417990    
    634000     375       1      15     239    14958.56       -3.473357    
    635000     406       1      15     239    16195.13       -3.564018    
    636000     367       1      15     240    14639.44       -3.363233    
    637000     375       1      15     240    14958.56       -3.434979    
    638000     413       1      15     240    16474.36       -3.493308    
    639000     391       1      15     241    15596.79       -3.594047    
    640000     374       1      15     241    14918.67       -3.496154    
    641000     386       1      15     242    15397.34       -3.463964    
    642000     379       1      15     242    15118.12       -3.555276    
    643000     407       1      15     242    16235.02       -3.456292    
    644000     397       1      15     243    15836.13       -3.618245    
    645000     375       1      15     243    14958.56       -3.311371    
    646000     372       1      15     243    14838.89       -3.339445    
    647000     397       1      15     244    15836.13       -3.546058    
    648000     393       1      15     244    15676.57       -3.355474    
    649000     367       1      15     245    14639.44       -3.416424    
    650000     400       1      15     245    15955.80       -3.526770    
    651000     415       1      15     245    16554.14       -3.529206    
    652000     412       1      15     246    16434.47       -3.476276    
    653000     389       1      15     246    15517.01       -3.424595    
    654000     388       1      15     246    15477.12       -3.623492    
    655000     404       1      15     247    16115.35       -3.560916    
    656000     367       1      15     247    14639.44       -3.646303    
    657000     390       1      15     248    15556.90       -3.463368    
    658000     380       1      15     248    15158.01       -3.546103    
    659000     385       1      15     248    15357.45       -3.436751    
    660000     399       1      15     249    15915.91       -3.679998    
    661000     408       1      15     249    16274.91       -3.415916    
    662000     380       1      15     249    15158.01       -3.342944    
    663000     363       1      14     250    14479.89       -3.561277    
    664000     355       1      14     250    14160.77       -3.305725    
    665000     387       1      14     251    15437.23       -3.494568    
    666000     381       1      14     251    15197.90       -3.475499    
    667000     361       1      14     251    14400.11       -3.458318    
    668000     392       1      15     252    15636.68       -3.548328    
    669000     411       1      15     252    16394.58       -3.573440    
    670000     397       1      15     252    15836.13       -3.434515    
    671000     414       1      15     253    16514.25       -3.554163    
    672000     375       1      15     253    14958.56       -3.550072    
    673000     395       1      15     254    15756.35       -3.510373    
    674000     374       1      15     254    14918.67       -3.499369    
    675000     391       1      15     254    15596.79       -3.512605    
    676000     414       1      15     255    16514.25       -3.618866    
    677000     387       1      15     255    15437.23       -3.485205    
    678000     405       1      15     256    16155.24       -3.435490    
    679000     397       1      15     256    15836.13       -3.430433    
    680000     392       1      15     256    15636.68       -3.496293    
    681000     403       1      15     257    16075.47       -3.464570    
    682000     396       1      15     257    15796.24       -3.567767    
    683000     371       1      15     258    14799.00       -3.467766    
    684000     391       1      15     258    15596.79       -3.468972    
    685000     403       1      15     258    16075.47       -3.615798    
    686000     405       1      15     259    16155.24       -3.668883    
    687000     403       1      15     259    16075.47       -3.547336    
    688000     405       1      15     259    16155.24       -3.430487    
    689000     393       1      15     260    15676.57       -3.414658    
    690000     378       1      15     260    15078.23       -3.548166    
    691000     400       1      15     261    15955.80       -3.388823    
    692000     377       1      15     261    15038.34       -3.465195    
    693000     367       1      15     261    14639.44       -3.322057    
    694000     409       1      15     262    16314.80       -3.593305    
    695000     405       1      15     262    16155.24       -3.520831    
    696000     409       1      15     263    16314.80       -3.525611    
    697000     409       1      15     263    16314.80       -3.554854    
    698000     395       1      15     263    15756.35       -3.531243    
    699000     412       1      15     264    16434.47       -3.679512    
    700000     407       1      15     264    16235.02       -3.528507    
    701000     393       1      15     265    15676.57       -3.719152    
    702000     398       1      15     265    15876.02       -3.614828    
    703000     396       1      15     265    15796.24       -3.549469    
    704000     382       1      15     266    15237.79       -3.483053    
    705000     406       1      15     266    16195.13       -3.632843    
    706000     381       1      15     267    15197.90       -3.452791    
    707000     401       1      15     267    15995.69       -3.569340    
    708000     377       1      15     267    15038.34       -3.497917    
    709000     384       1      14     268    15317.56       -3.504927    
    710000     358       1      14     268    14280.44       -3.455876    
    711000     350       1      14     268    13961.32       -3.403884    
    712000     346       1      14     269    13801.76       -3.474359    
    713000     376       1      14     269    14998.45       -3.561901    
    714000     376       1      14     270    14998.45       -3.451159    
    715000     345       1      14     270    13761.87       -3.516559    
    716000     384       1      14     270    15317.56       -3.422196    
    717000     359       1      14     271    14320.33       -3.434039    
    718000     371       1      14     271    14799.00       -3.398040    
    719000     366       1      14     272    14599.55       -3.544722    
    720000     373       1      14     272    14878.78       -3.536139    
    721000     371       1      14     272    14799.00       -3.271161    
    722000     357       1      14     273    14240.55       -3.395178    
    723000     385       1      14     273    15357.45       -3.476481    
    724000     360       1      14     273    14360.22       -3.378941    
    725000     376       1      14     274    14998.45       -3.509892    
    726000     346       1      14     274    13801.76       -3.269660    
    727000     371       1      14     274    14799.00       -3.476858    
    728000     383       1      14     275    15277.68       -3.532270    
    729000     361       1      14     275    14400.11       -3.304906    
    730000     359       1      14     275    14320.33       -3.474671    
    731000     390       1      14     276    15556.90       -3.465079    
    732000     375       1      14     276    14958.56       -3.440926    
    733000     373       1      14     276    14878.78       -3.565539    
    734000     345       1      14     277    13761.87       -3.465738    
    735000     368       1      14     277    14679.33       -3.410831    
    736000     380       1      14     277    15158.01       -3.406103    
    737000     338       1      13     278    13482.65       -3.378079    
    738000     322       1      13     278    12844.42       -3.294942    
    739000     333       1      13     278    13283.20       -3.319311    
    740000     343       1      13     278    13682.10       -3.311820    
    741000     365       1      13     279    14559.66       -3.489696    
    742000     335       1      13     279    13362.98       -3.371171    
    743000     363       1      13     279    14479.89       -3.376014    
    744000     341       1      13     280    13602.32       -3.366722    
    745000     353       1      13     280    14080.99       -3.346384    
    746000     348       1      13     280    13881.54       -3.399409    
    747000     362       1      13     281    14440.00       -3.368596    
    748000     361       1      13     281    14400.11       -3.300576    
    749000     341       1      13     281    13602.32       -3.398211    
    750000     362       1      13     282    14440.00       -3.370751    
    751000     326       1      13     282    13003.97       -3.592366    
    752000     338       1      13     282    13482.65       -3.290918    
    753000     325       1      13     283    12964.08       -3.377730    
    754000     350       1      13     283    13961.32       -3.372779    
    755000     330       1      13     283    13163.53       -3.228832    
    756000     347       1      13     284    13841.65       -3.482642    
    757000     356       1      13     284    14200.66       -3.480756    
    758000     325       1      13     284    12964.08       -3.246195    
    759000     341       1      13     285    13602.32       -3.355944    
    760000     357       1      13     285    14240.55       -3.475825    
    761000     355       1      13     285    14160.77       -3.301327    
    762000     361       1      13     286    14400.11       -3.498654    
    763000     341       1      13     286    13602.32       -3.426655    
    764000     350       1      13     286    13961.32       -3.435536    
    765000     328       1      13     287    13083.75       -3.243790    
    766000     366       1      13     287    14599.55       -3.184699    
    767000     339       1      13     287    13522.54       -3.352218    
    768000     294       1      12     288    11727.51       -3.246338    
    769000     340       1      12     288    13562.43       -3.310658    
    770000     322       1      12     288    12844.42       -3.431922    
    771000     318       1      12     289    12684.86       -3.424314    
    772000     330       1      12     289    13163.53       -3.392927    
    773000     318       1      12     289    12684.86       -3.336362    
    774000     314       1      12     290    12525.30       -3.219734    
    775000     326       1      12     290    13003.97       -3.167397    
    776000     309       1      12     290    12325.85       -3.292661    
    777000     325       1      12     290    12964.08       -3.227371    
    778000     301       1      12     291    12006.74       -3.033866    
    779000     319       1      12     291    12724.75       -3.191420    
    780000     338       1      12     291    13482.65       -3.223453    
    781000     334       1      12     292    13323.09       -3.500353    
    782000     301       1      12     292    12006.74       -3.238516    
    783000     310       1      12     292    12365.74       -3.498623    
    784000     295       1      12     293    11767.40       -3.225958    
    785000     339       1      12     293    13522.54       -3.406938    
    786000     330       1      12     293    13163.53       -3.231473    
    787000     332       1      12     293    13243.31       -3.383435    
    788000     311       1      12     294    12405.63       -3.591684    
    789000     298       1      12     294    11887.07       -3.184053    
    790000     295       1      12     294    11767.40       -3.167588    
    791000     296       1      12     295    11807.29       -3.281539    
    792000     296       1      12     295    11807.29       -3.224942    
    793000     334       1      12     295    13323.09       -3.232273    
    794000     324       1      12     295    12924.20       -3.347163    
    795000     307       1      12     296    12246.07       -3.451831    
    796000     315       1      12     296    12565.19       -3.253157    
    797000     326       1      12     296    13003.97       -3.296078    
    798000     330       1      12     297    13163.53       -3.412411    
    799000     332       1      12     297    13243.31       -3.312347    
    800000     298       1      12     297    11887.07       -3.263807    
    801000     325       1      12     298    12964.08       -3.260929    
    802000     341       1      12     298    13602.32       -3.377364    
    803000     338       1      12     298    13482.65       -3.254057    
    804000     306       1      12     298    12206.18       -3.404445    
    805000     320       1      12     299    12764.64       -3.328857    
    806000     328       1      12     299    13083.75       -3.263071    
    807000     316       1      12     299    12605.08       -3.114636    
    808000     304       1      12     300    12126.41       -3.324909    
    809000     305       1      12     300    12166.30       -3.217154    
    810000     298       1      12     300    11887.07       -3.257083    
    811000     340       1      12     300    13562.43       -3.350436    
    812000     338       1      12     301    13482.65       -3.511546    
    813000     319       1      12     301    12724.75       -3.280099    
    814000     337       1      12     301    13442.76       -3.317363    
    815000     341       1      12     302    13602.32       -3.473502    
    816000     310       1      12     302    12365.74       -3.350865    
    817000     336       1      12     302    13402.87       -3.277403    
    818000     327       1      12     303    13043.86       -3.422661    
    819000     318       1      12     303    12684.86       -3.349111    
    820000     332       1      12     303    13243.31       -3.423684    
    821000     286       1      11     304    11408.39       -3.142571    
    822000     286       1      11     304    11408.39       -3.002778    
    823000     279       1      11     304    11129.17       -3.276361    
    824000     284       1      11     305    11328.62       -3.355049    
    825000     304       1      11     305    12126.41       -3.121460    
    826000     294       1      11     305    11727.51       -3.122463    
    827000     300       1      11     305    11966.85       -3.284632    
    828000     306       1      11     306    12206.18       -3.317195    
    829000     284       1      11     306    11328.62       -3.157354    
    830000     298       1      11     306    11887.07       -3.304111    
    831000     310       1      11     307    12365.74       -3.386158    
    832000     316       1      11     307    12605.08       -3.468037    
    833000     298       1      11     307    11887.07       -3.362639    
    834000     293       1      11     308    11687.62       -3.185396    
    835000     309       1      11     308    12325.85       -3.335207    
    836000     279       1      11     308    11129.17       -3.268673    
    837000     269       1      11     308    10730.27       -3.235345    
    838000     312       1      11     309    12445.52       -3.189128    
    839000     312       1      11     309    12445.52       -3.237019    
    840000     311       1      11     309    12405.63       -3.317036    
    841000     275       1      11     310    10969.61       -3.276128    
    842000     291       1      11     310    11607.84       -3.249687    
    843000     281       1      11     310    11208.95       -3.173109    
    844000     304       1      11     311    12126.41       -3.170944    
    845000     277       1      11     311    11049.39       -3.226081    
    846000     300       1      11     311    11966.85       -3.299090    
    847000     271       1      11     311    10810.05       -3.175109    
    848000     290       1      11     312    11567.95       -3.256266    
    849000     282       1      11     312    11248.84       -2.939857    
    850000     292       1      11     312    11647.73       -3.141724    
    851000     295       1      11     313    11767.40       -3.382800    
    852000     279       1      11     313    11129.17       -3.133116    
    853000     301       1      11     313    12006.74       -3.122660    
    854000     270       1      11     313    10770.16       -3.069529    
    855000     283       1      11     314    11288.73       -3.028436    
    856000     299       1      11     314    11926.96       -3.240887    
    857000     288       1      11     314    11488.17       -3.025097    
    858000     271       1      11     314    10810.05       -3.224448    
    859000     316       1      11     315    12605.08       -3.395343    
    860000     290       1      11     315    11567.95       -3.259370    
    861000     284       1      11     315    11328.62       -3.279977    
    862000     296       1      11     316    11807.29       -3.223394    
    863000     284       1      11     316    11328.62       -3.327495    
    864000     270       1      11     316    10770.16       -3.203636    
    865000     290       1      11     316    11567.95       -3.221448    
    866000     303       1      11     317    12086.52       -3.308100    
    867000     298       1      11     317    11887.07       -3.308630    
    868000     296       1      11     317    11807.29       -3.351336    
    869000     308       1      11     318    12285.96       -3.278193    
    870000     313       1      11     318    12485.41       -3.429104    
    871000     300       1      11     318    11966.85       -3.161180    
    872000     275       1      11     318    10969.61       -3.215212    
    873000     299       1      11     319    11926.96       -3.319800    
    874000     293       1      11     319    11687.62       -3.064536    
    875000     302       1      11     319    12046.63       -3.306325    
    876000     283       1      11     320    11288.73       -3.169560    
    877000     316       1      11     320    12605.08       -3.500038    
    878000     309       1      11     320    12325.85       -3.184363    
    879000     296       1      11     321    11807.29       -3.450655    
    880000     297       1      11     321    11847.18       -3.179726    
    881000     285       1      11     321    11368.51       -3.056751    
    882000     291       1      11     321    11607.84       -3.084834    
    883000     274       1      11     322    10929.72       -3.094673    
    884000     290       1      11     322    11567.95       -3.431592    
    885000     317       1      11     322    12644.97       -3.325709    
    886000     276       1      11     322    11009.50       -3.101652    
    887000     285       1      11     323    11368.51       -3.066717    
    888000     273       1      11     323    10889.83       -3.031485    
    889000     307       1      11     323    12246.07       -3.121548    
    890000     279       1      11     324    11129.17       -3.056085    
    891000     271       1      11     324    10810.05       -3.109606    
    892000     314       1      11     324    12525.30       -3.181007    
    893000     301       1      11     324    12006.74       -3.333384    
    894000     290       1      11     325    11567.95       -3.155057    
    895000     284       1      11     325    11328.62       -3.306174    
    896000     313       1      11     325    12485.41       -3.255056    
    897000     271       1      11     325    10810.05       -3.129708    
    898000     302       1      11     326    12046.63       -3.266472    
    899000     306       1      11     326    12206.18       -3.284910    
    900000     304       1      11     326    12126.41       -3.263739    
    901000     290       1      11     327    11567.95       -3.056617    
    902000     295       1      11     327    11767.40       -3.090533    
    903000     295       1      11     327    11767.40       -3.182879    
    904000     306       1      11     327    12206.18       -3.253354    
    905000     297       1      11     328    11847.18       -3.070273    
    906000     299       1      11     328    11926.96       -3.340896    
    907000     303       1      11     328    12086.52       -3.150709    
    908000     304       1      11     328    12126.41       -3.340313    
    909000     311       1      11     329    12405.63       -3.352382    
    910000     286       1      11     329    11408.39       -3.357248    
    911000     280       1      11     329    11169.06       -3.287594    
    912000     295       1      12     330    11767.40       -3.339414    
    913000     322       1      12     330    12844.42       -3.370053    
    914000     299       1      12     330    11926.96       -3.330087    
    915000     318       1      12     330    12684.86       -3.294326    
    916000     299       1      12     331    11926.96       -3.256351    
    917000     340       1      12     331    13562.43       -3.509877    
    918000     319       1      12     331    12724.75       -3.323175    
    919000     316       1      12     332    12605.08       -3.342061    
    920000     325       1      12     332    12964.08       -3.249082    
    921000     296       1      12     332    11807.29       -3.106267    
    922000     339       1      12     332    13522.54       -3.245424    
    923000     297       1      12     333    11847.18       -3.308067    
    924000     333       1      12     333    13283.20       -3.260807    
    925000     311       1      12     333    12405.63       -3.260565    
    926000     316       1      12     334    12605.08       -3.328140    
    927000     295       1      12     334    11767.40       -3.140533    
    928000     316       1      12     334    12605.08       -3.379946    
    929000     338       1      12     334    13482.65       -3.310635    
    930000     301       1      12     335    12006.74       -3.319576    
    931000     336       1      12     335    13402.87       -3.393124    
    932000     338       1      12     335    13482.65       -3.432943    
    933000     274       1      11     336    10929.72       -3.041298    
    934000     304       1      11     336    12126.41       -3.312147    
    935000     315       1      11     336    12565.19       -3.377396    
    936000     313       1      11     336    12485.41       -3.325515    
    937000     282       1      11     337    11248.84       -2.987485    
    938000     311       1      11     337    12405.63       -3.136459    
    939000     316       1      11     337    12605.08       -3.358651    
    940000     287       1      10     338    11448.28       -3.156614    
    941000     273       1      10     338    10889.83       -3.010808    
    942000     273       1      10     338    10889.83       -3.132370    
    943000     272       1      10     338    10849.94       -3.059737    
    944000     262       1      10     339    10451.05       -3.018369    
    945000     264       1      10     339    10530.83       -3.007762    
    946000     246       1      10     339    9812.815       -2.914957    
    947000     248       1      10     339    9892.594       -3.036866    
    948000     259       1      10     339    10331.38       -3.128207    
    949000     257       1      10     340    10251.60       -3.035555    
    950000     281       1      10     340    11208.95       -3.121527    
    951000     270       1      10     340    10770.16       -3.051098    
    952000     293       1      10     340    11687.62       -3.200344    
    953000     287       1      10     341    11448.28       -3.183685    
    954000     252       1      10     341    10052.15       -3.080664    
    955000     249       1      10     341    9932.483       -2.935116    
    956000     252       1      10     341    10052.15       -3.009109    
    957000     246       1       9     342    9812.815       -3.120112    
    958000     244       1       9     342    9733.036       -2.939687    
    959000     253       1       9     342    10092.04       -3.020374    
    960000     267       1       9     342    10650.49       -3.187619    
    961000     227       1       9     343    9054.915       -2.615313    
    962000     245       1       9     343    9772.926       -2.961771    
    963000     238       1       9     343    9493.699       -3.215321    
    964000     263       1       9     343    10490.94       -3.003439    
    965000     260       1       9     343    10371.27       -3.176661    
    966000     229       1       9     344    9134.694       -2.785468    
    967000     225       1       9     344    8975.136       -2.744060    
    968000     247       1       9     344    9852.704       -2.860628    
    969000     227       1       9     344    9054.915       -2.883842    
    970000     220       1       9     345    8775.688       -3.045609    
    971000     246       1       9     345    9812.815       -3.071625    
    972000     226       1       9     345    9015.025       -3.038456    
    973000     250       1       9     345    9972.373       -3.051127    
    974000     240       1       9     345    9573.478       -2.992226    
    975000     247       1       9     346    9852.704       -2.848088    
    976000     244       1       9     346    9733.036       -2.707876    
    977000     233       1       9     346    9294.252       -2.871516    
    978000     234       1       9     346    9334.141       -3.097309    
    979000     259       1       9     347    10331.38       -3.073434    
    980000     264       1       9     347    10530.83       -3.004988    
    981000     255       1       9     347    10171.82       -3.085248    
    982000     241       1       9     347    9613.368       -2.990807    
    983000     243       1       9     347    9693.147       -3.018957    
    984000     267       1       9     348    10650.49       -2.999136    
    985000     242       1       9     348    9653.257       -2.827722    
    986000     237       1       9     348    9453.810       -3.053240    
    987000     260       1       9     348    10371.27       -3.118356    
    988000     255       1       9     348    10171.82       -3.223528    
    989000     267       1       9     349    10650.49       -3.109776    
    990000     238       1       9     349    9493.699       -2.631169    
    991000     226       1       9     349    9015.025       -2.726196    
    992000     234       1       9     349    9334.141       -2.855768    
    993000     233       1       8     350    9294.252       -3.014666    
    994000     243       1       8     350    9693.147       -2.852801    
    995000     220       1       8     350    8775.688       -2.893328    
    996000     206       1       8     350    8217.235       -2.771188    
    997000     229       1       8     350    9134.694       -3.066962    
    998000     223       1       8     351    8895.357       -2.669547    
    999000     205       1       8     351    8177.346       -2.778999    
   1000000     235       1       8     351    9374.031       -2.968452    
   1001000     209       1       8     351    8336.904       -2.959642    
   1002000     210       1       8     351    8376.793       -2.693848    
   1003000     206       1       8     352    8217.235       -2.639306    
   1004000     232       1       8     352    9254.362       -3.073937    
   1005000     227       1       8     352    9054.915       -2.958244    
   1006000     217       1       8     352    8656.020       -2.908947    
   1007000     233       1       8     352    9294.252       -3.032829    
   1008000     235       1       8     353    9374.031       -2.858457    
   1009000     203       1       8     353    8097.567       -2.787713    
   1010000     214       1       8     353    8536.351       -2.971658    
   1011000     210       1       8     353    8376.793       -2.754005    
   1012000     200       1       8     354    7977.898       -2.730237    
   1013000     221       1       8     354    8815.578       -2.916167    
   1014000     229       1       8     354    9134.694       -2.829367    
   1015000     212       1       8     354    8456.572       -2.722025    
   1016000     230       1       8     354    9174.583       -3.021927    
   1017000     241       1       8     355    9613.368       -2.955841    
   1018000     230       1       8     355    9174.583       -2.903579    
   1019000     243       1       8     355    9693.147       -2.974783    
   1020000     238       1       8     355    9493.699       -3.067380    
   1021000     221       1       8     355    8815.578       -2.898857    
   1022000     226       1       8     356    9015.025       -2.800782    
   1023000     213       1       8     356    8496.462       -2.591906    
   1024000     236       1       8     356    9413.920       -2.887903    
   1025000     197       1       8     356    7858.230       -2.624989    
   1026000     207       1       8     356    8257.125       -2.793068    
   1027000     238       1       8     357    9493.699       -2.982787    
   1028000     200       1       8     357    7977.898       -2.792981    
   1029000     237       1       8     357    9453.810       -2.902628    
   1030000     238       1       8     357    9493.699       -2.886215    
   1031000     197       1       8     357    7858.230       -2.938265    
   1032000     220       1       8     358    8775.688       -2.746798    
   1033000     208       1       8     358    8297.014       -2.563656    
   1034000     210       1       8     358    8376.793       -2.709632    
   1035000     211       1       8     358    8416.683       -2.760662    
   1036000     207       1       8     358    8257.125       -2.502058    
   1037000     219       1       8     359    8735.799       -2.961519    
   1038000     228       1       8     359    9094.804       -3.021928    
   1039000     202       1       8     359    8057.677       -2.676885    
   1040000     237       1       8     359    9453.810       -2.807128    
